2885 6654
2885 6655
2885 2549
2066 6776
2066 6777
2066 25759
2066 399694
2066 53358
2066 6464
2066 2885
2066 5290
2066 5291
2066 5293
2066 5295
2066 5296
2066 8503
2065 5290
2065 5291
2065 5293
2065 5295
2065 5296
2065 8503
2065 25759
2065 399694
2065 53358
2065 6464
2065 2885
2064 25759
2064 399694
2064 53358
2064 6464
2064 2885
2064 5290
2064 5291
2064 5293
2064 5295
2064 5296
2064 8503
1956 25759
1956 399694
1956 53358
1956 6464
1956 5335
1956 5336
1956 6776
1956 6777
1956 1398
1956 1399
1956 6714
1956 2885
1956 867
1956 868
1956 4690
1956 8440
2475 6198
2475 6199
2475 1978
10298 5609
10298 6416
106821730 5609
106821730 6416
5058 5609
5058 6416
5062 5609
5062 6416
5063 5609
5063 6416
56924 5609
56924 6416
57144 5609
57144 6416
4690 10298
4690 106821730
4690 5058
4690 5062
4690 5063
4690 56924
4690 57144
8440 10298
8440 106821730
8440 5058
8440 5062
8440 5063
8440 56924
8440 57144
2549 5290
2549 5291
2549 5293
2549 5295
2549 5296
2549 8503
7039 1956
5609 5599
5609 5601
5609 5602
6416 5599
6416 5601
6416 5602
10718 2066
9542 2065
9542 2066
5599 3725
5599 2002
5601 3725
5601 2002
5602 3725
5602 2002
1398 25
1398 27
1399 25
1399 27
6654 3265
6654 3845
6654 4893
6655 3265
6655 3845
6655 4893
25759 2885
399694 2885
53358 2885
6464 2885
5335 815
5335 816
5335 817
5335 818
5335 5578
5335 5579
5335 5582
5336 815
5336 816
5336 817
5336 818
5336 5578
5336 5579
5336 5582
1839 1956
1839 2066
3084 2065
3084 2066
2069 1956
2069 2066
685 1956
685 2066
5290 10000
5290 207
5290 208
5291 10000
5291 207
5291 208
5293 10000
5293 207
5293 208
5295 10000
5295 207
5295 208
5296 10000
5296 207
5296 208
8503 10000
8503 207
8503 208
10000 2475
10000 572
10000 2932
10000 1027
10000 1026
207 2475
207 572
207 2932
207 1027
207 1026
208 2475
208 572
208 2932
208 1027
208 1026
6714 5747
145957 2066
374 1956
1950 1956
5594 4609
5594 2002
5595 4609
5595 2002
5604 5594
5604 5595
5605 5594
5605 5595
369 5604
369 5605
5894 5604
5894 5605
673 5604
673 5605
3265 369
3265 5894
3265 673
3845 369
3845 5894
3845 673
4893 369
4893 5894
4893 673
