406922 4170
406922 599
406923 4170
406923 599
442890 4170
442890 599
406881 3845
406881 1021
406881 993
406881 994
406881 995
406881 8091
406881 406901
406881 3265
406881 4893
406881 10642
406881 131405
406882 3845
406882 1021
406882 993
406882 994
406882 995
406882 8091
406882 406901
406882 3265
406882 4893
406882 10642
406882 131405
406883 3845
406883 1021
406883 993
406883 994
406883 995
406883 8091
406883 406901
406883 3265
406883 4893
406883 10642
406883 131405
406884 3845
406884 1021
406884 993
406884 994
406884 995
406884 8091
406884 406901
406884 3265
406884 4893
406884 10642
406884 131405
406886 3845
406886 1021
406886 993
406886 994
406886 995
406886 8091
406886 406901
406886 3265
406886 4893
406886 10642
406886 131405
406887 3845
406887 1021
406887 993
406887 994
406887 995
406887 8091
406887 406901
406887 3265
406887 4893
406887 10642
406887 131405
406888 3845
406888 1021
406888 993
406888 994
406888 995
406888 8091
406888 406901
406888 3265
406888 4893
406888 10642
406888 131405
406889 3845
406889 1021
406889 993
406889 994
406889 995
406889 8091
406889 406901
406889 3265
406889 4893
406889 10642
406889 131405
406890 3845
406890 1021
406890 993
406890 994
406890 995
406890 8091
406890 406901
406890 3265
406890 4893
406890 10642
406890 131405
406891 3845
406891 1021
406891 993
406891 994
406891 995
406891 8091
406891 406901
406891 3265
406891 4893
406891 10642
406891 131405
406913 1398
406913 1399
406913 7422
406913 5296
406913 5290
406913 85414
406948 595
406948 894
406948 898
406948 9134
406948 596
406948 7473
406948 89780
406949 595
406949 894
406949 898
406949 9134
406950 595
406950 894
406950 898
406950 9134
406951 595
406951 894
406951 898
406951 9134
406901 23405
406952 5728
406952 7431
406953 5728
406953 3845
406979 5728
406979 7057
406980 5728
406981 5728
406982 5728
406982 1026
406982 1869
406982 1870
406982 1871
407048 5728
407049 5728
407021 1788
407021 1789
407021 2261
407021 5156
407024 1788
407024 1789
407024 2261
407024 5156
407025 1788
407025 1789
407025 2261
407025 5156
407026 1788
407026 1789
407026 2261
407026 5156
406904 9759
406904 27086
406904 5292
406904 4233
406905 9759
406905 27086
406905 5292
406905 4233
406910 1956
406910 2064
406910 2261
406910 3845
406910 1029
406910 7157
406911 1956
406911 578
406911 2064
406911 2261
406911 3845
406911 1029
406911 7157
406912 1956
406912 578
406912 2064
406912 2261
406912 3845
406912 1029
406912 7157
406991 5728
406991 27250
406991 10253
406991 3190
406991 8626
406991 8434
406991 7078
406991 7168
406991 5268
406991 472
406991 4082
406991 659
407006 1027
407006 5728
407006 7078
407006 54541
407006 90427
407006 472
407006 4193
407007 1027
407007 5728
407007 7078
406937 1956
406937 3667
406937 2261
406937 5578
406937 5579
406937 5582
406985 6935
406985 100532731
406985 648
406985 9839
406985 23414
406892 2261
407055 2261
406935 3845
406935 1788
406935 5598
406935 5578
406935 5579
406935 5582
406935 6654
406935 6655
406935 5155
406935 5159
406935 5894
406935 472
406935 7157
407010 5594
407010 2261
407010 27165
407010 2744
407035 7976
407035 3678
407035 5962
407035 387
407029 3690
407029 7329
407029 5578
407029 5579
407029 5582
407029 5335
407029 5336
407029 5154
407029 472
407029 7157
407030 5578
407030 5579
407030 5582
407030 5335
407030 5336
407030 5154
407030 472
407030 7157
407031 5578
407031 5579
407031 5582
407031 5335
407031 5336
407031 5154
407031 472
407031 7157
407032 5578
407032 5579
407032 5582
407032 5335
407032 5336
407032 5154
407032 472
407032 7157
407033 3690
407033 7329
407033 5578
407033 5579
407033 5582
407033 5335
407033 5336
407033 5154
407033 472
407033 7157
407034 3690
407034 7329
407034 5578
407034 5579
407034 5582
407034 5335
407034 5336
407034 5154
407034 472
407034 7157
406885 6774
406885 4609
406885 836
406885 3265
406885 3845
406885 4893
406885 8091
406947 8651
406903 3236
406903 11186
406903 5594
406903 5578
406903 5579
406903 5582
406903 2885
406903 2261
406903 472
406903 4193
406903 4194
407009 10298
407009 4318
693187 11186
406902 11186
406902 5594
406902 5578
406902 5579
406902 5582
406902 2885
406902 2261
406902 472
406902 4193
406902 4194
406906 6541
406906 900
406906 3162
407008 3925
407008 7157
407040 4233
407040 1021
407040 4851
407040 4853
407040 4854
407040 4855
407040 23411
406933 7042
406959 7430
406988 9839
406988 2065
406988 5581
407015 5728
407016 5728
406943 1786
406925 10297
406925 324
406926 10297
406926 324
442891 10297
442891 324
406983 6935
406983 100532731
406983 648
406983 9839
406983 23414
406984 6935
406984 100532731
406984 648
406984 9839
406984 23414
406907 1021
406908 1021
406909 1021
406928 1021
406915 1871
406915 100532731
406915 648
406916 1871
406916 100532731
406916 648
407043 1956
407043 8660
407043 4363
407043 5578
407043 5579
407043 5582
407043 6464
407044 1956
407044 8660
407044 4363
407044 5578
407044 5579
407044 5582
407044 6464
407045 1956
407045 8660
407045 4363
407045 5578
407045 5579
407045 5582
407045 6464
442900 4851
442900 4853
442900 4854
442900 4855
406938 4325
406938 672
406938 6093
406900 1026
406900 1869
407036 10018
442902 1869
442918 960
554213 3065
406893 5335
406893 5336
406893 2261
406893 2146
406894 5335
406894 5336
406894 2261
406894 2146
442903 113130
442903 9493
442903 2064
406954 472
406955 472
406956 472
406957 472
406995 472
574457 472
442904 6659
442904 3371
442904 63923
442904 7143
442904 7148
574461 960
574467 960
574473 960
574484 960
574493 960
100302238 23405
100302238 9252
100302238 5578
100302238 5579
100302238 5582
100302238 2261
100302282 23405
100302282 9252
100302282 5578
100302282 5579
100302282 5582
100302282 2261
406895 23405
406895 9252
406895 5578
406895 5579
406895 5582
406895 2261
406896 23405
406896 9252
406896 5578
406896 5579
406896 5582
406896 2261
574455 5328
574411 5243
442910 4363
407041 4233
407041 4851
407041 4853
407041 4854
407041 4855
407041 1021
406996 5728
407046 4790
407047 4790
407051 4790
406976 3551
406976 5743
406977 3551
406977 5743
406992 1871
406971 2261
406971 5894
406971 5578
406971 5579
406971 5582
406971 5604
406971 5605
406971 5594
406971 6654
406971 6655
406971 2885
406917 5578
406917 5579
406917 5582
406917 2885
406917 399694
406917 4194
406917 472
406918 5578
406918 5579
406918 5582
406918 2885
406918 399694
406918 4194
406918 472
574476 960
