4598 10654
38 3157
38 3158
39 3157
39 3158
3157 3156
3158 3156
3156 4598
3422 2224
3422 9453
91734 2224
91734 9453
4597 3422
4597 91734
4597 2224
4597 9453
10654 4597
2224 2224
2224 9453
2224 116150
2224 79947
2224 23590
2224 57107
2224 2339
2224 2342
2224 3422
2224 91734
9453 2224
9453 9453
9453 116150
9453 79947
9453 23590
9453 57107
9453 2339
9453 2342
9453 3422
9453 91734
116150 9453
116150 23590
116150 57107
79947 9453
79947 23590
79947 57107
2339 116150
2339 79947
2339 9453
2339 23590
2339 57107
2342 116150
2342 79947
2342 9453
2342 23590
2342 57107
9986 2339
9986 2342
23463 10269
23463 9986
10269 2339
10269 2342
