4792 4790
4792 5970
4793 4790
4793 5970
4794 4790
4794 5970
3551 4792
3551 4793
3551 4794
10892 8517
8915 8517
84433 8517
10000 2932
10000 3551
10000 8517
10000 1147
207 2932
207 3551
207 8517
207 1147
208 2932
208 3551
208 8517
208 1147
5579 84433
10451 29760
10451 5879
10451 5880
10451 5881
7409 29760
7409 5879
7409 5880
7409 5881
7410 29760
7410 5879
7410 5880
7410 5881
5290 10000
5290 207
5290 208
5291 10000
5291 207
5291 208
5293 10000
5293 207
5293 208
5295 10000
5295 207
5295 208
5296 10000
5296 207
5296 208
8503 10000
8503 207
8503 208
930 5290
930 5291
930 5293
930 5295
930 5296
930 8503
930 10451
930 7409
930 7410
3635 2213
3636 2213
3265 2353
3265 3725
3265 5894
3845 2353
3845 3725
3845 5894
4893 2353
4893 3725
4893 5894
25780 3265
25780 3845
25780 4893
5530 4772
5530 4773
5530 4775
5532 4772
5532 4773
5532 4775
5533 4772
5533 4773
5533 4775
5534 4772
5534 4773
5534 4775
5535 4772
5535 4773
5535 4775
5336 29760
5336 25780
5336 5579
29760 695
29760 2885
695 5336
4067 973
4067 974
4067 695
4067 6850
4067 27071
4067 930
102723407 4067
6850 29760
6850 5336
6850 118788
5777 11025
5777 933
5777 971
5777 695
5777 6850
5604 5594
5604 5595
5605 5594
5605 5595
5594 2353
5594 3725
5595 2353
5595 3725
5894 5604
5894 5605
6654 25780
6655 25780
2885 6654
2885 6655
118788 5290
118788 5291
118788 5293
118788 5295
118788 5296
118788 8503
27071 5879
27071 5880
27071 5881
