80347 80347
80347 5167
80347 5169
5167 60490
5167 53354
5167 55229
5167 79646
5167 80025
5169 60490
5169 53354
5169 55229
5169 79646
5169 80025
53354 55350
53354 8875
53354 8876
53354 60490
53354 80347
53354 79717
55229 55350
55229 8875
55229 8876
55229 60490
55229 80347
55229 79717
79646 55350
79646 8875
79646 8876
79646 60490
79646 80347
79646 79717
80025 55350
80025 8875
80025 8876
80025 60490
80025 80347
80025 79717
60490 53354
60490 55229
60490 79646
60490 80025
60490 80347
51733 1807
51733 339896
1807 1806
60496 80347
79717 53354
79717 55229
79717 79646
79717 80025
79717 60490
