4329 79611
4329 55902
4329 84532
4329 34
4329 55862
4329 5095
4329 5096
4329 23417
4329 31
4329 32
4329 38
4329 39
4329 1629
18 4329
26275 1892
26275 1962
26275 3030
84693 4594
84693 5095
84693 5096
84693 55862
5095 79611
5095 55902
5095 84532
5095 34
5096 79611
5096 55902
5096 84532
5096 34
55862 79611
55862 55902
55862 84532
55862 34
79611 55902
79611 84532
79611 34
55902 34
84532 34
34 1892
34 1962
34 3030
4594 8801
4594 8802
4594 8803
38 23417
38 31
38 32
39 23417
39 31
39 32
1738 1629
593 1738
593 1629
593 160287
593 3939
593 3945
593 3948
593 92483
594 1738
594 1629
594 160287
594 3939
594 3945
594 3948
594 92483
1629 34
1629 5095
1629 5096
1629 55862
1629 55902
1629 84532
1629 79611
