5594 56848
5594 8877
5595 56848
5595 8877
5604 5594
5604 5595
5605 5594
5605 5595
5894 5604
5894 5605
10000 596
10000 4846
207 596
207 4846
208 596
208 4846
5290 5879
5290 5880
5290 5881
5291 5879
5291 5880
5291 5881
5293 5879
5293 5880
5293 5881
5295 5879
5295 5880
5295 5881
5296 5879
5296 5880
5296 5881
8503 5879
8503 5880
8503 5881
5170 10000
5170 207
5170 208
1901 2770
1901 2771
1901 2773
9294 2770
9294 2771
9294 2773
9294 2776
9294 10672
9294 2768
1903 2770
1903 2771
1903 2773
1903 2776
1903 10672
1903 2768
8698 2770
8698 2771
8698 2773
8698 10672
8698 2768
53637 2770
53637 2771
53637 2773
53637 10672
53637 2768
2770 23236
2770 5330
2770 5331
2770 5332
2770 3265
2770 3845
2770 4893
2770 5290
2770 5291
2770 5293
2770 5295
2770 5296
2770 8503
2771 23236
2771 5330
2771 5331
2771 5332
2771 3265
2771 3845
2771 4893
2771 5290
2771 5291
2771 5293
2771 5295
2771 5296
2771 8503
2773 23236
2773 5330
2773 5331
2773 5332
2773 3265
2773 3845
2773 4893
2773 5290
2773 5291
2773 5293
2773 5295
2773 5296
2773 8503
2776 23236
2776 5330
2776 5331
2776 5332
10672 387
2768 387
3265 5894
3845 5894
4893 5894
23236 5581
5330 5581
5331 5581
5332 5581
387 6093
387 9475
6093 5728
6093 4790
6093 5970
9475 5728
9475 4790
9475 5970
7124 7132
8439 6610
1509 637
4217 5599
4217 5601
4217 5602
4217 1432
4217 5600
4217 5603
4217 6300
5590 10000
5590 207
5590 208
28227 10000
28227 207
28227 208
28227 596
55012 10000
55012 207
55012 208
55012 596
5515 10000
5515 207
5515 208
5515 596
5516 10000
5516 207
5516 208
5516 596
5518 10000
5518 207
5518 208
5518 596
5519 10000
5519 207
5519 208
5519 596
5520 10000
5520 207
5520 208
5520 596
5521 10000
5521 207
5521 208
5521 596
5522 10000
5522 207
5522 208
5522 596
5523 10000
5523 207
5523 208
5523 596
5525 10000
5525 207
5525 208
5525 596
5526 10000
5526 207
5526 208
5526 596
5527 10000
5527 207
5527 208
5527 596
5528 10000
5528 207
5528 208
5528 596
5529 10000
5529 207
5529 208
5529 596
55844 10000
55844 207
55844 208
55844 596
5599 581
5601 581
5602 581
637 581
1432 581
1432 10000
1432 207
1432 208
5600 581
5600 10000
5600 207
5600 208
5603 581
5603 10000
5603 207
5603 208
6300 581
6300 10000
6300 207
6300 208
596 7157
7132 8439
7132 8717
134 2770
134 2771
134 2773
140 2770
140 2771
140 2773
4985 2770
4985 2771
4985 2773
624 2770
624 2771
624 2773
2205 2534
2206 2534
2207 2534
5337 56848
5337 8877
5338 56848
5338 8877
2534 9846
9846 5290
9846 5291
9846 5293
9846 5295
9846 5296
9846 8503
8717 7186
7186 56848
7186 8877
5581 56848
5581 8877
