5604 5594
5604 5595
5605 5594
5605 5595
5894 5604
5894 5605
5906 54518
5906 64411
5906 4301
5906 889
5906 10636
5906 83593
5906 5587
5906 673
5906 5606
5906 5608
5906 5290
5906 5291
5906 5293
5906 5295
5906 5296
5906 8503
5906 51196
5906 3397
5906 5900
5906 6714
5906 9855
5906 7410
5906 7074
5908 54518
5908 64411
5908 4301
5908 889
5908 10636
5908 83593
5908 5587
5908 673
5908 5606
5908 5608
5908 5290
5908 5291
5908 5293
5908 5295
5908 5296
5908 8503
5908 51196
5908 3397
5908 5900
5908 6714
5908 9855
5908 7410
5908 7074
54518 7094
54518 83660
54518 345456
54518 375189
54518 5216
54518 5217
54518 7408
1435 1436
1435 1956
1435 1969
1435 2260
1435 2261
1435 2263
1435 2264
1435 2321
1435 2324
1435 3480
1435 3643
1435 3791
1435 3815
1435 4233
1435 4804
1435 5156
1435 5159
1435 7010
1942 1436
1942 1956
1942 1969
1942 2260
1942 2261
1942 2263
1942 2264
1942 2321
1942 2324
1942 3480
1942 3643
1942 3791
1942 3815
1942 4233
1942 4804
1942 5156
1942 5159
1942 7010
1943 1436
1943 1956
1943 1969
1943 2260
1943 2261
1943 2263
1943 2264
1943 2321
1943 2324
1943 3480
1943 3643
1943 3791
1943 3815
1943 4233
1943 4804
1943 5156
1943 5159
1943 7010
1944 1436
1944 1956
1944 1969
1944 2260
1944 2261
1944 2263
1944 2264
1944 2321
1944 2324
1944 3480
1944 3643
1944 3791
1944 3815
1944 4233
1944 4804
1944 5156
1944 5159
1944 7010
1945 1436
1945 1956
1945 1969
1945 2260
1945 2261
1945 2263
1945 2264
1945 2321
1945 2324
1945 3480
1945 3643
1945 3791
1945 3815
1945 4233
1945 4804
1945 5156
1945 5159
1945 7010
1946 1436
1946 1956
1946 1969
1946 2260
1946 2261
1946 2263
1946 2264
1946 2321
1946 2324
1946 3480
1946 3643
1946 3791
1946 3815
1946 4233
1946 4804
1946 5156
1946 5159
1946 7010
1950 1436
1950 1956
1950 1969
1950 2260
1950 2261
1950 2263
1950 2264
1950 2321
1950 2324
1950 3480
1950 3643
1950 3791
1950 3815
1950 4233
1950 4804
1950 5156
1950 5159
1950 7010
2246 1436
2246 1956
2246 1969
2246 2260
2246 2261
2246 2263
2246 2264
2246 2321
2246 2324
2246 3480
2246 3643
2246 3791
2246 3815
2246 4233
2246 4804
2246 5156
2246 5159
2246 7010
2247 1436
2247 1956
2247 1969
2247 2260
2247 2261
2247 2263
2247 2264
2247 2321
2247 2324
2247 3480
2247 3643
2247 3791
2247 3815
2247 4233
2247 4804
2247 5156
2247 5159
2247 7010
2248 1436
2248 1956
2248 1969
2248 2260
2248 2261
2248 2263
2248 2264
2248 2321
2248 2324
2248 3480
2248 3643
2248 3791
2248 3815
2248 4233
2248 4804
2248 5156
2248 5159
2248 7010
2249 1436
2249 1956
2249 1969
2249 2260
2249 2261
2249 2263
2249 2264
2249 2321
2249 2324
2249 3480
2249 3643
2249 3791
2249 3815
2249 4233
2249 4804
2249 5156
2249 5159
2249 7010
2250 1436
2250 1956
2250 1969
2250 2260
2250 2261
2250 2263
2250 2264
2250 2321
2250 2324
2250 3480
2250 3643
2250 3791
2250 3815
2250 4233
2250 4804
2250 5156
2250 5159
2250 7010
2251 1436
2251 1956
2251 1969
2251 2260
2251 2261
2251 2263
2251 2264
2251 2321
2251 2324
2251 3480
2251 3643
2251 3791
2251 3815
2251 4233
2251 4804
2251 5156
2251 5159
2251 7010
2252 1436
2252 1956
2252 1969
2252 2260
2252 2261
2252 2263
2252 2264
2252 2321
2252 2324
2252 3480
2252 3643
2252 3791
2252 3815
2252 4233
2252 4804
2252 5156
2252 5159
2252 7010
2253 1436
2253 1956
2253 1969
2253 2260
2253 2261
2253 2263
2253 2264
2253 2321
2253 2324
2253 3480
2253 3643
2253 3791
2253 3815
2253 4233
2253 4804
2253 5156
2253 5159
2253 7010
2254 1436
2254 1956
2254 1969
2254 2260
2254 2261
2254 2263
2254 2264
2254 2321
2254 2324
2254 3480
2254 3643
2254 3791
2254 3815
2254 4233
2254 4804
2254 5156
2254 5159
2254 7010
2255 1436
2255 1956
2255 1969
2255 2260
2255 2261
2255 2263
2255 2264
2255 2321
2255 2324
2255 3480
2255 3643
2255 3791
2255 3815
2255 4233
2255 4804
2255 5156
2255 5159
2255 7010
2277 1436
2277 1956
2277 1969
2277 2260
2277 2261
2277 2263
2277 2264
2277 2321
2277 2324
2277 3480
2277 3643
2277 3791
2277 3815
2277 4233
2277 4804
2277 5156
2277 5159
2277 7010
26281 1436
26281 1956
26281 1969
26281 2260
26281 2261
26281 2263
26281 2264
26281 2321
26281 2324
26281 3480
26281 3643
26281 3791
26281 3815
26281 4233
26281 4804
26281 5156
26281 5159
26281 7010
26291 1436
26291 1956
26291 1969
26291 2260
26291 2261
26291 2263
26291 2264
26291 2321
26291 2324
26291 3480
26291 3643
26291 3791
26291 3815
26291 4233
26291 4804
26291 5156
26291 5159
26291 7010
27006 1436
27006 1956
27006 1969
27006 2260
27006 2261
27006 2263
27006 2264
27006 2321
27006 2324
27006 3480
27006 3643
27006 3791
27006 3815
27006 4233
27006 4804
27006 5156
27006 5159
27006 7010
284 1436
284 1956
284 1969
284 2260
284 2261
284 2263
284 2264
284 2321
284 2324
284 3480
284 3643
284 3791
284 3815
284 4233
284 4804
284 5156
284 5159
284 7010
285 1436
285 1956
285 1969
285 2260
285 2261
285 2263
285 2264
285 2321
285 2324
285 3480
285 3643
285 3791
285 3815
285 4233
285 4804
285 5156
285 5159
285 7010
3082 1436
3082 1956
3082 1969
3082 2260
3082 2261
3082 2263
3082 2264
3082 2321
3082 2324
3082 3480
3082 3643
3082 3791
3082 3815
3082 4233
3082 4804
3082 5156
3082 5159
3082 7010
3479 1436
3479 1956
3479 1969
3479 2260
3479 2261
3479 2263
3479 2264
3479 2321
3479 2324
3479 3480
3479 3643
3479 3791
3479 3815
3479 4233
3479 4804
3479 5156
3479 5159
3479 7010
3630 1436
3630 1956
3630 1969
3630 2260
3630 2261
3630 2263
3630 2264
3630 2321
3630 2324
3630 3480
3630 3643
3630 3791
3630 3815
3630 4233
3630 4804
3630 5156
3630 5159
3630 7010
4254 1436
4254 1956
4254 1969
4254 2260
4254 2261
4254 2263
4254 2264
4254 2321
4254 2324
4254 3480
4254 3643
4254 3791
4254 3815
4254 4233
4254 4804
4254 5156
4254 5159
4254 7010
4803 1436
4803 1956
4803 1969
4803 2260
4803 2261
4803 2263
4803 2264
4803 2321
4803 2324
4803 3480
4803 3643
4803 3791
4803 3815
4803 4233
4803 4804
4803 5156
4803 5159
4803 7010
51378 1436
51378 1956
51378 1969
51378 2260
51378 2261
51378 2263
51378 2264
51378 2321
51378 2324
51378 3480
51378 3643
51378 3791
51378 3815
51378 4233
51378 4804
51378 5156
51378 5159
51378 7010
5154 1436
5154 1956
5154 1969
5154 2260
5154 2261
5154 2263
5154 2264
5154 2321
5154 2324
5154 3480
5154 3643
5154 3791
5154 3815
5154 4233
5154 4804
5154 5156
5154 5159
5154 7010
5155 1436
5155 1956
5155 1969
5155 2260
5155 2261
5155 2263
5155 2264
5155 2321
5155 2324
5155 3480
5155 3643
5155 3791
5155 3815
5155 4233
5155 4804
5155 5156
5155 5159
5155 7010
5228 1436
5228 1956
5228 1969
5228 2260
5228 2261
5228 2263
5228 2264
5228 2321
5228 2324
5228 3480
5228 3643
5228 3791
5228 3815
5228 4233
5228 4804
5228 5156
5228 5159
5228 7010
56034 1436
56034 1956
56034 1969
56034 2260
56034 2261
56034 2263
56034 2264
56034 2321
56034 2324
56034 3480
56034 3643
56034 3791
56034 3815
56034 4233
56034 4804
56034 5156
56034 5159
56034 7010
7422 1436
7422 1956
7422 1969
7422 2260
7422 2261
7422 2263
7422 2264
7422 2321
7422 2324
7422 3480
7422 3643
7422 3791
7422 3815
7422 4233
7422 4804
7422 5156
7422 5159
7422 7010
7423 1436
7423 1956
7423 1969
7423 2260
7423 2261
7423 2263
7423 2264
7423 2321
7423 2324
7423 3480
7423 3643
7423 3791
7423 3815
7423 4233
7423 4804
7423 5156
7423 5159
7423 7010
7424 1436
7424 1956
7424 1969
7424 2260
7424 2261
7424 2263
7424 2264
7424 2321
7424 2324
7424 3480
7424 3643
7424 3791
7424 3815
7424 4233
7424 4804
7424 5156
7424 5159
7424 7010
80310 1436
80310 1956
80310 1969
80310 2260
80310 2261
80310 2263
80310 2264
80310 2321
80310 2324
80310 3480
80310 3643
80310 3791
80310 3815
80310 4233
80310 4804
80310 5156
80310 5159
80310 7010
8074 1436
8074 1956
8074 1969
8074 2260
8074 2261
8074 2263
8074 2264
8074 2321
8074 2324
8074 3480
8074 3643
8074 3791
8074 3815
8074 4233
8074 4804
8074 5156
8074 5159
8074 7010
8817 1436
8817 1956
8817 1969
8817 2260
8817 2261
8817 2263
8817 2264
8817 2321
8817 2324
8817 3480
8817 3643
8817 3791
8817 3815
8817 4233
8817 4804
8817 5156
8817 5159
8817 7010
8822 1436
8822 1956
8822 1969
8822 2260
8822 2261
8822 2263
8822 2264
8822 2321
8822 2324
8822 3480
8822 3643
8822 3791
8822 3815
8822 4233
8822 4804
8822 5156
8822 5159
8822 7010
8823 1436
8823 1956
8823 1969
8823 2260
8823 2261
8823 2263
8823 2264
8823 2321
8823 2324
8823 3480
8823 3643
8823 3791
8823 3815
8823 4233
8823 4804
8823 5156
8823 5159
8823 7010
9965 1436
9965 1956
9965 1969
9965 2260
9965 2261
9965 2263
9965 2264
9965 2321
9965 2324
9965 3480
9965 3643
9965 3791
9965 3815
9965 4233
9965 4804
9965 5156
9965 5159
9965 7010
1436 23236
1436 5330
1436 5331
1436 5332
1436 1398
1436 1399
1956 23236
1956 5330
1956 5331
1956 5332
1956 1398
1956 1399
1969 23236
1969 5330
1969 5331
1969 5332
1969 1398
1969 1399
2260 23236
2260 5330
2260 5331
2260 5332
2260 1398
2260 1399
2261 23236
2261 5330
2261 5331
2261 5332
2261 1398
2261 1399
2263 23236
2263 5330
2263 5331
2263 5332
2263 1398
2263 1399
2264 23236
2264 5330
2264 5331
2264 5332
2264 1398
2264 1399
2321 23236
2321 5330
2321 5331
2321 5332
2321 1398
2321 1399
2324 23236
2324 5330
2324 5331
2324 5332
2324 1398
2324 1399
3480 23236
3480 5330
3480 5331
3480 5332
3480 1398
3480 1399
3643 23236
3643 5330
3643 5331
3643 5332
3643 1398
3643 1399
3791 23236
3791 5330
3791 5331
3791 5332
3791 1398
3791 1399
3815 23236
3815 5330
3815 5331
3815 5332
3815 1398
3815 1399
4233 23236
4233 5330
4233 5331
4233 5332
4233 1398
4233 1399
4804 23236
4804 5330
4804 5331
4804 5332
4804 1398
4804 1399
5156 23236
5156 5330
5156 5331
5156 5332
5156 1398
5156 1399
5159 23236
5159 5330
5159 5331
5159 5332
5159 1398
5159 1399
7010 23236
7010 5330
7010 5331
7010 5332
7010 1398
7010 1399
5900 5898
5900 5899
5900 5879
5900 5880
5900 5881
5879 5584
5879 5590
5879 50855
5879 84552
5879 84612
5879 56288
5880 5584
5880 5590
5880 50855
5880 84552
5880 84612
5880 56288
5881 5584
5881 5590
5881 50855
5881 84552
5881 84612
5881 56288
83593 3683
83593 3684
83593 3688
83593 3689
5606 1432
5606 5600
5606 5603
5606 6300
5608 1432
5608 5600
5608 5603
5608 6300
7408 60
7408 71
345456 60
345456 71
375189 60
375189 71
5216 60
5216 71
5217 60
5217 71
999 2889
9732 5906
9732 5908
10411 5906
10411 5908
11069 5906
11069 5908
26037 5906
26037 5908
6494 5906
6494 5908
5909 5906
5909 5908
4301 1500
4301 6494
673 5604
673 5605
135 2778
135 2776
136 2778
136 2776
1902 2778
1902 2776
2149 2778
2149 2776
23566 2778
23566 2776
2357 2778
2357 2776
2846 2778
2846 2776
5028 2778
5028 2776
57121 2778
57121 2776
9002 2778
9002 2776
9170 2778
9170 2776
2778 107
2778 108
2778 109
2778 111
2778 112
2778 113
2778 114
2778 115
2778 196883
2776 23236
2776 5330
2776 5331
2776 5332
1398 2889
1399 2889
2889 5906
2889 5908
1499 260425
1499 9223
1499 9863
1499 999
260425 51735
260425 9693
9223 51735
9223 9693
9863 51735
9863 9693
51735 5906
51735 5908
9693 5906
9693 5908
7410 5879
7410 5880
7410 5881
7074 5879
7074 5880
7074 5881
64411 387
387 60
387 71
5587 5906
5587 5908
5587 3683
5587 3684
5587 3688
5587 3689
889 1499
6714 998
9855 998
998 60
998 71
998 5584
998 5590
998 50855
998 84552
998 84612
998 56288
22808 9771
9771 5906
9771 5908
25780 5906
25780 5908
10235 5906
10235 5908
1268 2770
1268 2771
1268 2773
1268 2775
1813 2770
1813 2771
1813 2773
1813 2775
5290 10000
5290 207
5290 208
5291 10000
5291 207
5291 208
5293 10000
5293 207
5293 208
5295 10000
5295 207
5295 208
5296 10000
5296 207
5296 208
8503 10000
8503 207
8503 208
57568 5906
57568 5908
3265 673
3265 5894
3265 51196
3845 673
3845 5894
3845 51196
4893 673
4893 5894
4893 51196
6237 673
6237 5894
6237 51196
1500 999
163688 107
163688 108
163688 109
163688 111
163688 112
163688 113
163688 114
163688 115
163688 196883
51806 107
51806 108
51806 109
51806 111
51806 112
51806 113
51806 114
51806 115
51806 196883
801 107
801 108
801 109
801 111
801 112
801 113
801 114
801 115
801 196883
805 107
805 108
805 109
805 111
805 112
805 113
805 114
805 115
805 196883
808 107
808 108
808 109
808 111
808 112
808 113
808 114
808 115
808 196883
810 107
810 108
810 109
810 111
810 112
810 113
810 114
810 115
810 196883
91860 107
91860 108
91860 109
91860 111
91860 112
91860 113
91860 114
91860 115
91860 196883
7094 3674
7094 3690
83660 3674
83660 3690
3937 5906
3937 5908
8631 5906
8631 5908
5578 23683
5578 25865
5578 5587
5579 23683
5579 25865
5579 5587
5582 23683
5582 25865
5582 5587
23683 5906
23683 5908
25865 5906
25865 5908
27040 3937
27040 2533
27040 8631
3397 7057
10636 3683
10636 3684
10636 3688
10636 3689
9564 1398
9564 1399
