10319 960
10319 22987
10319 9899
10319 9900
10319 3688
10319 3672
10319 3673
10319 3675
10319 3655
10319 3679
10319 3680
10319 3685
10319 3696
10319 3691
10319 1605
22798 960
22798 22987
22798 9899
22798 9900
22798 3688
22798 3672
22798 3673
22798 3675
22798 3655
22798 3679
22798 3680
22798 3685
22798 3696
22798 3691
22798 1605
284217 960
284217 22987
284217 9899
284217 9900
284217 3688
284217 3672
284217 3673
284217 3675
284217 3655
284217 3679
284217 3680
284217 3685
284217 3696
284217 3691
284217 1605
3908 960
3908 22987
3908 9899
3908 9900
3908 3688
3908 3672
3908 3673
3908 3675
3908 3655
3908 3679
3908 3680
3908 3685
3908 3696
3908 3691
3908 1605
3909 960
3909 22987
3909 9899
3909 9900
3909 3688
3909 3672
3909 3673
3909 3675
3909 3655
3909 3679
3909 3680
3909 3685
3909 3696
3909 3691
3909 1605
3910 960
3910 22987
3910 9899
3910 9900
3910 3688
3910 3672
3910 3673
3910 3675
3910 3655
3910 3679
3910 3680
3910 3685
3910 3696
3910 3691
3910 1605
3911 960
3911 22987
3911 9899
3911 9900
3911 3688
3911 3672
3911 3673
3911 3675
3911 3655
3911 3679
3911 3680
3911 3685
3911 3696
3911 3691
3911 1605
3912 960
3912 22987
3912 9899
3912 9900
3912 3688
3912 3672
3912 3673
3912 3675
3912 3655
3912 3679
3912 3680
3912 3685
3912 3696
3912 3691
3912 1605
3913 960
3913 22987
3913 9899
3913 9900
3913 3688
3913 3672
3913 3673
3913 3675
3913 3655
3913 3679
3913 3680
3913 3685
3913 3696
3913 3691
3913 1605
3914 960
3914 22987
3914 9899
3914 9900
3914 3688
3914 3672
3914 3673
3914 3675
3914 3655
3914 3679
3914 3680
3914 3685
3914 3696
3914 3691
3914 1605
3915 960
3915 22987
3915 9899
3915 9900
3915 3688
3915 3672
3915 3673
3915 3675
3915 3655
3915 3679
3915 3680
3915 3685
3915 3696
3915 3691
3915 1605
3918 960
3918 22987
3918 9899
3918 9900
3918 3688
3918 3672
3918 3673
3918 3675
3918 3655
3918 3679
3918 3680
3918 3685
3918 3696
3918 3691
3918 1605
1277 960
1277 6382
1277 6385
1277 51206
1277 3688
1277 3672
1277 3673
1277 3675
1277 3680
1277 8515
1277 22801
1277 3685
1277 3696
1278 960
1278 6382
1278 6385
1278 51206
1278 3688
1278 3672
1278 3673
1278 3675
1278 3680
1278 8515
1278 22801
1278 3685
1278 3696
1280 960
1280 6382
1280 6385
1280 51206
1280 3688
1280 3672
1280 3673
1280 3675
1280 3680
1280 8515
1280 22801
1280 3685
1280 3696
1282 960
1282 6382
1282 6385
1282 51206
1282 3688
1282 3672
1282 3673
1282 3675
1282 3680
1282 8515
1282 22801
1282 3685
1282 3696
1284 960
1284 6382
1284 6385
1284 51206
1284 3688
1284 3672
1284 3673
1284 3675
1284 3680
1284 8515
1284 22801
1284 3685
1284 3696
1285 960
1285 6382
1285 6385
1285 51206
1285 3688
1285 3672
1285 3673
1285 3675
1285 3680
1285 8515
1285 22801
1285 3685
1285 3696
1286 960
1286 6382
1286 6385
1286 51206
1286 3688
1286 3672
1286 3673
1286 3675
1286 3680
1286 8515
1286 22801
1286 3685
1286 3696
1287 960
1287 6382
1287 6385
1287 51206
1287 3688
1287 3672
1287 3673
1287 3675
1287 3680
1287 8515
1287 22801
1287 3685
1287 3696
1288 960
1288 6382
1288 6385
1288 51206
1288 3688
1288 3672
1288 3673
1288 3675
1288 3680
1288 8515
1288 22801
1288 3685
1288 3696
1291 960
1291 6382
1291 6385
1291 51206
1291 3688
1291 3672
1291 3673
1291 3675
1291 3680
1291 8515
1291 22801
1291 3685
1291 3696
1292 960
1292 6382
1292 6385
1292 51206
1292 3688
1292 3672
1292 3673
1292 3675
1292 3680
1292 8515
1292 22801
1292 3685
1292 3696
1293 960
1293 6382
1293 6385
1293 51206
1293 3688
1293 3672
1293 3673
1293 3675
1293 3680
1293 8515
1293 22801
1293 3685
1293 3696
1297 960
1297 6382
1297 6385
1297 51206
1297 3688
1297 3672
1297 3673
1297 3675
1297 3680
1297 8515
1297 22801
1297 3685
1297 3696
1298 960
1298 6382
1298 6385
1298 51206
1298 3688
1298 3672
1298 3673
1298 3675
1298 3680
1298 8515
1298 22801
1298 3685
1298 3696
1299 960
1299 6382
1299 6385
1299 51206
1299 3688
1299 3672
1299 3673
1299 3675
1299 3680
1299 8515
1299 22801
1299 3685
1299 3696
131873 960
131873 6382
131873 6385
131873 51206
131873 3688
131873 3672
131873 3673
131873 3675
131873 3680
131873 8515
131873 22801
131873 3685
131873 3696
256076 960
256076 6382
256076 6385
256076 51206
256076 3688
256076 3672
256076 3673
256076 3675
256076 3680
256076 8515
256076 22801
256076 3685
256076 3696
3371 6382
3371 6385
3371 3688
3371 8516
3371 3680
3371 3685
3371 3690
3371 3694
63923 6382
63923 6385
63923 3688
63923 8516
63923 3680
63923 3685
63923 3690
63923 3694
7143 6382
7143 6385
7143 3688
7143 8516
7143 3680
7143 3685
7143 3690
7143 3694
7148 6382
7148 6385
7148 3688
7148 8516
7148 3680
7148 3685
7148 3690
7148 3694
7450 3685
7450 3690
7450 3674
7450 2815
7450 2812
7450 2811
7450 2814
3381 3685
3381 3690
3381 3693
7448 3688
7448 8516
7448 3685
7448 3690
7448 3674
7448 3693
7448 3696
6696 3676
6696 3688
6696 3680
6696 3685
6696 3690
6696 3693
2335 960
2335 6382
2335 6385
2335 3675
2335 3688
2335 3676
2335 3678
2335 8516
2335 3685
2335 3695
2335 3690
2335 3674
2335 3694
2335 3696
1311 6382
1311 6385
1311 948
1311 961
1311 3675
1311 3688
1311 3685
1311 3690
1311 3674
7057 6382
7057 6385
7057 948
7057 961
7057 3675
7057 3688
7057 3685
7057 3690
7057 3674
7058 6382
7058 6385
7058 948
7058 961
7058 3675
7058 3688
7058 3685
7058 3690
7058 3674
7059 6382
7059 6385
7059 948
7059 961
7059 3675
7059 3688
7059 3685
7059 3690
7059 3674
7060 6382
7060 6385
7060 948
7060 961
7060 3675
7060 3688
7060 3685
7060 3690
7060 3674
3339 1605
1101 3673
1101 3688
5649 3675
5649 3688
375790 1605
