3480 5290
3480 5291
3480 5293
3480 5295
3480 5296
3480 8503
3480 3845
3479 3480
3630 3480
4342 5604
107 5566
107 5567
107 5568
108 5566
108 5567
108 5568
109 5566
109 5567
109 5568
111 5566
111 5567
111 5568
112 5566
112 5567
112 5568
113 5566
113 5567
113 5568
114 5566
114 5567
114 5568
115 5566
115 5567
115 5568
196883 5566
196883 5567
196883 5568
891 983
3845 369
3845 5894
3845 673
5290 10000
5290 207
5290 208
5291 10000
5291 207
5291 208
5293 10000
5293 207
5293 208
5295 10000
5295 207
5295 208
5296 10000
5296 207
5296 208
8503 10000
8503 207
8503 208
10000 5140
207 5140
208 5140
51343 10393
51343 246184
51343 25847
51343 29882
51343 29945
51343 51433
51343 51434
51343 51529
51343 64682
51343 8697
51343 8881
51343 996
10459 51343
4085 51343
8379 51343
699 10459
699 4085
699 8379
993 983
994 983
995 983
5347 993
5347 994
5347 995
3320 4342
3326 4342
9088 983
27330 699
27330 9088
6195 699
6195 9088
6196 699
6196 9088
6197 699
6197 9088
5594 27330
5594 6195
5594 6196
5594 6197
5595 27330
5595 6195
5595 6196
5595 6197
5604 5594
5604 5595
2770 107
2770 108
2770 109
2770 111
2770 112
2770 113
2770 114
2770 115
2770 196883
2771 107
2771 108
2771 109
2771 111
2771 112
2771 113
2771 114
2771 115
2771 196883
2773 107
2773 108
2773 109
2773 111
2773 112
2773 113
2773 114
2773 115
2773 196883
100310812 983
100310812 1017
100505767 983
100505767 1017
100996746 983
100996746 1017
102723555 983
102723555 1017
102723849 983
102723849 1017
245711 983
245711 1017
285955 983
285955 1017
387778 983
387778 1017
388333 983
388333 1017
441272 983
441272 1017
441273 983
441273 1017
442590 983
442590 1017
729597 983
729597 1017
6790 132864
6790 22849
6790 64506
6790 80315
5241 5290
5241 5291
5241 5293
5241 5295
5241 5296
5241 8503
5241 1432
5241 5599
5241 5600
5241 5601
5241 5602
5241 5603
5241 6300
