2161 2160
2161 3818
2161 5340
2158 2160
2158 2159
2155 2159
7035 2155
7035 2159
3053 2147
462 2161
462 2160
462 2158
462 2159
462 2147
7450 2159
7450 2157
5104 2147
5104 5624
5054 5328
5054 5327
5055 5328
5055 5327
3818 5340
3818 3827
5328 5329
5328 5340
5327 5340
4153 10747
4153 5648
4153 717
4153 720
4153 721
10747 717
10747 720
10747 721
5648 717
5648 720
5648 721
712 717
712 720
712 721
713 717
713 720
713 721
714 717
714 720
714 721
715 717
715 720
715 721
716 717
716 720
716 721
710 712
710 713
710 714
710 715
710 716
710 10747
710 5648
710 4153
5627 2153
5624 2149
5624 2153
5624 2157
5624 5054
5624 5055
7056 5624
5265 5624
2147 7056
2147 2149
2147 2151
2147 9002
2147 1361
2147 2162
2147 2165
2 5624
5345 5624
2153 2147
10544 5624
2152 2155
629 718
1675 718
