367 354
367 367
4790 4792
4790 596
5970 4792
5970 596
1027 1017
1027 898
1027 9134
4824 10000
4824 207
4824 208
51176 595
6932 595
6934 595
83439 595
1387 7157
2033 7157
4193 7157
1017 5925
1499 1387
1499 2033
1499 51176
1499 6932
1499 6934
1499 83439
1869 5925
1870 5925
1871 5925
3265 369
3265 5894
3265 673
3845 369
3845 5894
3845 673
4893 369
4893 5894
4893 673
1956 5290
1956 5291
1956 5293
1956 5295
1956 5296
1956 8503
1956 2885
2064 5290
2064 5291
2064 5293
2064 5295
2064 5296
2064 8503
2064 2885
2260 5290
2260 5291
2260 5293
2260 5295
2260 5296
2260 8503
2260 2885
2263 5290
2263 5291
2263 5293
2263 5295
2263 5296
2263 8503
2263 2885
3480 5290
3480 5291
3480 5293
3480 5295
3480 5296
3480 8503
3480 2885
3645 5290
3645 5291
3645 5293
3645 5295
3645 5296
3645 8503
3645 2885
5156 5290
5156 5291
5156 5293
5156 5295
5156 5296
5156 8503
5156 2885
5159 5290
5159 5291
5159 5293
5159 5295
5159 5296
5159 8503
5159 2885
1147 4792
3551 4792
8517 4792
10488 1387
10488 2033
1385 1387
1385 2033
148327 1387
148327 2033
468 1387
468 2033
64764 1387
64764 2033
84699 1387
84699 2033
90993 1387
90993 2033
9586 1387
9586 2033
898 5925
9134 5925
1950 1956
1950 2064
1950 2260
1950 2263
1950 3480
1950 3645
1950 5156
1950 5159
3479 1956
3479 2064
3479 2260
3479 2263
3479 3480
3479 3645
3479 5156
3479 5159
3630 1956
3630 2064
3630 2260
3630 2263
3630 3480
3630 3645
3630 5156
3630 5159
5154 1956
5154 2064
5154 2260
5154 2263
5154 3480
5154 3645
5154 5156
5154 5159
5155 1956
5155 2064
5155 2260
5155 2263
5155 3480
5155 3645
5155 5156
5155 5159
56034 1956
56034 2064
56034 2260
56034 2263
56034 3480
56034 3645
56034 5156
56034 5159
7039 1956
7039 2064
7039 2260
7039 2263
7039 3480
7039 3645
7039 5156
7039 5159
80310 1956
80310 2064
80310 2260
80310 2263
80310 3480
80310 3645
80310 5156
80310 5159
5170 10000
5170 207
5170 208
6654 3265
6654 3845
6654 4893
6655 3265
6655 3845
6655 4893
2885 6654
2885 6655
2932 10488
2932 1385
2932 148327
2932 468
2932 64764
2932 84699
2932 90993
2932 9586
2932 1499
3320 367
3326 367
7184 367
10000 4193
10000 1147
10000 3551
10000 8517
10000 2475
10000 842
10000 572
10000 2308
10000 1026
10000 1027
10000 2932
207 4193
207 1147
207 3551
207 8517
207 2475
207 842
207 572
207 2308
207 1026
207 1027
207 2932
208 4193
208 1147
208 3551
208 8517
208 2475
208 842
208 572
208 2308
208 1026
208 1027
208 2932
5290 5170
5290 10000
5290 207
5290 208
5291 5170
5291 10000
5291 207
5291 208
5293 5170
5293 10000
5293 207
5293 208
5295 5170
5295 10000
5295 207
5295 208
5296 5170
5296 10000
5296 207
5296 208
8503 5170
8503 10000
8503 207
8503 208
5594 367
5595 367
5604 5594
5604 5595
5605 5594
5605 5595
369 5604
369 5605
5894 5604
5894 5605
673 5604
673 5605
