2064 3716
2064 5290
2064 5291
2064 5293
2064 5295
2064 5296
2064 8503
3845 5290
3845 5291
3845 5293
3845 5295
3845 5296
3845 8503
3845 369
3845 5894
3845 673
3845 5900
9459 5879
9459 5880
9459 5881
10000 598
10000 1147
10000 3551
10000 8517
10000 572
10000 842
10000 4790
10000 5970
10000 2475
207 598
207 1147
207 3551
207 8517
207 572
207 842
207 4790
207 5970
207 2475
208 598
208 1147
208 3551
208 8517
208 572
208 842
208 4790
208 5970
208 2475
5879 4790
5879 5970
5880 4790
5880 5970
5881 4790
5881 5970
1147 4790
1147 5970
3551 4790
3551 5970
8517 4790
8517 5970
4790 7422
5970 7422
572 598
369 5604
5894 5604
673 5604
5604 5594
5604 5595
5604 5599
5604 5601
5604 5602
5900 5898
5900 5899
5898 10928
5898 5337
5899 10928
5899 5337
10928 5879
10928 5880
10928 5881
10928 998
7039 1956
1950 1956
3716 6774
3716 6772
6774 7422
6772 7422
1029 1019
1029 1021
1019 595
1019 5925
1021 595
1021 5925
5925 1869
5925 1870
5925 1871
7040 7046
7040 7048
7042 7046
7042 7048
7043 7046
7043 7048
7046 7048
7046 4087
7046 4088
7048 4087
7048 4088
4087 4089
4088 4089
675 5888
1956 2064
1956 3716
1956 5290
1956 5291
1956 5293
1956 5295
1956 5296
1956 8503
595 5925
2475 6198
2475 6199
7157 1026
7157 10912
7157 1647
7157 4616
7157 581
7157 578
7157 1643
7157 51426
