3439 3454
3439 3455
3440 3454
3440 3455
3441 3454
3441 3455
3442 3454
3442 3455
3443 3454
3443 3455
3444 3454
3444 3455
3445 3454
3445 3455
3446 3454
3446 3455
3447 3454
3447 3455
3448 3454
3448 3455
3449 3454
3449 3455
3451 3454
3451 3455
3452 3454
3452 3455
3456 3454
3456 3455
7187 29110
7187 9641
3665 3665
3665 3661
3665 1387
3665 2033
3665 3439
3665 3440
3665 3441
3665 3442
3665 3443
3665 3444
3665 3445
3665 3446
3665 3447
3665 3448
3665 3449
3665 3451
3665 3452
1147 4792
3551 4792
8517 4792
5599 4790
5599 5970
5599 2353
5599 3725
5601 4790
5601 5970
5601 2353
5601 3725
5602 4790
5602 5970
5602 2353
5602 3725
29110 3665
29110 3661
9641 3665
9641 3661
10000 2475
10000 1147
10000 3551
10000 8517
207 2475
207 1147
207 3551
207 8517
208 2475
208 1147
208 3551
208 8517
6772 10379
4792 4790
4792 5970
3661 3661
3661 1387
3661 2033
7098 148022
148022 7187
3454 3716
3454 7297
3455 3716
3455 7297
4790 4792
4790 3569
4790 3576
4790 2919
4790 2920
4790 2921
4790 2247
5970 4792
5970 3569
5970 3576
5970 2919
5970 2920
5970 2921
5970 2247
355 8772
841 637
578 54205
54205 581
54205 842
7132 8717
3572 3717
1387 3456
2033 3456
3716 6772
3716 6773
7297 6772
7297 6773
6773 10379
10379 3665
10379 5610
1026 1019
1026 1021
1019 5925
1021 5925
5925 1869
5925 1870
5925 1871
7157 1026
2932 1499
1499 3725
1499 1385
1499 595
1499 4609
3717 6774
10681 146850
10681 23533
10681 5294
10681 3265
10681 3845
10681 4893
2782 146850
2782 23533
2782 5294
2782 3265
2782 3845
2782 4893
2783 146850
2783 23533
2783 5294
2783 3265
2783 3845
2783 4893
2784 146850
2784 23533
2784 5294
2784 3265
2784 3845
2784 4893
2785 146850
2785 23533
2785 5294
2785 3265
2785 3845
2785 4893
2786 146850
2786 23533
2786 5294
2786 3265
2786 3845
2786 4893
2787 146850
2787 23533
2787 5294
2787 3265
2787 3845
2787 4893
2788 146850
2788 23533
2788 5294
2788 3265
2788 3845
2788 4893
2790 146850
2790 23533
2790 5294
2790 3265
2790 3845
2790 4893
2791 146850
2791 23533
2791 5294
2791 3265
2791 3845
2791 4893
2792 146850
2792 23533
2792 5294
2792 3265
2792 3845
2792 4893
2793 146850
2793 23533
2793 5294
2793 3265
2793 3845
2793 4893
51764 146850
51764 23533
51764 5294
51764 3265
51764 3845
51764 4893
54331 146850
54331 23533
54331 5294
54331 3265
54331 3845
54331 4893
55970 146850
55970 23533
55970 5294
55970 3265
55970 3845
55970 4893
59345 146850
59345 23533
59345 5294
59345 3265
59345 3845
59345 4893
94235 146850
94235 23533
94235 5294
94235 3265
94235 3845
94235 4893
3091 7422
3091 2919
3091 2920
3091 2921
3091 2247
64422 11337
64422 11345
64422 23710
22863 11337
22863 11345
22863 23710
5289 11337
5289 11345
5289 23710
441925 11337
441925 11345
441925 23710
8678 11337
8678 11345
8678 23710
8717 7186
7186 1147
7186 3551
7186 8517
842 836
637 581
637 578
8772 841
6850 3265
6850 3845
6850 4893
6850 5290
6850 5291
6850 5293
6850 5295
6850 5296
6850 8503
6850 5336
4772 1827
4772 2919
4772 2920
4772 2921
4772 2247
4773 1827
4773 2919
4773 2920
4773 2921
4773 2247
4775 1827
4775 2919
4775 2920
4775 2921
4775 2247
4776 1827
4776 2919
4776 2920
4776 2921
4776 2247
5530 4772
5530 4773
5530 4775
5530 4776
5532 4772
5532 4773
5532 4775
5532 4776
5533 4772
5533 4773
5533 4775
5533 4776
5534 4772
5534 4773
5534 4775
5534 4776
5535 4772
5535 4773
5535 4775
5535 4776
3265 5894
3845 5894
4893 5894
5894 5604
5894 5605
5604 5594
5604 5595
5605 5594
5605 5595
5594 3091
5594 2353
5594 3725
5595 3091
5595 2353
5595 3725
2353 5155
2353 7422
2353 285
2353 2919
2353 2920
2353 2921
2353 2247
3725 5155
3725 7422
3725 285
3725 2919
3725 2920
3725 2921
3725 2247
5879 5599
5879 5601
5879 5602
9261 7538
1432 9261
1432 5608
5600 9261
5600 5608
5603 9261
5603 5608
6300 9261
6300 5608
5608 9261
7538 3569
7538 1437
146850 57580
23533 57580
5294 57580
57580 5879
163688 5530
163688 5532
163688 5533
163688 5534
163688 5535
51806 5530
51806 5532
51806 5533
51806 5534
51806 5535
801 5530
801 5532
801 5533
801 5534
801 5535
805 5530
805 5532
805 5533
805 5534
805 5535
808 5530
808 5532
808 5533
808 5534
808 5535
810 5530
810 5532
810 5533
810 5534
810 5535
91860 5530
91860 5532
91860 5533
91860 5534
91860 5535
5609 5599
5609 5601
5609 5602
6416 5599
6416 5601
6416 5602
