10312 27068
10312 5464
10312 64077
10476 27068
10476 5464
10476 64077
10632 27068
10632 5464
10632 64077
127124 27068
127124 5464
127124 64077
155066 27068
155066 5464
155066 64077
23545 27068
23545 5464
23545 64077
245972 27068
245972 5464
245972 64077
245973 27068
245973 5464
245973 64077
4508 27068
4508 5464
4508 64077
4509 27068
4509 5464
4509 64077
498 27068
498 5464
498 64077
506 27068
506 5464
506 64077
50617 27068
50617 5464
50617 64077
509 27068
509 5464
509 64077
513 27068
513 5464
513 64077
51382 27068
51382 5464
51382 64077
514 27068
514 5464
514 64077
515 27068
515 5464
515 64077
516 27068
516 5464
516 64077
51606 27068
51606 5464
51606 64077
517 27068
517 5464
517 64077
518 27068
518 5464
518 64077
521 27068
521 5464
521 64077
522 27068
522 5464
522 64077
523 27068
523 5464
523 64077
525 27068
525 5464
525 64077
526 27068
526 5464
526 64077
527 27068
527 5464
527 64077
528 27068
528 5464
528 64077
529 27068
529 5464
529 64077
533 27068
533 5464
533 64077
534 27068
534 5464
534 64077
535 27068
535 5464
535 64077
537 27068
537 5464
537 64077
539 27068
539 5464
539 64077
8992 27068
8992 5464
8992 64077
90423 27068
90423 5464
90423 64077
9114 27068
9114 5464
9114 64077
9296 27068
9296 5464
9296 64077
9550 27068
9550 5464
9550 64077
9551 27068
9551 5464
9551 64077
479 27068
479 5464
479 64077
495 27068
495 5464
495 64077
496 27068
496 5464
496 64077
