1056 11343
1056 55750
1056 1056
1056 119548
1056 3990
1056 5406
1056 5407
1056 5408
1056 57104
1056 80339
1056 8513
1056 9388
1056 4023
1056 139189
1056 1606
1056 1607
1056 1608
1056 160851
1056 1609
1056 8525
1056 8526
1056 8527
1056 9162
1056 196051
1056 23175
1056 64900
1056 84513
1056 8611
1056 8612
1056 8613
1056 9663
1056 116255
1056 346606
1056 80168
119548 11343
119548 55750
119548 1056
119548 119548
119548 3990
119548 5406
119548 5407
119548 5408
119548 57104
119548 80339
119548 8513
119548 9388
119548 4023
119548 139189
119548 1606
119548 1607
119548 1608
119548 160851
119548 1609
119548 8525
119548 8526
119548 8527
119548 9162
119548 196051
119548 23175
119548 64900
119548 84513
119548 8611
119548 8612
119548 8613
119548 9663
119548 116255
119548 346606
119548 80168
3990 11343
3990 55750
3990 1056
3990 119548
3990 3990
3990 5406
3990 5407
3990 5408
3990 57104
3990 80339
3990 8513
3990 9388
3990 4023
3990 139189
3990 1606
3990 1607
3990 1608
3990 160851
3990 1609
3990 8525
3990 8526
3990 8527
3990 9162
3990 196051
3990 23175
3990 64900
3990 84513
3990 8611
3990 8612
3990 8613
3990 9663
3990 116255
3990 346606
3990 80168
5406 11343
5406 55750
5406 1056
5406 119548
5406 3990
5406 5406
5406 5407
5406 5408
5406 57104
5406 80339
5406 8513
5406 9388
5406 4023
5406 139189
5406 1606
5406 1607
5406 1608
5406 160851
5406 1609
5406 8525
5406 8526
5406 8527
5406 9162
5406 196051
5406 23175
5406 64900
5406 84513
5406 8611
5406 8612
5406 8613
5406 9663
5406 116255
5406 346606
5406 80168
5407 11343
5407 55750
5407 1056
5407 119548
5407 3990
5407 5406
5407 5407
5407 5408
5407 57104
5407 80339
5407 8513
5407 9388
5407 4023
5407 139189
5407 1606
5407 1607
5407 1608
5407 160851
5407 1609
5407 8525
5407 8526
5407 8527
5407 9162
5407 196051
5407 23175
5407 64900
5407 84513
5407 8611
5407 8612
5407 8613
5407 9663
5407 116255
5407 346606
5407 80168
5408 11343
5408 55750
5408 1056
5408 119548
5408 3990
5408 5406
5408 5407
5408 5408
5408 57104
5408 80339
5408 8513
5408 9388
5408 4023
5408 139189
5408 1606
5408 1607
5408 1608
5408 160851
5408 1609
5408 8525
5408 8526
5408 8527
5408 9162
5408 196051
5408 23175
5408 64900
5408 84513
5408 8611
5408 8612
5408 8613
5408 9663
5408 116255
5408 346606
5408 80168
57104 11343
57104 55750
57104 1056
57104 119548
57104 3990
57104 5406
57104 5407
57104 5408
57104 57104
57104 80339
57104 8513
57104 9388
57104 4023
57104 139189
57104 1606
57104 1607
57104 1608
57104 160851
57104 1609
57104 8525
57104 8526
57104 8527
57104 9162
57104 196051
57104 23175
57104 64900
57104 84513
57104 8611
57104 8612
57104 8613
57104 9663
57104 116255
57104 346606
57104 80168
80339 11343
80339 55750
80339 1056
80339 119548
80339 3990
80339 5406
80339 5407
80339 5408
80339 57104
80339 80339
80339 8513
80339 9388
80339 4023
80339 139189
80339 1606
80339 1607
80339 1608
80339 160851
80339 1609
80339 8525
80339 8526
80339 8527
80339 9162
80339 196051
80339 23175
80339 64900
80339 84513
80339 8611
80339 8612
80339 8613
80339 9663
80339 116255
80339 346606
80339 80168
8513 11343
8513 55750
8513 1056
8513 119548
8513 3990
8513 5406
8513 5407
8513 5408
8513 57104
8513 80339
8513 8513
8513 9388
8513 4023
8513 139189
8513 1606
8513 1607
8513 1608
8513 160851
8513 1609
8513 8525
8513 8526
8513 8527
8513 9162
8513 196051
8513 23175
8513 64900
8513 84513
8513 8611
8513 8612
8513 8613
8513 9663
8513 116255
8513 346606
8513 80168
9388 11343
9388 55750
9388 1056
9388 119548
9388 3990
9388 5406
9388 5407
9388 5408
9388 57104
9388 80339
9388 8513
9388 9388
9388 4023
9388 139189
9388 1606
9388 1607
9388 1608
9388 160851
9388 1609
9388 8525
9388 8526
9388 8527
9388 9162
9388 196051
9388 23175
9388 64900
9388 84513
9388 8611
9388 8612
9388 8613
9388 9663
9388 116255
9388 346606
9388 80168
346606 11343
346606 55750
346606 1056
346606 119548
346606 3990
346606 5406
346606 5407
346606 5408
346606 57104
346606 80339
346606 8513
346606 9388
346606 139189
346606 1606
346606 1607
346606 1608
346606 160851
346606 1609
346606 8525
346606 8526
346606 8527
346606 9162
346606 196051
346606 23175
346606 64900
346606 84513
346606 8611
346606 8612
346606 8613
346606 9663
346606 4023
346606 116255
346606 346606
346606 80168
84649 139189
84649 1606
84649 1607
84649 1608
84649 160851
84649 1609
84649 8525
84649 8526
84649 8527
84649 9162
84649 196051
84649 23175
84649 64900
84649 84513
84649 8611
84649 8612
84649 8613
84649 9663
84649 116255
84649 346606
84649 80168
84649 1056
84649 119548
84649 3990
84649 5406
84649 5407
84649 5408
84649 57104
84649 80339
84649 8513
84649 9388
8694 139189
8694 1606
8694 1607
8694 1608
8694 160851
8694 1609
8694 8525
8694 8526
8694 8527
8694 9162
8694 196051
8694 23175
8694 64900
8694 84513
8694 8611
8694 8612
8694 8613
8694 9663
8694 116255
8694 346606
8694 80168
8694 1056
8694 119548
8694 3990
8694 5406
8694 5407
8694 5408
8694 57104
8694 80339
8694 8513
8694 9388
196051 10554
196051 10555
196051 129642
196051 154141
196051 253558
196051 55326
196051 56894
196051 56895
196051 116255
196051 346606
196051 80168
196051 1056
196051 119548
196051 3990
196051 5406
196051 5407
196051 5408
196051 57104
196051 80339
196051 8513
196051 9388
196051 4023
196051 84649
196051 8694
23175 10554
23175 10555
23175 129642
23175 154141
23175 253558
23175 55326
23175 56894
23175 56895
23175 116255
23175 346606
23175 80168
23175 1056
23175 119548
23175 3990
23175 5406
23175 5407
23175 5408
23175 57104
23175 80339
23175 8513
23175 9388
23175 4023
64900 10554
64900 10555
64900 129642
64900 154141
64900 253558
64900 55326
64900 56894
64900 56895
64900 116255
64900 346606
64900 80168
64900 1056
64900 119548
64900 3990
64900 5406
64900 5407
64900 5408
64900 57104
64900 80339
64900 8513
64900 9388
64900 4023
84513 10554
84513 10555
84513 129642
84513 154141
84513 253558
84513 55326
84513 56894
84513 56895
84513 116255
84513 346606
84513 80168
84513 1056
84513 119548
84513 3990
84513 5406
84513 5407
84513 5408
84513 57104
84513 80339
84513 8513
84513 9388
84513 4023
84513 84649
84513 8694
8611 10554
8611 10555
8611 129642
8611 154141
8611 253558
8611 55326
8611 56894
8611 56895
8611 116255
8611 346606
8611 80168
8611 1056
8611 119548
8611 3990
8611 5406
8611 5407
8611 5408
8611 57104
8611 80339
8611 8513
8611 9388
8611 4023
8612 10554
8612 10555
8612 129642
8612 154141
8612 253558
8612 55326
8612 56894
8612 56895
8612 116255
8612 346606
8612 80168
8612 1056
8612 119548
8612 3990
8612 5406
8612 5407
8612 5408
8612 57104
8612 80339
8612 8513
8612 9388
8612 4023
8613 10554
8613 10555
8613 129642
8613 154141
8613 253558
8613 55326
8613 56894
8613 56895
8613 116255
8613 346606
8613 80168
8613 1056
8613 119548
8613 3990
8613 5406
8613 5407
8613 5408
8613 57104
8613 80339
8613 8513
8613 9388
8613 4023
9663 10554
9663 10555
9663 129642
9663 154141
9663 253558
9663 55326
9663 56894
9663 56895
9663 116255
9663 346606
9663 80168
9663 1056
9663 119548
9663 3990
9663 5406
9663 5407
9663 5408
9663 57104
9663 80339
9663 8513
9663 9388
9663 4023
116255 11343
116255 55750
116255 1056
116255 119548
116255 3990
116255 5406
116255 5407
116255 5408
116255 57104
116255 80339
116255 8513
116255 9388
116255 139189
116255 1606
116255 1607
116255 1608
116255 160851
116255 1609
116255 8525
116255 8526
116255 8527
116255 9162
116255 4023
80168 11343
80168 55750
80168 1056
80168 119548
80168 3990
80168 5406
80168 5407
80168 5408
80168 57104
80168 80339
80168 8513
80168 9388
80168 139189
80168 1606
80168 1607
80168 1608
80168 160851
80168 1609
80168 8525
80168 8526
80168 8527
80168 9162
80168 4023
10554 137964
10554 150763
10554 57678
10554 84803
10554 55750
10554 139189
10554 1606
10554 1607
10554 1608
10554 160851
10554 1609
10554 8525
10554 8526
10554 8527
10554 9162
10555 137964
10555 150763
10555 57678
10555 84803
10555 55750
10555 139189
10555 1606
10555 1607
10555 1608
10555 160851
10555 1609
10555 8525
10555 8526
10555 8527
10555 9162
129642 137964
129642 150763
129642 57678
129642 84803
129642 55750
129642 139189
129642 1606
129642 1607
129642 1608
129642 160851
129642 1609
129642 8525
129642 8526
129642 8527
129642 9162
154141 137964
154141 150763
154141 57678
154141 84803
154141 55750
154141 139189
154141 1606
154141 1607
154141 1608
154141 160851
154141 1609
154141 8525
154141 8526
154141 8527
154141 9162
253558 137964
253558 150763
253558 57678
253558 84803
253558 55750
253558 139189
253558 1606
253558 1607
253558 1608
253558 160851
253558 1609
253558 8525
253558 8526
253558 8527
253558 9162
55326 137964
55326 150763
55326 57678
55326 84803
55326 55750
55326 139189
55326 1606
55326 1607
55326 1608
55326 160851
55326 1609
55326 8525
55326 8526
55326 8527
55326 9162
56894 137964
56894 150763
56894 57678
56894 84803
56894 55750
56894 139189
56894 1606
56894 1607
56894 1608
56894 160851
56894 1609
56894 8525
56894 8526
56894 8527
56894 9162
56895 137964
56895 150763
56895 57678
56895 84803
56895 55750
56895 139189
56895 1606
56895 1607
56895 1608
56895 160851
56895 1609
56895 8525
56895 8526
56895 8527
56895 9162
55750 137964
55750 150763
55750 57678
55750 84803
55750 11343
11343 4023
11343 231
11343 57016
11343 10327
11343 2710
11343 2712
137964 2710
137964 2712
150763 2710
150763 2712
57678 2710
57678 2712
84803 2710
84803 2712
2710 231
2710 57016
2710 10327
2712 231
2712 57016
2712 10327
231 217
231 219
231 223
231 224
231 501
57016 217
57016 219
57016 223
57016 224
57016 501
217 10327
217 132158
219 10327
219 132158
223 10327
223 132158
224 10327
224 132158
501 10327
501 132158
4023 139189
4023 1606
4023 1607
4023 1608
4023 160851
4023 1609
4023 8525
4023 8526
4023 8527
4023 9162
