1950 1956
7039 1956
5154 5156
5154 5159
5155 5156
5155 5159
3479 3480
1956 5335
1956 5336
1956 25759
1956 399694
1956 53358
1956 6464
1956 5290
1956 5291
1956 5293
1956 5295
1956 5296
1956 8503
5156 5335
5156 5336
5156 25759
5156 399694
5156 53358
5156 6464
5156 5290
5156 5291
5156 5293
5156 5295
5156 5296
5156 8503
5159 5335
5159 5336
5159 25759
5159 399694
5159 53358
5159 6464
5159 5290
5159 5291
5159 5293
5159 5295
5159 5296
5159 8503
3480 5335
3480 5336
3480 25759
3480 399694
3480 53358
3480 6464
3480 5290
3480 5291
3480 5293
3480 5295
3480 5296
3480 8503
163688 815
163688 816
163688 817
163688 818
51806 815
51806 816
51806 817
51806 818
801 815
801 816
801 817
801 818
805 815
805 816
805 817
805 818
808 815
808 816
808 817
808 818
810 815
810 816
810 817
810 818
91860 815
91860 816
91860 817
91860 818
815 3265
815 3845
815 4893
816 3265
816 3845
816 4893
817 3265
817 3845
817 4893
818 3265
818 3845
818 4893
5578 3265
5578 3845
5578 4893
5579 3265
5579 3845
5579 4893
5582 3265
5582 3845
5582 4893
25759 2885
399694 2885
53358 2885
6464 2885
2885 6654
2885 6655
6654 3265
6654 3845
6654 4893
6655 3265
6655 3845
6655 4893
369 5604
369 5605
5894 5604
5894 5605
673 5604
673 5605
5604 5594
5604 5595
5605 5594
5605 5595
10000 2475
207 2475
208 2475
4193 7157
1029 4193
1029 595
1029 1019
1029 1021
7157 1026
7157 10912
7157 1647
7157 4616
7157 581
7157 578
7157 1643
7157 51426
595 5925
1019 5925
1021 5925
5925 1869
5925 1870
5925 1871
3265 369
3265 5894
3265 673
3265 5290
3265 5291
3265 5293
3265 5295
3265 5296
3265 8503
3845 369
3845 5894
3845 673
3845 5290
3845 5291
3845 5293
3845 5295
3845 5296
3845 8503
4893 369
4893 5894
4893 673
4893 5290
4893 5291
4893 5293
4893 5295
4893 5296
4893 8503
1026 595
1026 1019
1026 1021
