1962 2639
1962 1892
1962 1962
1962 3030
3033 1892
3033 1962
3033 3030
169355 125061
169355 121278
169355 7166
169355 1644
169355 11185
169355 4128
169355 4129
169355 438
169355 1543
169355 1544
169355 1545
3620 125061
3620 121278
3620 7166
3620 1644
3620 11185
3620 4128
3620 4129
3620 438
3620 1543
3620 1544
3620 1545
259307 121278
259307 7166
259307 6999
259307 1644
259307 169355
259307 3620
259307 4128
259307 4129
259307 26
1543 438
1544 438
1545 438
438 217
438 219
438 223
438 224
438 501
438 316
438 15
15 1644
15 11185
15 169355
15 3620
15 4128
15 4129
4128 1644
4128 11185
4128 316
4128 217
4128 219
4128 223
4128 224
4128 501
4129 1644
4129 11185
4129 316
4129 217
4129 219
4129 223
4129 224
4129 501
1644 125061
1644 169355
1644 3620
1644 121278
1644 7166
1644 4128
1644 4129
1644 26
1644 11185
1644 259307
1644 6999
125061 8942
125061 51166
125061 56267
125061 883
125061 8564
125061 6999
125061 169355
125061 3620
38 1962
38 3033
39 1962
39 3033
1892 2639
3030 2639
2639 4967
2639 55753
130013 23498
23498 8942
23498 847
8942 125061
8942 51166
8942 56267
8942 883
8942 847
8942 6999
8942 169355
8942 3620
8564 8942
8564 51166
8564 56267
8564 883
6999 121278
6999 7166
6999 1644
121278 1644
121278 169355
121278 3620
7166 1644
7166 169355
7166 3620
217 4128
217 4129
217 26
219 4128
219 4129
219 26
223 4128
223 4129
223 26
224 4128
224 4129
224 26
501 4128
501 4129
501 26
26 11185
