1436 2885
1436 5290
1436 5291
1436 5293
1436 5295
1436 5296
1436 8503
7186 2534
7186 3932
7186 9846
7186 5879
7186 9020
7186 6885
7186 10454
7186 23118
7189 2534
7189 3932
7189 9846
7189 5879
7189 9020
7189 6885
7189 10454
7189 23118
8792 7186
8792 7189
8792 695
8792 7006
8792 2209
8792 2212
8792 2213
8792 2214
8792 2215
8792 9103
8792 7305
8600 8792
1435 1436
4982 8600
1540 7186
1540 7189
1540 8878
9846 5336
9020 1147
1147 4791
1147 5971
3551 4792
4792 4790
4792 5970
6885 5604
6885 5608
6885 5609
6885 3551
5608 1432
5608 5600
5608 5603
5608 6300
5599 2353
5599 2354
5599 2355
5599 3725
5599 3726
5599 3727
5599 8061
5601 2353
5601 2354
5601 2355
5601 3725
5601 3726
5601 3727
5601 8061
5602 2353
5602 2354
5602 2355
5602 3725
5602 3726
5602 3727
5602 8061
1432 2353
1432 2354
1432 2355
1432 3725
1432 3726
1432 3727
1432 8061
5600 2353
5600 2354
5600 2355
5600 3725
5600 3726
5600 3727
5600 8061
5603 2353
5603 2354
5603 2355
5603 3725
5603 3726
5603 3727
5603 8061
6300 2353
6300 2354
6300 2355
6300 3725
6300 3726
6300 3727
6300 8061
3456 3454
3456 3455
3454 3716
3454 7297
3455 3716
3455 7297
3716 6772
3716 6773
7297 6772
7297 6773
6772 10379
6772 7186
6772 7189
6773 10379
10379 2353
2534 5290
2534 5291
2534 5293
2534 5295
2534 5296
2534 8503
3932 5290
3932 5291
3932 5293
3932 5295
3932 5296
3932 8503
5290 10000
5290 207
5290 208
5291 10000
5291 207
5291 208
5293 10000
5293 207
5293 208
5295 10000
5295 207
5295 208
5296 10000
5296 207
5296 208
8503 10000
8503 207
8503 208
3552 3554
3553 3554
3554 7186
3554 7189
3458 3459
3458 3460
3459 6772
3460 6772
2209 6850
2212 6850
2213 6850
2214 6850
2215 6850
9103 6850
7305 6850
695 5336
695 29760
695 3937
7006 5336
7006 29760
7006 3937
6850 29760
6850 3937
29760 5336
3937 5336
5336 5530
5336 5532
5336 5533
5336 5534
5336 5535
5336 814
5530 4772
5532 4772
5533 4772
5534 4772
5535 4772
814 1385
7124 7132
7132 7186
7132 7189
8651 3716
8651 7297
9021 3716
9021 7297
2274 7186
2274 7189
7040 7046
7040 7048
7042 7046
7042 7048
8878 7186
8878 7189
2885 5594
2885 5595
5609 5599
5609 5601
5609 5602
5879 1535
5879 27035
5879 4688
5879 4689
5879 653361
102725035 6850
10288 6850
10859 6850
10990 6850
11006 6850
11024 6850
11025 6850
11026 6850
11027 6850
126014 6850
23547 6850
353514 6850
79168 6850
10326 6850
140885 6850
54209 6850
55423 6850
