673 5604
673 5605
4893 369
4893 5894
4893 673
4893 5290
4893 5291
4893 5293
4893 5295
4893 5296
4893 8503
1019 5925
595 5925
1956 3265
1956 3845
1956 4893
2260 3265
2260 3845
2260 4893
3480 3265
3480 3845
3480 4893
4233 3265
4233 3845
4233 4893
5156 3265
5156 3845
5156 4893
5159 3265
5159 3845
5159 4893
1950 1956
1950 2260
1950 3480
1950 4233
1950 5156
1950 5159
2246 1956
2246 2260
2246 3480
2246 4233
2246 5156
2246 5159
2247 1956
2247 2260
2247 3480
2247 4233
2247 5156
2247 5159
2248 1956
2248 2260
2248 3480
2248 4233
2248 5156
2248 5159
2249 1956
2249 2260
2249 3480
2249 4233
2249 5156
2249 5159
2250 1956
2250 2260
2250 3480
2250 4233
2250 5156
2250 5159
2251 1956
2251 2260
2251 3480
2251 4233
2251 5156
2251 5159
2252 1956
2252 2260
2252 3480
2252 4233
2252 5156
2252 5159
2253 1956
2253 2260
2253 3480
2253 4233
2253 5156
2253 5159
2254 1956
2254 2260
2254 3480
2254 4233
2254 5156
2254 5159
2255 1956
2255 2260
2255 3480
2255 4233
2255 5156
2255 5159
26281 1956
26281 2260
26281 3480
26281 4233
26281 5156
26281 5159
26291 1956
26291 2260
26291 3480
26291 4233
26291 5156
26291 5159
27006 1956
27006 2260
27006 3480
27006 4233
27006 5156
27006 5159
3082 1956
3082 2260
3082 3480
3082 4233
3082 5156
3082 5159
3479 1956
3479 2260
3479 3480
3479 4233
3479 5156
3479 5159
5154 1956
5154 2260
5154 3480
5154 4233
5154 5156
5154 5159
5155 1956
5155 2260
5155 3480
5155 4233
5155 5156
5155 5159
56034 1956
56034 2260
56034 3480
56034 4233
56034 5156
56034 5159
80310 1956
80310 2260
80310 3480
80310 4233
80310 5156
80310 5159
8074 1956
8074 2260
8074 3480
8074 4233
8074 5156
8074 5159
8817 1956
8817 2260
8817 3480
8817 4233
8817 5156
8817 5159
8822 1956
8822 2260
8822 3480
8822 4233
8822 5156
8822 5159
8823 1956
8823 2260
8823 3480
8823 4233
8823 5156
8823 5159
9965 1956
9965 2260
9965 3480
9965 4233
9965 5156
9965 5159
1029 4193
1029 1019
1029 1021
1029 595
1026 1019
1026 1021
1026 595
4193 7157
7157 1026
7157 10912
7157 1647
7157 4616
7157 581
7157 578
7157 1643
7157 51426
1869 5925
1870 5925
1871 5925
1021 5925
10000 572
207 572
208 572
5290 10000
5290 207
5290 208
5291 10000
5291 207
5291 208
5293 10000
5293 207
5293 208
5295 10000
5295 207
5295 208
5296 10000
5296 207
5296 208
8503 10000
8503 207
8503 208
5594 595
5594 1019
5595 595
5595 1019
5604 5594
5604 5595
5605 5594
5605 5595
369 5604
369 5605
5894 5604
5894 5605
3265 369
3265 5894
3265 673
3265 5290
3265 5291
3265 5293
3265 5295
3265 5296
3265 8503
3845 369
3845 5894
3845 673
3845 5290
3845 5291
3845 5293
3845 5295
3845 5296
3845 8503
