5728 200576
5728 113026
5728 23236
5728 51196
5728 5330
5728 5331
5728 5332
5728 5333
5728 5335
5728 5336
5728 84812
5728 89869
5728 5286
5728 5287
5728 5288
5728 5295
5728 5296
5728 8503
5728 10423
5728 3631
5728 8821
5728 5297
5728 5298
5728 55300
5728 55361
5728 55529
5728 90809
5728 5289
64768 253430
113026 200576
113026 5286
113026 5287
113026 5288
113026 5295
113026 5296
113026 8503
113026 4534
113026 55613
113026 64419
113026 8776
113026 8897
113026 8898
113026 9107
113026 9108
113026 9110
113026 10423
113026 5305
113026 79837
113026 8396
113026 5728
113026 5290
113026 5291
113026 5293
113026 3706
113026 3707
113026 80271
113026 27124
113026 3632
113026 51763
113026 113026
113026 23236
113026 51196
113026 5330
113026 5331
113026 5332
113026 5333
113026 5335
113026 5336
113026 84812
113026 89869
113026 139189
113026 1606
113026 1607
113026 1608
113026 160851
113026 1609
113026 8525
113026 8526
113026 8527
113026 9162
113026 23396
113026 8394
113026 8395
113026 3633
113026 4952
113026 56623
113026 8867
113026 8871
113026 5297
113026 5298
113026 55300
113026 55361
113026 3612
113026 3613
113026 54928
113026 5289
113026 253430
23236 200576
23236 5286
23236 5287
23236 5288
23236 5295
23236 5296
23236 8503
23236 4534
23236 55613
23236 64419
23236 8776
23236 8897
23236 8898
23236 9107
23236 9108
23236 9110
23236 10423
23236 5305
23236 79837
23236 8396
23236 5728
23236 5290
23236 5291
23236 5293
23236 3706
23236 3707
23236 80271
23236 27124
23236 3632
23236 51763
23236 113026
23236 23236
23236 51196
23236 5330
23236 5331
23236 5332
23236 5333
23236 5335
23236 5336
23236 84812
23236 89869
23236 139189
23236 1606
23236 1607
23236 1608
23236 160851
23236 1609
23236 8525
23236 8526
23236 8527
23236 9162
23236 23396
23236 8394
23236 8395
23236 3633
23236 4952
23236 56623
23236 8867
23236 8871
23236 5297
23236 5298
23236 55300
23236 55361
23236 3612
23236 3613
23236 54928
23236 5289
23236 253430
51196 200576
51196 5286
51196 5287
51196 5288
51196 5295
51196 5296
51196 8503
51196 4534
51196 55613
51196 64419
51196 8776
51196 8897
51196 8898
51196 9107
51196 9108
51196 9110
51196 10423
51196 5305
51196 79837
51196 8396
51196 5728
51196 5290
51196 5291
51196 5293
51196 3706
51196 3707
51196 80271
51196 27124
51196 3632
51196 51763
51196 113026
51196 23236
51196 51196
51196 5330
51196 5331
51196 5332
51196 5333
51196 5335
51196 5336
51196 84812
51196 89869
51196 139189
51196 1606
51196 1607
51196 1608
51196 160851
51196 1609
51196 8525
51196 8526
51196 8527
51196 9162
51196 23396
51196 8394
51196 8395
51196 3633
51196 4952
51196 56623
51196 8867
51196 8871
51196 5297
51196 5298
51196 55300
51196 55361
51196 3612
51196 3613
51196 54928
51196 5289
51196 253430
5330 200576
5330 5286
5330 5287
5330 5288
5330 5295
5330 5296
5330 8503
5330 4534
5330 55613
5330 64419
5330 8776
5330 8897
5330 8898
5330 9107
5330 9108
5330 9110
5330 10423
5330 5305
5330 79837
5330 8396
5330 5728
5330 5290
5330 5291
5330 5293
5330 3706
5330 3707
5330 80271
5330 27124
5330 3632
5330 51763
5330 113026
5330 23236
5330 51196
5330 5330
5330 5331
5330 5332
5330 5333
5330 5335
5330 5336
5330 84812
5330 89869
5330 139189
5330 1606
5330 1607
5330 1608
5330 160851
5330 1609
5330 8525
5330 8526
5330 8527
5330 9162
5330 23396
5330 8394
5330 8395
5330 3633
5330 4952
5330 56623
5330 8867
5330 8871
5330 5297
5330 5298
5330 55300
5330 55361
5330 3612
5330 3613
5330 54928
5330 5289
5330 253430
5331 200576
5331 5286
5331 5287
5331 5288
5331 5295
5331 5296
5331 8503
5331 4534
5331 55613
5331 64419
5331 8776
5331 8897
5331 8898
5331 9107
5331 9108
5331 9110
5331 10423
5331 5305
5331 79837
5331 8396
5331 5728
5331 5290
5331 5291
5331 5293
5331 3706
5331 3707
5331 80271
5331 27124
5331 3632
5331 51763
5331 113026
5331 23236
5331 51196
5331 5330
5331 5331
5331 5332
5331 5333
5331 5335
5331 5336
5331 84812
5331 89869
5331 139189
5331 1606
5331 1607
5331 1608
5331 160851
5331 1609
5331 8525
5331 8526
5331 8527
5331 9162
5331 23396
5331 8394
5331 8395
5331 3633
5331 4952
5331 56623
5331 8867
5331 8871
5331 5297
5331 5298
5331 55300
5331 55361
5331 3612
5331 3613
5331 54928
5331 5289
5331 253430
5332 200576
5332 5286
5332 5287
5332 5288
5332 5295
5332 5296
5332 8503
5332 4534
5332 55613
5332 64419
5332 8776
5332 8897
5332 8898
5332 9107
5332 9108
5332 9110
5332 10423
5332 5305
5332 79837
5332 8396
5332 5728
5332 5290
5332 5291
5332 5293
5332 3706
5332 3707
5332 80271
5332 27124
5332 3632
5332 51763
5332 113026
5332 23236
5332 51196
5332 5330
5332 5331
5332 5332
5332 5333
5332 5335
5332 5336
5332 84812
5332 89869
5332 139189
5332 1606
5332 1607
5332 1608
5332 160851
5332 1609
5332 8525
5332 8526
5332 8527
5332 9162
5332 23396
5332 8394
5332 8395
5332 3633
5332 4952
5332 56623
5332 8867
5332 8871
5332 5297
5332 5298
5332 55300
5332 55361
5332 3612
5332 3613
5332 54928
5332 5289
5332 253430
5333 200576
5333 5286
5333 5287
5333 5288
5333 5295
5333 5296
5333 8503
5333 4534
5333 55613
5333 64419
5333 8776
5333 8897
5333 8898
5333 9107
5333 9108
5333 9110
5333 10423
5333 5305
5333 79837
5333 8396
5333 5728
5333 5290
5333 5291
5333 5293
5333 3706
5333 3707
5333 80271
5333 27124
5333 3632
5333 51763
5333 113026
5333 23236
5333 51196
5333 5330
5333 5331
5333 5332
5333 5333
5333 5335
5333 5336
5333 84812
5333 89869
5333 139189
5333 1606
5333 1607
5333 1608
5333 160851
5333 1609
5333 8525
5333 8526
5333 8527
5333 9162
5333 23396
5333 8394
5333 8395
5333 3633
5333 4952
5333 56623
5333 8867
5333 8871
5333 5297
5333 5298
5333 55300
5333 55361
5333 3612
5333 3613
5333 54928
5333 5289
5333 253430
5335 200576
5335 5286
5335 5287
5335 5288
5335 5295
5335 5296
5335 8503
5335 4534
5335 55613
5335 64419
5335 8776
5335 8897
5335 8898
5335 9107
5335 9108
5335 9110
5335 10423
5335 5305
5335 79837
5335 8396
5335 5728
5335 5290
5335 5291
5335 5293
5335 3706
5335 3707
5335 80271
5335 27124
5335 3632
5335 51763
5335 113026
5335 23236
5335 51196
5335 5330
5335 5331
5335 5332
5335 5333
5335 5335
5335 5336
5335 84812
5335 89869
5335 139189
5335 1606
5335 1607
5335 1608
5335 160851
5335 1609
5335 8525
5335 8526
5335 8527
5335 9162
5335 23396
5335 8394
5335 8395
5335 3633
5335 4952
5335 56623
5335 8867
5335 8871
5335 5297
5335 5298
5335 55300
5335 55361
5335 3612
5335 3613
5335 54928
5335 5289
5335 253430
5336 200576
5336 5286
5336 5287
5336 5288
5336 5295
5336 5296
5336 8503
5336 4534
5336 55613
5336 64419
5336 8776
5336 8897
5336 8898
5336 9107
5336 9108
5336 9110
5336 10423
5336 5305
5336 79837
5336 8396
5336 5728
5336 5290
5336 5291
5336 5293
5336 3706
5336 3707
5336 80271
5336 27124
5336 3632
5336 51763
5336 113026
5336 23236
5336 51196
5336 5330
5336 5331
5336 5332
5336 5333
5336 5335
5336 5336
5336 84812
5336 89869
5336 139189
5336 1606
5336 1607
5336 1608
5336 160851
5336 1609
5336 8525
5336 8526
5336 8527
5336 9162
5336 23396
5336 8394
5336 8395
5336 3633
5336 4952
5336 56623
5336 8867
5336 8871
5336 5297
5336 5298
5336 55300
5336 55361
5336 3612
5336 3613
5336 54928
5336 5289
5336 253430
84812 200576
84812 5286
84812 5287
84812 5288
84812 5295
84812 5296
84812 8503
84812 4534
84812 55613
84812 64419
84812 8776
84812 8897
84812 8898
84812 9107
84812 9108
84812 9110
84812 10423
84812 5305
84812 79837
84812 8396
84812 5728
84812 5290
84812 5291
84812 5293
84812 3706
84812 3707
84812 80271
84812 27124
84812 3632
84812 51763
84812 113026
84812 23236
84812 51196
84812 5330
84812 5331
84812 5332
84812 5333
84812 5335
84812 5336
84812 84812
84812 89869
84812 139189
84812 1606
84812 1607
84812 1608
84812 160851
84812 1609
84812 8525
84812 8526
84812 8527
84812 9162
84812 23396
84812 8394
84812 8395
84812 3633
84812 4952
84812 56623
84812 8867
84812 8871
84812 5297
84812 5298
84812 55300
84812 55361
84812 3612
84812 3613
84812 54928
84812 5289
84812 253430
89869 200576
89869 5286
89869 5287
89869 5288
89869 5295
89869 5296
89869 8503
89869 4534
89869 55613
89869 64419
89869 8776
89869 8897
89869 8898
89869 9107
89869 9108
89869 9110
89869 10423
89869 5305
89869 79837
89869 8396
89869 5728
89869 5290
89869 5291
89869 5293
89869 3706
89869 3707
89869 80271
89869 27124
89869 3632
89869 51763
89869 113026
89869 23236
89869 51196
89869 5330
89869 5331
89869 5332
89869 5333
89869 5335
89869 5336
89869 84812
89869 89869
89869 139189
89869 1606
89869 1607
89869 1608
89869 160851
89869 1609
89869 8525
89869 8526
89869 8527
89869 9162
89869 23396
89869 8394
89869 8395
89869 3633
89869 4952
89869 56623
89869 8867
89869 8871
89869 5297
89869 5298
89869 55300
89869 55361
89869 3612
89869 3613
89869 54928
89869 5289
89869 253430
10423 200576
10423 5286
10423 5287
10423 5288
10423 5295
10423 5296
10423 8503
10423 4534
10423 55613
10423 64419
10423 8776
10423 8897
10423 8898
10423 9107
10423 9108
10423 9110
10423 3612
10423 3613
10423 54928
10423 1040
10423 8760
10423 5297
10423 5298
10423 55300
10423 55361
10423 5289
5290 5305
5290 79837
5290 8396
5290 5728
5290 3635
5290 3636
5290 23396
5290 8394
5290 8395
5290 3633
5290 4952
5290 56623
5290 8867
5290 8871
5290 55529
5290 90809
5291 5305
5291 79837
5291 8396
5291 5728
5291 3635
5291 3636
5291 23396
5291 8394
5291 8395
5291 3633
5291 4952
5291 56623
5291 8867
5291 8871
5291 55529
5291 90809
5293 5305
5293 79837
5293 8396
5293 5728
5293 3635
5293 3636
5293 23396
5293 8394
5293 8395
5293 3633
5293 4952
5293 56623
5293 8867
5293 8871
5293 55529
5293 90809
5295 4534
5295 55613
5295 64419
5295 8776
5295 8897
5295 8898
5295 9107
5295 9108
5295 9110
5295 5305
5295 79837
5295 8396
5295 5728
5295 3633
5295 4952
5295 56623
5295 8867
5295 8871
5295 113026
5295 23236
5295 51196
5295 5330
5295 5331
5295 5332
5295 5333
5295 5335
5295 5336
5295 84812
5295 89869
5295 3635
5295 3636
5295 200576
5295 3631
5295 8821
5295 23396
5295 8394
5295 8395
5295 55529
5295 90809
5296 4534
5296 55613
5296 64419
5296 8776
5296 8897
5296 8898
5296 9107
5296 9108
5296 9110
5296 5305
5296 79837
5296 8396
5296 5728
5296 3633
5296 4952
5296 56623
5296 8867
5296 8871
5296 113026
5296 23236
5296 51196
5296 5330
5296 5331
5296 5332
5296 5333
5296 5335
5296 5336
5296 84812
5296 89869
5296 3635
5296 3636
5296 200576
5296 3631
5296 8821
5296 23396
5296 8394
5296 8395
5296 55529
5296 90809
8503 4534
8503 55613
8503 64419
8503 8776
8503 8897
8503 8898
8503 9107
8503 9108
8503 9110
8503 5305
8503 79837
8503 8396
8503 5728
8503 3633
8503 4952
8503 56623
8503 8867
8503 8871
8503 113026
8503 23236
8503 51196
8503 5330
8503 5331
8503 5332
8503 5333
8503 5335
8503 5336
8503 84812
8503 89869
8503 3635
8503 3636
8503 200576
8503 3631
8503 8821
8503 23396
8503 8394
8503 8395
8503 55529
8503 90809
23396 5297
23396 5298
23396 55300
23396 55361
23396 3633
23396 4952
23396 56623
23396 8867
23396 8871
23396 5286
23396 5287
23396 5288
23396 5295
23396 5296
23396 8503
23396 113026
23396 23236
23396 51196
23396 5330
23396 5331
23396 5332
23396 5333
23396 5335
23396 5336
23396 84812
23396 89869
23396 5305
23396 79837
23396 8396
23396 5728
23396 55529
23396 90809
8394 5297
8394 5298
8394 55300
8394 55361
8394 3633
8394 4952
8394 56623
8394 8867
8394 8871
8394 5286
8394 5287
8394 5288
8394 5295
8394 5296
8394 8503
8394 113026
8394 23236
8394 51196
8394 5330
8394 5331
8394 5332
8394 5333
8394 5335
8394 5336
8394 84812
8394 89869
8394 5305
8394 79837
8394 8396
8394 5728
8394 55529
8394 90809
8395 5297
8395 5298
8395 55300
8395 55361
8395 3633
8395 4952
8395 56623
8395 8867
8395 8871
8395 5286
8395 5287
8395 5288
8395 5295
8395 5296
8395 8503
8395 113026
8395 23236
8395 51196
8395 5330
8395 5331
8395 5332
8395 5333
8395 5335
8395 5336
8395 84812
8395 89869
8395 5305
8395 79837
8395 8396
8395 5728
8395 55529
8395 90809
200576 5286
200576 5287
200576 5288
200576 5295
200576 5296
200576 8503
200576 4534
200576 55613
200576 64419
200576 8776
200576 8897
200576 8898
200576 9107
200576 9108
200576 9110
200576 5305
200576 79837
200576 8396
200576 5297
200576 5298
200576 55300
200576 55361
200576 55529
200576 90809
200576 5289
5297 3633
5297 4952
5297 56623
5297 8867
5297 8871
5297 5286
5297 5287
5297 5288
5297 5295
5297 5296
5297 8503
5297 113026
5297 23236
5297 51196
5297 5330
5297 5331
5297 5332
5297 5333
5297 5335
5297 5336
5297 84812
5297 89869
5297 4534
5297 55613
5297 64419
5297 8776
5297 8897
5297 8898
5297 9107
5297 9108
5297 9110
5297 5289
5298 3633
5298 4952
5298 56623
5298 8867
5298 8871
5298 5286
5298 5287
5298 5288
5298 5295
5298 5296
5298 8503
5298 113026
5298 23236
5298 51196
5298 5330
5298 5331
5298 5332
5298 5333
5298 5335
5298 5336
5298 84812
5298 89869
5298 4534
5298 55613
5298 64419
5298 8776
5298 8897
5298 8898
5298 9107
5298 9108
5298 9110
5298 5289
55300 3633
55300 4952
55300 56623
55300 8867
55300 8871
55300 5286
55300 5287
55300 5288
55300 5295
55300 5296
55300 8503
55300 113026
55300 23236
55300 51196
55300 5330
55300 5331
55300 5332
55300 5333
55300 5335
55300 5336
55300 84812
55300 89869
55300 4534
55300 55613
55300 64419
55300 8776
55300 8897
55300 8898
55300 9107
55300 9108
55300 9110
55300 5289
55361 3633
55361 4952
55361 56623
55361 8867
55361 8871
55361 5286
55361 5287
55361 5288
55361 5295
55361 5296
55361 8503
55361 113026
55361 23236
55361 51196
55361 5330
55361 5331
55361 5332
55361 5333
55361 5335
55361 5336
55361 84812
55361 89869
55361 4534
55361 55613
55361 64419
55361 8776
55361 8897
55361 8898
55361 9107
55361 9108
55361 9110
55361 5289
5286 4534
5286 55613
5286 64419
5286 8776
5286 8897
5286 8898
5286 9107
5286 9108
5286 9110
5286 3633
5286 4952
5286 56623
5286 8867
5286 8871
5286 113026
5286 23236
5286 51196
5286 5330
5286 5331
5286 5332
5286 5333
5286 5335
5286 5336
5286 84812
5286 89869
5286 200576
5286 3631
5286 8821
5286 3635
5286 3636
5287 4534
5287 55613
5287 64419
5287 8776
5287 8897
5287 8898
5287 9107
5287 9108
5287 9110
5287 3633
5287 4952
5287 56623
5287 8867
5287 8871
5287 113026
5287 23236
5287 51196
5287 5330
5287 5331
5287 5332
5287 5333
5287 5335
5287 5336
5287 84812
5287 89869
5287 200576
5287 3631
5287 8821
5287 3635
5287 3636
5288 4534
5288 55613
5288 64419
5288 8776
5288 8897
5288 8898
5288 9107
5288 9108
5288 9110
5288 3633
5288 4952
5288 56623
5288 8867
5288 8871
5288 113026
5288 23236
5288 51196
5288 5330
5288 5331
5288 5332
5288 5333
5288 5335
5288 5336
5288 84812
5288 89869
5288 200576
5288 3631
5288 8821
5288 3635
5288 3636
1040 139189
1040 1606
1040 1607
1040 1608
1040 160851
1040 1609
1040 8525
1040 8526
1040 8527
1040 9162
8760 139189
8760 1606
8760 1607
8760 1608
8760 160851
8760 1609
8760 8525
8760 8526
8760 8527
8760 9162
139189 113026
139189 23236
139189 51196
139189 5330
139189 5331
139189 5332
139189 5333
139189 5335
139189 5336
139189 84812
139189 89869
1606 113026
1606 23236
1606 51196
1606 5330
1606 5331
1606 5332
1606 5333
1606 5335
1606 5336
1606 84812
1606 89869
1607 113026
1607 23236
1607 51196
1607 5330
1607 5331
1607 5332
1607 5333
1607 5335
1607 5336
1607 84812
1607 89869
1608 113026
1608 23236
1608 51196
1608 5330
1608 5331
1608 5332
1608 5333
1608 5335
1608 5336
1608 84812
1608 89869
160851 113026
160851 23236
160851 51196
160851 5330
160851 5331
160851 5332
160851 5333
160851 5335
160851 5336
160851 84812
160851 89869
1609 113026
1609 23236
1609 51196
1609 5330
1609 5331
1609 5332
1609 5333
1609 5335
1609 5336
1609 84812
1609 89869
8525 113026
8525 23236
8525 51196
8525 5330
8525 5331
8525 5332
8525 5333
8525 5335
8525 5336
8525 84812
8525 89869
8526 113026
8526 23236
8526 51196
8526 5330
8526 5331
8526 5332
8526 5333
8526 5335
8526 5336
8526 84812
8526 89869
8527 113026
8527 23236
8527 51196
8527 5330
8527 5331
8527 5332
8527 5333
8527 5335
8527 5336
8527 84812
8527 89869
9162 113026
9162 23236
9162 51196
9162 5330
9162 5331
9162 5332
9162 5333
9162 5335
9162 5336
9162 84812
9162 89869
3631 4534
3631 55613
3631 64419
3631 8776
3631 8897
3631 8898
3631 9107
3631 9108
3631 9110
3631 200576
3631 5286
3631 5287
3631 5288
3631 5295
3631 5296
3631 8503
3631 3635
3631 3636
3631 3628
3631 5289
3631 3705
8821 4534
8821 55613
8821 64419
8821 8776
8821 8897
8821 8898
8821 9107
8821 9108
8821 9110
8821 200576
8821 5286
8821 5287
8821 5288
8821 5295
8821 5296
8821 8503
8821 3635
8821 3636
8821 3628
8821 5289
8821 3705
3633 113026
3633 23236
3633 51196
3633 5330
3633 5331
3633 5332
3633 5333
3633 5335
3633 5336
3633 84812
3633 89869
3633 5305
3633 79837
3633 8396
3633 5728
3633 55529
3633 90809
3633 5290
3633 5291
3633 5293
3633 5295
3633 5296
3633 8503
3633 3631
3633 8821
3633 5286
3633 5287
3633 5288
4952 113026
4952 23236
4952 51196
4952 5330
4952 5331
4952 5332
4952 5333
4952 5335
4952 5336
4952 84812
4952 89869
4952 5305
4952 79837
4952 8396
4952 5728
4952 55529
4952 90809
4952 5290
4952 5291
4952 5293
4952 5295
4952 5296
4952 8503
4952 3631
4952 8821
4952 5286
4952 5287
4952 5288
56623 113026
56623 23236
56623 51196
56623 5330
56623 5331
56623 5332
56623 5333
56623 5335
56623 5336
56623 84812
56623 89869
56623 5305
56623 79837
56623 8396
56623 5728
56623 55529
56623 90809
56623 5290
56623 5291
56623 5293
56623 5295
56623 5296
56623 8503
56623 3631
56623 8821
56623 5286
56623 5287
56623 5288
8867 113026
8867 23236
8867 51196
8867 5330
8867 5331
8867 5332
8867 5333
8867 5335
8867 5336
8867 84812
8867 89869
8867 5305
8867 79837
8867 8396
8867 5728
8867 55529
8867 90809
8867 5290
8867 5291
8867 5293
8867 5295
8867 5296
8867 8503
8867 3631
8867 8821
8867 5286
8867 5287
8867 5288
8871 113026
8871 23236
8871 51196
8871 5330
8871 5331
8871 5332
8871 5333
8871 5335
8871 5336
8871 84812
8871 89869
8871 5305
8871 79837
8871 8396
8871 5728
8871 55529
8871 90809
8871 5290
8871 5291
8871 5293
8871 5295
8871 5296
8871 8503
8871 3631
8871 8821
8871 5286
8871 5287
8871 5288
5305 5728
5305 55529
5305 90809
5305 4534
5305 55613
5305 64419
5305 8776
5305 8897
5305 8898
5305 9107
5305 9108
5305 9110
79837 5728
79837 55529
79837 90809
79837 4534
79837 55613
79837 64419
79837 8776
79837 8897
79837 8898
79837 9107
79837 9108
79837 9110
8396 5728
8396 55529
8396 90809
8396 4534
8396 55613
8396 64419
8396 8776
8396 8897
8396 8898
8396 9107
8396 9108
8396 9110
253430 3705
253430 253430
253430 27124
253430 3632
253430 51763
253430 64768
4534 3612
4534 3613
4534 54928
4534 55529
4534 90809
4534 5289
4534 5295
4534 5296
4534 8503
4534 3631
4534 8821
3612 3631
3612 8821
3612 3612
3612 3613
3612 54928
3612 3628
3613 3631
3613 8821
3613 3612
3613 3613
3613 54928
3613 3628
54928 3631
54928 8821
54928 3612
54928 3613
54928 54928
54928 3628
3628 27124
3628 3632
3628 51763
3628 113026
3628 23236
3628 51196
3628 5330
3628 5331
3628 5332
3628 5333
3628 5335
3628 5336
3628 84812
3628 89869
3628 3705
27124 3706
27124 3707
27124 80271
27124 113026
27124 23236
27124 51196
27124 5330
27124 5331
27124 5332
27124 5333
27124 5335
27124 5336
27124 84812
27124 89869
27124 253430
27124 3705
27124 3631
27124 8821
3632 3706
3632 3707
3632 80271
3632 113026
3632 23236
3632 51196
3632 5330
3632 5331
3632 5332
3632 5333
3632 5335
3632 5336
3632 84812
3632 89869
3632 253430
3632 3705
3632 3631
3632 8821
51763 3706
51763 3707
51763 80271
51763 113026
51763 23236
51763 51196
51763 5330
51763 5331
51763 5332
51763 5333
51763 5335
51763 5336
51763 84812
51763 89869
51763 253430
51763 3705
51763 3631
51763 8821
3706 253430
3707 253430
80271 253430
3635 5728
3636 5728
55613 55529
55613 90809
55613 5289
55613 5295
55613 5296
55613 8503
64419 55529
64419 90809
64419 5289
64419 5295
64419 5296
64419 8503
8776 55529
8776 90809
8776 5289
8776 5295
8776 5296
8776 8503
8897 55529
8897 90809
8897 5289
8897 5295
8897 5296
8897 8503
8898 55529
8898 90809
8898 5289
8898 5295
8898 5296
8898 8503
9107 55529
9107 90809
9107 5289
9107 5295
9107 5296
9107 8503
9108 55529
9108 90809
9108 5289
9108 5295
9108 5296
9108 8503
9110 55529
9110 90809
9110 5289
9110 5295
9110 5296
9110 8503
117283 64768
117283 23262
117283 9677
51447 64768
51447 23262
51447 9677
9807 64768
9807 23262
9807 9677
23262 64768
23262 117283
23262 51447
23262 9807
9677 64768
9677 117283
9677 51447
9677 9807
22876 200576
22876 113026
22876 23236
22876 51196
22876 5330
22876 5331
22876 5332
22876 5333
22876 5335
22876 5336
22876 84812
22876 89869
22876 5289
22876 5295
22876 5296
22876 8503
22876 5286
22876 5287
22876 5288
22876 5728
22876 4534
22876 55613
22876 64419
22876 8776
22876 8897
22876 8898
22876 9107
22876 9108
22876 9110
22876 10423
22876 3633
22876 4952
22876 56623
22876 8867
22876 8871
22876 23396
22876 8394
22876 8395
22908 200576
22908 113026
22908 23236
22908 51196
22908 5330
22908 5331
22908 5332
22908 5333
22908 5335
22908 5336
22908 84812
22908 89869
22908 5289
22908 5295
22908 5296
22908 8503
22908 5286
22908 5287
22908 5288
22908 5728
22908 4534
22908 55613
22908 64419
22908 8776
22908 8897
22908 8898
22908 9107
22908 9108
22908 9110
22908 10423
22908 3633
22908 4952
22908 56623
22908 8867
22908 8871
22908 23396
22908 8394
22908 8395
