2767 23236
2767 5330
2767 5331
2767 5332
2776 23236
2776 5330
2776 5331
2776 5332
10488 6770
10488 5443
10488 1584
10488 1586
10488 57552
1385 6770
1385 5443
1385 1584
1385 1586
1385 57552
1386 6770
1386 5443
1386 1584
1386 1586
1386 57552
1388 6770
1388 5443
1388 1584
1388 1586
1388 57552
148327 6770
148327 5443
148327 1584
148327 1586
148327 57552
468 6770
468 5443
468 1584
468 1586
468 57552
64764 6770
64764 5443
64764 1584
64764 1586
64764 57552
84699 6770
84699 5443
84699 1584
84699 1586
84699 57552
90993 6770
90993 5443
90993 1584
90993 1586
90993 57552
9586 6770
9586 5443
9586 1584
9586 1586
9586 57552
185 2767
185 2776
4158 2778
2778 107
2778 108
2778 109
2778 111
2778 112
2778 113
2778 114
2778 115
2778 196883
5566 775
5566 776
5566 778
5566 779
5566 5906
5566 5908
5566 10488
5566 1385
5566 1386
5566 1388
5566 148327
5566 468
5566 64764
5566 84699
5566 90993
5566 9586
5566 3776
5566 2516
5566 3164
5566 6667
5566 5087
5567 775
5567 776
5567 778
5567 779
5567 5906
5567 5908
5567 10488
5567 1385
5567 1386
5567 1388
5567 148327
5567 468
5567 64764
5567 84699
5567 90993
5567 9586
5567 3776
5567 2516
5567 3164
5567 6667
5567 5087
5568 775
5568 776
5568 778
5568 779
5568 5906
5568 5908
5568 10488
5568 1385
5568 1386
5568 1388
5568 148327
5568 468
5568 64764
5568 84699
5568 90993
5568 9586
5568 3776
5568 2516
5568 3164
5568 6667
5568 5087
5443 4158
5443 56246
2516 1584
2516 1586
2516 6770
2516 57552
3164 5443
3164 1584
3164 1586
3164 6770
3164 57552
6667 1584
6667 1586
6667 6770
6667 57552
5087 1584
5087 1586
5087 6770
5087 57552
10297 51176
10297 6932
10297 6934
10297 83439
324 51176
324 6932
324 6934
324 83439
8312 51176
8312 6932
8312 6934
8312 83439
8313 51176
8313 6932
8313 6934
8313 83439
1855 2932
1856 2932
1857 2932
11211 1855
11211 1856
11211 1857
2535 1855
2535 1856
2535 1857
7855 1855
7855 1856
7855 1857
7976 1855
7976 1856
7976 1857
8321 1855
8321 1856
8321 1857
8322 1855
8322 1856
8322 1857
8323 1855
8323 1856
8323 1857
8324 1855
8324 1856
8324 1857
8325 1855
8325 1856
8325 1857
8326 1855
8326 1856
8326 1857
1499 51176
1499 6932
1499 6934
1499 83439
2932 10297
2932 324
2932 8312
2932 8313
2932 1499
1956 5594
1956 5595
5594 3164
5595 3164
9101 1956
1392 1394
1392 1395
1394 2778
1395 2778
815 5906
815 5908
816 5906
816 5908
817 5906
817 5908
818 5906
818 5908
2770 107
2770 108
2770 109
2770 111
2770 112
2770 113
2770 114
2770 115
2770 196883
2771 107
2771 108
2771 109
2771 111
2771 112
2771 113
2771 114
2771 115
2771 196883
2773 107
2773 108
2773 109
2773 111
2773 112
2773 113
2773 114
2773 115
2773 196883
51655 2770
51655 2771
51655 2773
595 5925
1026 1017
1026 898
1026 9134
1019 5925
1021 5925
5925 1869
5925 1870
5925 1871
1017 5925
898 5925
9134 5925
1027 1017
1027 898
1027 9134
1030 595
1030 1019
1030 1021
1029 595
1029 1019
1029 1021
196 1027
405 1027
1031 595
1031 1019
1031 1021
4221 1031
4221 1030
4221 1029
4221 1027
11091 1031
11091 1030
11091 1029
11091 1027
4297 1031
4297 1030
4297 1029
4297 1027
54554 1031
54554 1030
54554 1029
54554 1027
5929 1031
5929 1030
5929 1029
5929 1027
8085 1031
8085 1030
8085 1029
8085 1027
9070 1031
9070 1030
9070 1029
9070 1027
5906 673
5908 673
673 5604
673 5605
5604 5594
5604 5595
5605 5594
5605 5595
51384 11211
51384 2535
51384 7855
51384 7976
51384 8321
51384 8322
51384 8323
51384 8324
51384 8325
51384 8326
54361 11211
54361 2535
54361 7855
54361 7976
54361 8321
54361 8322
54361 8323
54361 8324
54361 8325
54361 8326
7471 11211
7471 2535
7471 7855
7471 7976
7471 8321
7471 8322
7471 8323
7471 8324
7471 8325
7471 8326
7472 11211
7472 2535
7472 7855
7472 7976
7472 8321
7472 8322
7472 8323
7472 8324
7472 8325
7472 8326
7473 11211
7473 2535
7473 7855
7473 7976
7473 8321
7473 8322
7473 8323
7473 8324
7473 8325
7473 8326
7474 11211
7474 2535
7474 7855
7474 7976
7474 8321
7474 8322
7474 8323
7474 8324
7474 8325
7474 8326
7475 11211
7475 2535
7475 7855
7475 7976
7475 8321
7475 8322
7475 8323
7475 8324
7475 8325
7475 8326
7476 11211
7476 2535
7476 7855
7476 7976
7476 8321
7476 8322
7476 8323
7476 8324
7476 8325
7476 8326
7477 11211
7477 2535
7477 7855
7477 7976
7477 8321
7477 8322
7477 8323
7477 8324
7477 8325
7477 8326
7478 11211
7478 2535
7478 7855
7478 7976
7478 8321
7478 8322
7478 8323
7478 8324
7478 8325
7478 8326
7479 11211
7479 2535
7479 7855
7479 7976
7479 8321
7479 8322
7479 8323
7479 8324
7479 8325
7479 8326
7480 11211
7480 2535
7480 7855
7480 7976
7480 8321
7480 8322
7480 8323
7480 8324
7480 8325
7480 8326
7481 11211
7481 2535
7481 7855
7481 7976
7481 8321
7481 8322
7481 8323
7481 8324
7481 8325
7481 8326
7482 11211
7482 2535
7482 7855
7482 7976
7482 8321
7482 8322
7482 8323
7482 8324
7482 8325
7482 8326
7483 11211
7483 2535
7483 7855
7483 7976
7483 8321
7483 8322
7483 8323
7483 8324
7483 8325
7483 8326
7484 11211
7484 2535
7484 7855
7484 7976
7484 8321
7484 8322
7484 8323
7484 8324
7484 8325
7484 8326
80326 11211
80326 2535
80326 7855
80326 7976
80326 8321
80326 8322
80326 8323
80326 8324
80326 8325
80326 8326
81029 11211
81029 2535
81029 7855
81029 7976
81029 8321
81029 8322
81029 8323
81029 8324
81029 8325
81029 8326
89780 11211
89780 2535
89780 7855
89780 7976
89780 8321
89780 8322
89780 8323
89780 8324
89780 8325
89780 8326
