960 7410
960 998
960 8826
960 7074
960 9138
960 23365
960 286
960 287
960 288
960 79923
960 117581
960 7291
7074 5879
2064 2885
2064 960
2064 1499
2064 4609
2064 3091
387 6093
387 9475
387 51196
6093 286
6093 287
6093 288
6093 2549
6093 6548
6093 4659
6093 4660
6093 54776
6093 5499
6093 5500
6093 5501
9475 286
9475 287
9475 288
9475 2549
9475 6548
9475 4659
9475 4660
9475 54776
9475 5499
9475 5500
9475 5501
286 7074
286 3708
286 3709
286 3710
287 7074
287 3708
287 3709
287 3710
288 7074
288 3708
288 3709
288 3710
5290 10000
5290 207
5290 208
5290 5170
5291 10000
5291 207
5291 208
5291 5170
5293 10000
5293 207
5293 208
5293 5170
5295 10000
5295 207
5295 208
5295 5170
5296 10000
5296 207
5296 208
5296 5170
8503 10000
8503 207
8503 208
8503 5170
10000 2475
207 2475
208 2475
3708 815
3708 816
3708 817
3708 818
3709 815
3709 816
3709 817
3709 818
3710 815
3710 816
3710 817
3710 818
815 2316
815 2317
815 2318
816 2316
816 2317
816 2318
817 2316
817 2317
817 2318
818 2316
818 2317
818 2318
51196 3708
51196 3709
51196 3710
23365 387
2549 5290
2549 5291
2549 5293
2549 5295
2549 5296
2549 8503
5879 5058
998 5058
998 60
998 71
5058 2316
5058 2317
5058 2318
5058 7074
8826 5594
8826 60
8826 71
5594 2002
5594 2099
5594 1026
5594 4318
5594 5328
5594 5329
2002 595
2099 595
22800 369
22800 5894
22800 673
22800 5594
22800 5595
22808 369
22808 5894
22808 673
22808 5594
22808 5595
3265 369
3265 5894
3265 673
3265 5594
3265 5595
3845 369
3845 5894
3845 673
3845 5594
3845 5595
4893 369
4893 5894
4893 673
4893 5594
4893 5595
6237 369
6237 5894
6237 673
6237 5594
6237 5595
369 5604
369 5605
369 5594
369 5595
5894 5604
5894 5605
5894 5594
5894 5595
673 5604
673 5605
673 5594
673 5595
5604 5594
5604 5595
5605 5594
5605 5595
5595 1026
5595 4318
5595 5328
5595 5329
79923 6774
79923 1655
79923 29102
1655 406991
29102 406991
406991 27250
6774 406991
6714 2017
6714 3059
6714 5747
2885 22800
2885 22808
2885 3265
2885 3845
2885 4893
2885 6237
2885 6654
2885 6655
7410 5879
9138 387
4193 7157
4318 7422
4318 6382
1499 7422
5747 1432
5747 5600
5747 5603
5747 6300
1634 3479
1634 1956
1634 7040
1634 2064
1634 2065
1634 2066
1634 4233
1634 7097
1634 7099
7097 27250
7097 7124
7097 3593
7099 27250
7099 7124
7099 3593
7040 406991
2065 1499
2065 4609
2065 3091
2066 1499
2066 4609
2066 3091
4609 7023
4233 867
4233 2549
4233 2885
867 4609
867 1499
867 3091
867 7078
867 7057
7078 4313
7078 4318
7057 4313
7057 4318
4313 7422
7422 3791
3091 7422
7023 1026
3479 3480
3480 5290
3480 5291
3480 5293
3480 5295
3480 5296
3480 8503
3480 5594
3480 5595
5170 6198
5170 6199
2475 6198
2475 6199
6198 1975
6198 6194
6199 1975
6199 6194
356 355
4060 356
4060 4193
4060 7042
7042 4087
6382 5594
6382 5595
6382 3685
6382 3690
6382 7471
10855 6382
60495 6382
81578 3673
81578 3688
3673 5777
3673 5566
3673 5567
3673 5568
3688 6714
3688 5777
3688 5566
3688 5567
3688 5568
3082 4233
11211 1499
2535 1499
7855 1499
7976 1499
8321 1499
8322 1499
8323 1499
8324 1499
8325 1499
8326 1499
7471 11211
7471 2535
7471 7855
7471 7976
7471 8321
7471 8322
7471 8323
7471 8324
7471 8325
7471 8326
6383 7430
6383 5962
6383 4478
7430 60
7430 71
5962 60
5962 71
4478 60
4478 71
2247 2260
2260 10818
2260 5335
2260 5336
2260 5594
2260 5595
6385 5578
6385 84309
6385 5829
6385 5747
3678 6714
2335 3685
2335 3693
2335 3678
2335 3688
2335 6383
2335 6385
10818 2885
10818 5781
5781 6654
5781 6655
6654 22800
6654 22808
6654 3265
6654 3845
6654 4893
6654 6237
6655 22800
6655 22808
6655 3265
6655 3845
6655 4893
6655 6237
5335 5578
5335 5579
5335 5582
5336 5578
5336 5579
5336 5582
2719 3481
2719 51384
2719 54361
2719 7471
2719 7472
2719 7473
2719 7474
2719 7475
2719 7476
2719 7477
2719 7478
2719 7479
2719 7480
2719 7481
2719 7482
2719 7483
2719 7484
2719 80326
2719 81029
2719 89780
3549 2719
3549 5727
6469 2719
6469 5727
5727 6608
3481 3480
3339 3673
3339 3688
3339 7422
3339 3339
5566 5747
5567 5747
5568 5747
1432 3316
5600 3316
5603 3316
6300 3316
5777 3791
7448 3685
7448 3690
117581 406902
117581 406903
7291 406902
7291 406903
406902 3236
406903 3236
2817 1839
2817 2247
1839 1956
1956 836
1956 5594
1956 5595
1956 967
51384 11211
51384 2535
51384 7855
51384 7976
51384 8321
51384 8322
51384 8323
51384 8324
51384 8325
51384 8326
54361 11211
54361 2535
54361 7855
54361 7976
54361 8321
54361 8322
54361 8323
54361 8324
54361 8325
54361 8326
7472 11211
7472 2535
7472 7855
7472 7976
7472 8321
7472 8322
7472 8323
7472 8324
7472 8325
7472 8326
7473 11211
7473 2535
7473 7855
7473 7976
7473 8321
7473 8322
7473 8323
7473 8324
7473 8325
7473 8326
7474 11211
7474 2535
7474 7855
7474 7976
7474 8321
7474 8322
7474 8323
7474 8324
7474 8325
7474 8326
7475 11211
7475 2535
7475 7855
7475 7976
7475 8321
7475 8322
7475 8323
7475 8324
7475 8325
7475 8326
7476 11211
7476 2535
7476 7855
7476 7976
7476 8321
7476 8322
7476 8323
7476 8324
7476 8325
7476 8326
7477 11211
7477 2535
7477 7855
7477 7976
7477 8321
7477 8322
7477 8323
7477 8324
7477 8325
7477 8326
7478 11211
7478 2535
7478 7855
7478 7976
7478 8321
7478 8322
7478 8323
7478 8324
7478 8325
7478 8326
7479 11211
7479 2535
7479 7855
7479 7976
7479 8321
7479 8322
7479 8323
7479 8324
7479 8325
7479 8326
7480 11211
7480 2535
7480 7855
7480 7976
7480 8321
7480 8322
7480 8323
7480 8324
7480 8325
7480 8326
7481 11211
7481 2535
7481 7855
7481 7976
7481 8321
7481 8322
7481 8323
7481 8324
7481 8325
7481 8326
7482 11211
7482 2535
7482 7855
7482 7976
7482 8321
7482 8322
7482 8323
7482 8324
7482 8325
7482 8326
7483 11211
7483 2535
7483 7855
7483 7976
7483 8321
7483 8322
7483 8323
7483 8324
7483 8325
7483 8326
7484 11211
7484 2535
7484 7855
7484 7976
7484 8321
7484 8322
7484 8323
7484 8324
7484 8325
7484 8326
80326 11211
80326 2535
80326 7855
80326 7976
80326 8321
80326 8322
80326 8323
80326 8324
80326 8325
80326 8326
81029 11211
81029 2535
81029 7855
81029 7976
81029 8321
81029 8322
81029 8323
81029 8324
81029 8325
81029 8326
89780 11211
89780 2535
89780 7855
89780 7976
89780 8321
89780 8322
89780 8323
89780 8324
89780 8325
89780 8326
857 967
858 967
859 967
