51384 11211
51384 2535
51384 7855
51384 7976
51384 8321
51384 8322
51384 8323
51384 8324
51384 8325
51384 8326
54361 11211
54361 2535
54361 7855
54361 7976
54361 8321
54361 8322
54361 8323
54361 8324
54361 8325
54361 8326
7471 11211
7471 2535
7471 7855
7471 7976
7471 8321
7471 8322
7471 8323
7471 8324
7471 8325
7471 8326
7472 11211
7472 2535
7472 7855
7472 7976
7472 8321
7472 8322
7472 8323
7472 8324
7472 8325
7472 8326
7473 11211
7473 2535
7473 7855
7473 7976
7473 8321
7473 8322
7473 8323
7473 8324
7473 8325
7473 8326
7474 11211
7474 2535
7474 7855
7474 7976
7474 8321
7474 8322
7474 8323
7474 8324
7474 8325
7474 8326
7475 11211
7475 2535
7475 7855
7475 7976
7475 8321
7475 8322
7475 8323
7475 8324
7475 8325
7475 8326
7476 11211
7476 2535
7476 7855
7476 7976
7476 8321
7476 8322
7476 8323
7476 8324
7476 8325
7476 8326
7477 11211
7477 2535
7477 7855
7477 7976
7477 8321
7477 8322
7477 8323
7477 8324
7477 8325
7477 8326
7478 11211
7478 2535
7478 7855
7478 7976
7478 8321
7478 8322
7478 8323
7478 8324
7478 8325
7478 8326
7479 11211
7479 2535
7479 7855
7479 7976
7479 8321
7479 8322
7479 8323
7479 8324
7479 8325
7479 8326
7480 11211
7480 2535
7480 7855
7480 7976
7480 8321
7480 8322
7480 8323
7480 8324
7480 8325
7480 8326
7481 11211
7481 2535
7481 7855
7481 7976
7481 8321
7481 8322
7481 8323
7481 8324
7481 8325
7481 8326
7482 11211
7482 2535
7482 7855
7482 7976
7482 8321
7482 8322
7482 8323
7482 8324
7482 8325
7482 8326
7483 11211
7483 2535
7483 7855
7483 7976
7483 8321
7483 8322
7483 8323
7483 8324
7483 8325
7483 8326
7484 11211
7484 2535
7484 7855
7484 7976
7484 8321
7484 8322
7484 8323
7484 8324
7484 8325
7484 8326
80326 11211
80326 2535
80326 7855
80326 7976
80326 8321
80326 8322
80326 8323
80326 8324
80326 8325
80326 8326
81029 11211
81029 2535
81029 7855
81029 7976
81029 8321
81029 8322
81029 8323
81029 8324
81029 8325
81029 8326
89780 11211
89780 2535
89780 7855
89780 7976
89780 8321
89780 8322
89780 8323
89780 8324
89780 8325
89780 8326
10297 6927
324 6927
8312 6927
8313 6927
1855 2932
1856 2932
1857 2932
11211 1855
11211 1856
11211 1857
2535 1855
2535 1856
2535 1857
7855 1855
7855 1856
7855 1857
7976 1855
7976 1856
7976 1857
8321 1855
8321 1856
8321 1857
8322 1855
8322 1856
8322 1857
8323 1855
8323 1856
8323 1857
8324 1855
8324 1856
8324 1857
8325 1855
8325 1856
8325 1857
8326 1855
8326 1856
8326 1857
1499 6929
1499 6927
2932 1499
2932 4609
3976 3572
3976 3977
3572 3716
3572 3717
3572 3718
3572 2885
3572 5290
3572 5291
3572 5293
3572 5295
3572 5296
3572 8503
3977 3716
3977 3717
3977 3718
3977 2885
3977 5290
3977 5291
3977 5293
3977 5295
3977 5296
3977 8503
3716 6774
3717 6774
3718 6774
6774 9314
6774 4609
9314 6657
5290 10000
5290 207
5290 208
5291 10000
5291 207
5291 208
5293 10000
5293 207
5293 208
5295 10000
5295 207
5295 208
5296 10000
5296 207
5296 208
8503 10000
8503 207
8503 208
6926 79923
2885 5604
2885 5605
3624 130399
3624 91
3624 92
3624 93
3625 130399
3625 91
3625 92
3625 93
3626 130399
3626 91
3626 92
3626 93
83729 130399
83729 91
83729 92
83729 93
130399 4087
130399 4088
91 4087
91 4088
92 4087
92 4088
93 4087
93 4088
4087 4089
4088 4089
652 657
652 658
652 659
652 90
657 4086
657 4090
657 4093
657 5594
657 5595
657 1432
657 5600
657 5603
657 6300
658 4086
658 4090
658 4093
658 5594
658 5595
658 1432
658 5600
658 5603
658 6300
659 4086
659 4090
659 4093
659 5594
659 5595
659 1432
659 5600
659 5603
659 6300
90 4086
90 4090
90 4093
90 5594
90 5595
90 1432
90 5600
90 5603
90 6300
5594 6926
5595 6926
79923 5460
79923 5462
5460 6657
5462 6657
6657 79923
3265 5894
3845 5894
4893 5894
5894 5604
5894 5605
5604 5594
5604 5595
5605 5594
5605 5595
2247 2260
2247 2261
2247 2263
2247 2264
2260 3265
2260 3845
2260 4893
2260 5290
2260 5291
2260 5293
2260 5295
2260 5296
2260 8503
2261 3265
2261 3845
2261 4893
2261 5290
2261 5291
2261 5293
2261 5295
2261 5296
2261 8503
2263 3265
2263 3845
2263 4893
2263 5290
2263 5291
2263 5293
2263 5295
2263 5296
2263 8503
2264 3265
2264 3845
2264 4893
2264 5290
2264 5291
2264 5293
2264 5295
2264 5296
2264 8503
3479 3480
3480 5290
3480 5291
3480 5293
3480 5295
3480 5296
3480 8503
4086 1852
4086 3397
4086 3398
4086 3399
4086 3400
4086 4089
4090 1852
4090 3397
4090 3398
4090 3399
4090 3400
4090 4089
4093 1852
4093 3397
4093 3398
4093 3399
4093 3400
4093 4089
6929 2103
1852 5594
1852 5595
4838 130399
4838 91
4838 92
4838 93
