5663 9451
5663 2081
5663 22926
5664 9451
5664 2081
5664 22926
351 8883
351 322
351 2597
842 836
54205 842
317 842
2776 23236
2776 5330
2776 5331
2776 5332
823 8851
824 8851
8851 8851
8851 4137
1020 4137
355 8772
7132 8772
8772 841
841 637
348 4035
163688 5530
163688 5532
163688 5533
163688 5534
163688 5535
51806 5530
51806 5532
51806 5533
51806 5534
51806 5535
801 5530
801 5532
801 5533
801 5534
801 5535
805 5530
805 5532
805 5533
805 5534
805 5535
808 5530
808 5532
808 5533
808 5534
808 5535
810 5530
810 5532
810 5533
810 5534
810 5535
91860 5530
91860 5532
91860 5533
91860 5534
91860 5535
5530 572
5532 572
5533 572
5534 572
5535 572
4023 4035
2932 4137
