4659 10398
5499 10398
5500 10398
5501 10398
5592 6543
5592 6546
5592 6547
5592 23439
5592 476
5592 477
5592 478
5592 480
5592 481
5592 482
5592 483
5592 486
5592 490
5592 491
5592 492
5592 493
5592 5581
5592 10242
5592 157855
5592 27094
5592 27345
5592 3778
5592 3779
5592 5997
5592 2969
5592 9569
5592 10335
5592 5350
5592 10488
5592 1385
5592 1386
5592 1388
5592 148327
5592 468
5592 64764
5592 84699
5592 90993
5592 9586
5592 572
5592 7408
5592 5894
5592 7225
5592 775
5592 776
5592 778
5592 779
5592 23236
5592 5330
5592 5331
5592 5332
5592 4659
5592 5499
5592 5500
5592 5501
5593 6543
5593 6546
5593 6547
5593 23439
5593 476
5593 477
5593 478
5593 480
5593 481
5593 482
5593 483
5593 486
5593 490
5593 491
5593 492
5593 493
5593 5581
5593 10242
5593 157855
5593 27094
5593 27345
5593 3778
5593 3779
5593 5997
5593 2969
5593 9569
5593 10335
5593 5350
5593 10488
5593 1385
5593 1386
5593 1388
5593 148327
5593 468
5593 64764
5593 84699
5593 90993
5593 9586
5593 572
5593 7408
5593 5894
5593 7225
5593 775
5593 776
5593 778
5593 779
5593 23236
5593 5330
5593 5331
5593 5332
5593 4659
5593 5499
5593 5500
5593 5501
10242 775
10242 776
10242 778
10242 779
157855 775
157855 776
157855 778
157855 779
27094 775
27094 776
27094 778
27094 779
27345 775
27345 776
27345 778
27345 779
3778 775
3778 776
3778 778
3778 779
3779 775
3779 776
3779 778
3779 779
10335 3708
10335 3709
10335 3710
5997 2767
5997 2776
146 2767
146 2776
146 10672
146 2768
146 7225
147 2767
147 2776
147 10672
147 2768
147 7225
148 2767
148 2776
148 10672
148 2768
148 7225
150 2767
150 2776
150 10672
150 2768
150 7225
151 2767
151 2776
151 10672
151 2768
151 7225
152 2767
152 2776
152 10672
152 2768
152 7225
185 2767
185 2776
185 10672
185 2768
185 7225
1909 2767
1909 2776
1909 10672
1909 2768
1909 7225
1910 2767
1910 2776
1910 10672
1910 2768
1910 7225
387 6093
387 9475
6093 4659
6093 5499
6093 5500
6093 5501
9475 4659
9475 5499
9475 5500
9475 5501
2767 23236
2767 5330
2767 5331
2767 5332
2776 23236
2776 5330
2776 5331
2776 5332
5530 4772
5530 4773
5530 4775
5530 4776
5532 4772
5532 4773
5532 4775
5532 4776
5533 4772
5533 4773
5533 4775
5533 4776
5534 4772
5534 4773
5534 4775
5534 4776
5535 4772
5535 4773
5535 4775
5535 4776
4772 100271849
4772 4205
4772 4207
4772 4208
4772 4209
4772 4625
4772 4879
4772 7225
4772 2626
4772 6722
4773 100271849
4773 4205
4773 4207
4773 4208
4773 4209
4773 4625
4773 4879
4773 7225
4773 2626
4773 6722
4775 100271849
4775 4205
4775 4207
4775 4208
4775 4209
4775 4625
4775 4879
4775 7225
4775 2626
4775 6722
4776 100271849
4776 4205
4776 4207
4776 4208
4776 4209
4776 4625
4776 4879
4776 7225
4776 2626
4776 6722
5350 487
5350 488
5350 489
5894 5604
5894 5605
5604 5594
5604 5595
5605 5594
5605 5595
4985 2770
4985 2771
4985 2773
146850 10000
146850 207
146850 208
23533 10000
23533 207
23533 208
5294 10000
5294 207
5294 208
10000 4846
207 4846
208 4846
5581 3764
5581 10105
5581 291
5581 292
5581 293
5581 7416
5581 7417
5581 7419
5581 83447
340156 10398
4638 10398
85366 10398
91807 10398
163688 340156
163688 4638
163688 85366
163688 91807
51806 340156
51806 4638
51806 85366
51806 91807
801 340156
801 4638
801 85366
801 91807
805 340156
805 4638
805 85366
805 91807
808 340156
808 4638
808 85366
808 91807
810 340156
810 4638
810 85366
810 91807
91860 340156
91860 4638
91860 85366
91860 91807
3667 146850
3667 23533
3667 5294
8471 146850
8471 23533
8471 5294
8660 146850
8660 23533
8660 5294
3643 3667
3643 8471
3643 8660
153 2770
153 2771
153 2773
154 2770
154 2771
154 2773
155 2770
155 2771
155 2773
2770 146850
2770 23533
2770 5294
2770 4846
2771 146850
2771 23533
2771 5294
2771 4846
2773 146850
2773 23533
2773 5294
2773 4846
624 2770
624 2771
624 2773
134 2770
134 2771
134 2773
140 2770
140 2771
140 2773
3630 3643
10672 387
2768 387
