290 124975
290 2678
290 2686
290 2687
290 51471
290 9027
290 494143
290 79094
124975 2729
124975 2730
124975 2936
124975 2937
124975 119391
124975 221357
124975 27306
124975 2938
124975 2939
124975 2940
124975 2941
124975 2944
124975 2946
124975 2947
124975 2948
124975 2949
124975 2950
124975 2952
124975 2953
124975 373156
124975 4257
124975 4258
124975 4259
124975 653689
124975 9446
124975 2879
124975 257202
124975 2876
124975 2877
124975 2878
124975 2880
124975 2882
124975 493869
124975 51060
124975 290
124975 51056
124975 494143
124975 79094
124975 124975
124975 2678
124975 2686
124975 2687
2678 2729
2678 2730
2678 2936
2678 2937
2678 119391
2678 221357
2678 27306
2678 2938
2678 2939
2678 2940
2678 2941
2678 2944
2678 2946
2678 2947
2678 2948
2678 2949
2678 2950
2678 2952
2678 2953
2678 373156
2678 4257
2678 4258
2678 4259
2678 653689
2678 9446
2678 2879
2678 257202
2678 2876
2678 2877
2678 2878
2678 2880
2678 2882
2678 493869
2678 51060
2678 290
2678 51056
2678 494143
2678 79094
2678 124975
2678 2678
2678 2686
2678 2687
2686 2729
2686 2730
2686 2936
2686 2937
2686 119391
2686 221357
2686 27306
2686 2938
2686 2939
2686 2940
2686 2941
2686 2944
2686 2946
2686 2947
2686 2948
2686 2949
2686 2950
2686 2952
2686 2953
2686 373156
2686 4257
2686 4258
2686 4259
2686 653689
2686 9446
2686 2879
2686 257202
2686 2876
2686 2877
2686 2878
2686 2880
2686 2882
2686 493869
2686 51060
2686 290
2686 51056
2686 494143
2686 79094
2686 124975
2686 2678
2686 2686
2686 2687
2687 2729
2687 2730
2687 2936
2687 2937
2687 119391
2687 221357
2687 27306
2687 2938
2687 2939
2687 2940
2687 2941
2687 2944
2687 2946
2687 2947
2687 2948
2687 2949
2687 2950
2687 2952
2687 2953
2687 373156
2687 4257
2687 4258
2687 4259
2687 653689
2687 9446
2687 2879
2687 257202
2687 2876
2687 2877
2687 2878
2687 2880
2687 2882
2687 493869
2687 51060
2687 290
2687 51056
2687 494143
2687 79094
2687 124975
2687 2678
2687 2686
2687 2687
2937 2729
2937 2730
2937 79017
2937 290
2937 119391
2937 221357
2937 27306
2937 2938
2937 2939
2937 2940
2937 2941
2937 2944
2937 2946
2937 2947
2937 2948
2937 2949
2937 2950
2937 2952
2937 2953
2937 373156
2937 4257
2937 4258
2937 4259
2937 653689
2937 9446
2937 2879
2937 257202
2937 2876
2937 2877
2937 2878
2937 2880
2937 2882
2937 493869
2937 51060
2729 79017
2729 290
2730 79017
2730 290
26873 79017
26873 124975
26873 2678
26873 2686
26873 2687
26873 2729
26873 2730
26873 494143
26873 79094
79017 124975
79017 2678
79017 2686
79017 2687
79017 26873
79017 2729
79017 2730
79017 290
79017 494143
79017 79094
51471 51056
9027 51056
119391 2879
119391 257202
119391 2876
119391 2877
119391 2878
119391 2880
119391 2882
119391 493869
119391 51060
119391 124975
119391 2678
119391 2686
119391 2687
221357 2879
221357 257202
221357 2876
221357 2877
221357 2878
221357 2880
221357 2882
221357 493869
221357 51060
221357 124975
221357 2678
221357 2686
221357 2687
27306 2879
27306 257202
27306 2876
27306 2877
27306 2878
27306 2880
27306 2882
27306 493869
27306 51060
27306 124975
27306 2678
27306 2686
27306 2687
2938 2879
2938 257202
2938 2876
2938 2877
2938 2878
2938 2880
2938 2882
2938 493869
2938 51060
2938 124975
2938 2678
2938 2686
2938 2687
2939 2879
2939 257202
2939 2876
2939 2877
2939 2878
2939 2880
2939 2882
2939 493869
2939 51060
2939 124975
2939 2678
2939 2686
2939 2687
2940 2879
2940 257202
2940 2876
2940 2877
2940 2878
2940 2880
2940 2882
2940 493869
2940 51060
2940 124975
2940 2678
2940 2686
2940 2687
2941 2879
2941 257202
2941 2876
2941 2877
2941 2878
2941 2880
2941 2882
2941 493869
2941 51060
2941 124975
2941 2678
2941 2686
2941 2687
2944 2879
2944 257202
2944 2876
2944 2877
2944 2878
2944 2880
2944 2882
2944 493869
2944 51060
2944 124975
2944 2678
2944 2686
2944 2687
2946 2879
2946 257202
2946 2876
2946 2877
2946 2878
2946 2880
2946 2882
2946 493869
2946 51060
2946 124975
2946 2678
2946 2686
2946 2687
2947 2879
2947 257202
2947 2876
2947 2877
2947 2878
2947 2880
2947 2882
2947 493869
2947 51060
2947 124975
2947 2678
2947 2686
2947 2687
2948 2879
2948 257202
2948 2876
2948 2877
2948 2878
2948 2880
2948 2882
2948 493869
2948 51060
2948 124975
2948 2678
2948 2686
2948 2687
2949 2879
2949 257202
2949 2876
2949 2877
2949 2878
2949 2880
2949 2882
2949 493869
2949 51060
2949 124975
2949 2678
2949 2686
2949 2687
2950 2879
2950 257202
2950 2876
2950 2877
2950 2878
2950 2880
2950 2882
2950 493869
2950 51060
2950 124975
2950 2678
2950 2686
2950 2687
2952 2879
2952 257202
2952 2876
2952 2877
2952 2878
2952 2880
2952 2882
2952 493869
2952 51060
2952 124975
2952 2678
2952 2686
2952 2687
2953 2879
2953 257202
2953 2876
2953 2877
2953 2878
2953 2880
2953 2882
2953 493869
2953 51060
2953 124975
2953 2678
2953 2686
2953 2687
373156 2879
373156 257202
373156 2876
373156 2877
373156 2878
373156 2880
373156 2882
373156 493869
373156 51060
373156 124975
373156 2678
373156 2686
373156 2687
4257 2879
4257 257202
4257 2876
4257 2877
4257 2878
4257 2880
4257 2882
4257 493869
4257 51060
4257 124975
4257 2678
4257 2686
4257 2687
4258 2879
4258 257202
4258 2876
4258 2877
4258 2878
4258 2880
4258 2882
4258 493869
4258 51060
4258 124975
4258 2678
4258 2686
4258 2687
4259 2879
4259 257202
4259 2876
4259 2877
4259 2878
4259 2880
4259 2882
4259 493869
4259 51060
4259 124975
4259 2678
4259 2686
4259 2687
653689 2879
653689 257202
653689 2876
653689 2877
653689 2878
653689 2880
653689 2882
653689 493869
653689 51060
653689 124975
653689 2678
653689 2686
653689 2687
9446 2879
9446 257202
9446 2876
9446 2877
9446 2878
9446 2880
9446 2882
9446 493869
9446 51060
9446 124975
9446 2678
9446 2686
9446 2687
2936 2937
2936 119391
2936 221357
2936 27306
2936 2938
2936 2939
2936 2940
2936 2941
2936 2944
2936 2946
2936 2947
2936 2948
2936 2949
2936 2950
2936 2952
2936 2953
2936 373156
2936 4257
2936 4258
2936 4259
2936 653689
2936 9446
4953 6723
6611 6723
51056 79017
51056 2729
51056 2730
51056 2937
51056 494143
51056 79094
494143 124975
494143 2678
494143 2686
494143 2687
494143 2936
494143 2937
494143 119391
494143 221357
494143 27306
494143 2938
494143 2939
494143 2940
494143 2941
494143 2944
494143 2946
494143 2947
494143 2948
494143 2949
494143 2950
494143 2952
494143 2953
494143 373156
494143 4257
494143 4258
494143 4259
494143 653689
494143 9446
494143 2879
494143 257202
494143 2876
494143 2877
494143 2878
494143 2880
494143 2882
494143 493869
494143 51060
79094 124975
79094 2678
79094 2686
79094 2687
79094 2936
79094 2937
79094 119391
79094 221357
79094 27306
79094 2938
79094 2939
79094 2940
79094 2941
79094 2944
79094 2946
79094 2947
79094 2948
79094 2949
79094 2950
79094 2952
79094 2953
79094 373156
79094 4257
79094 4258
79094 4259
79094 653689
79094 9446
79094 2879
79094 257202
79094 2876
79094 2877
79094 2878
79094 2880
79094 2882
79094 493869
79094 51060
