102723407 2206
102723407 2205
102723407 2207
2534 9846
5609 5599
5609 5601
5609 5602
6416 5599
6416 5601
6416 5602
5606 1432
5606 5600
5606 5603
5606 6300
5608 1432
5608 5600
5608 5603
5608 6300
5170 10000
5170 207
5170 208
5290 695
5290 5335
5290 5336
5290 5170
5290 5879
5290 5880
5290 5881
5291 695
5291 5335
5291 5336
5291 5170
5291 5879
5291 5880
5291 5881
5293 695
5293 5335
5293 5336
5293 5170
5293 5879
5293 5880
5293 5881
5295 695
5295 5335
5295 5336
5295 5170
5295 5879
5295 5880
5295 5881
5296 695
5296 5335
5296 5336
5296 5170
5296 5879
5296 5880
5296 5881
8503 695
8503 5335
8503 5336
8503 5170
8503 5879
8503 5880
8503 5881
3937 5335
3937 5336
3937 10451
3937 7409
3937 7410
695 5335
695 5336
6850 5335
6850 5336
6850 5290
6850 5291
6850 5293
6850 5295
6850 5296
6850 8503
6850 3937
6850 10451
6850 7409
6850 7410
6850 27040
6850 9846
6850 2207
4067 2206
4067 2207
4067 695
4067 6850
27040 2885
5335 5578
5336 5578
5594 100137049
5594 123745
5594 255189
5594 283748
5594 5321
5594 8605
5594 8681
5595 100137049
5595 123745
5595 255189
5595 283748
5595 5321
5595 8605
5595 8681
5604 5594
5604 5595
5605 5594
5605 5595
5894 5604
5894 5605
3265 5894
3845 5894
4893 5894
6654 3265
6654 3845
6654 4893
6655 3265
6655 3845
6655 4893
2885 6654
2885 6655
5879 5609
5879 6416
5879 5606
5879 5608
5880 5609
5880 6416
5880 5606
5880 5608
5881 5609
5881 6416
5881 5606
5881 5608
10451 5879
10451 5880
10451 5881
7409 5879
7409 5880
7409 5881
7410 5879
7410 5880
7410 5881
