100132463 100132463
100132463 100506658
100132463 10686
100132463 1364
100132463 1365
100132463 1366
100132463 137075
100132463 149461
100132463 23562
100132463 24146
100132463 26285
100132463 49861
100132463 5010
100132463 51208
100132463 53842
100132463 644672
100132463 7122
100132463 9071
100132463 9073
100132463 9074
100132463 9075
100132463 9076
100132463 9080
100132463 90952
100506658 100132463
100506658 100506658
100506658 10686
100506658 1364
100506658 1365
100506658 1366
100506658 137075
100506658 149461
100506658 23562
100506658 24146
100506658 26285
100506658 49861
100506658 5010
100506658 51208
100506658 53842
100506658 644672
100506658 7122
100506658 9071
100506658 9073
100506658 9074
100506658 9075
100506658 9076
100506658 9080
100506658 90952
10686 100132463
10686 100506658
10686 10686
10686 1364
10686 1365
10686 1366
10686 137075
10686 149461
10686 23562
10686 24146
10686 26285
10686 49861
10686 5010
10686 51208
10686 53842
10686 644672
10686 7122
10686 9071
10686 9073
10686 9074
10686 9075
10686 9076
10686 9080
10686 90952
1364 100132463
1364 100506658
1364 10686
1364 1364
1364 1365
1364 1366
1364 137075
1364 149461
1364 23562
1364 24146
1364 26285
1364 49861
1364 5010
1364 51208
1364 53842
1364 644672
1364 7122
1364 9071
1364 9073
1364 9074
1364 9075
1364 9076
1364 9080
1364 90952
1365 100132463
1365 100506658
1365 10686
1365 1364
1365 1365
1365 1366
1365 137075
1365 149461
1365 23562
1365 24146
1365 26285
1365 49861
1365 5010
1365 51208
1365 53842
1365 644672
1365 7122
1365 9071
1365 9073
1365 9074
1365 9075
1365 9076
1365 9080
1365 90952
1366 100132463
1366 100506658
1366 10686
1366 1364
1366 1365
1366 1366
1366 137075
1366 149461
1366 23562
1366 24146
1366 26285
1366 49861
1366 5010
1366 51208
1366 53842
1366 644672
1366 7122
1366 9071
1366 9073
1366 9074
1366 9075
1366 9076
1366 9080
1366 90952
137075 100132463
137075 100506658
137075 10686
137075 1364
137075 1365
137075 1366
137075 137075
137075 149461
137075 23562
137075 24146
137075 26285
137075 49861
137075 5010
137075 51208
137075 53842
137075 644672
137075 7122
137075 9071
137075 9073
137075 9074
137075 9075
137075 9076
137075 9080
137075 90952
149461 100132463
149461 100506658
149461 10686
149461 1364
149461 1365
149461 1366
149461 137075
149461 149461
149461 23562
149461 24146
149461 26285
149461 49861
149461 5010
149461 51208
149461 53842
149461 644672
149461 7122
149461 9071
149461 9073
149461 9074
149461 9075
149461 9076
149461 9080
149461 90952
23562 100132463
23562 100506658
23562 10686
23562 1364
23562 1365
23562 1366
23562 137075
23562 149461
23562 23562
23562 24146
23562 26285
23562 49861
23562 5010
23562 51208
23562 53842
23562 644672
23562 7122
23562 9071
23562 9073
23562 9074
23562 9075
23562 9076
23562 9080
23562 90952
24146 100132463
24146 100506658
24146 10686
24146 1364
24146 1365
24146 1366
24146 137075
24146 149461
24146 23562
24146 24146
24146 26285
24146 49861
24146 5010
24146 51208
24146 53842
24146 644672
24146 7122
24146 9071
24146 9073
24146 9074
24146 9075
24146 9076
24146 9080
24146 90952
26285 100132463
26285 100506658
26285 10686
26285 1364
26285 1365
26285 1366
26285 137075
26285 149461
26285 23562
26285 24146
26285 26285
26285 49861
26285 5010
26285 51208
26285 53842
26285 644672
26285 7122
26285 9071
26285 9073
26285 9074
26285 9075
26285 9076
26285 9080
26285 90952
49861 100132463
49861 100506658
49861 10686
49861 1364
49861 1365
49861 1366
49861 137075
49861 149461
49861 23562
49861 24146
49861 26285
49861 49861
49861 5010
49861 51208
49861 53842
49861 644672
49861 7122
49861 9071
49861 9073
49861 9074
49861 9075
49861 9076
49861 9080
49861 90952
5010 100132463
5010 100506658
5010 10686
5010 1364
5010 1365
5010 1366
5010 137075
5010 149461
5010 23562
5010 24146
5010 26285
5010 49861
5010 5010
5010 51208
5010 53842
5010 644672
5010 7122
5010 9071
5010 9073
5010 9074
5010 9075
5010 9076
5010 9080
5010 90952
51208 100132463
51208 100506658
51208 10686
51208 1364
51208 1365
51208 1366
51208 137075
51208 149461
51208 23562
51208 24146
51208 26285
51208 49861
51208 5010
51208 51208
51208 53842
51208 644672
51208 7122
51208 9071
51208 9073
51208 9074
51208 9075
51208 9076
51208 9080
51208 90952
53842 100132463
53842 100506658
53842 10686
53842 1364
53842 1365
53842 1366
53842 137075
53842 149461
53842 23562
53842 24146
53842 26285
53842 49861
53842 5010
53842 51208
53842 53842
53842 644672
53842 7122
53842 9071
53842 9073
53842 9074
53842 9075
53842 9076
53842 9080
53842 90952
644672 100132463
644672 100506658
644672 10686
644672 1364
644672 1365
644672 1366
644672 137075
644672 149461
644672 23562
644672 24146
644672 26285
644672 49861
644672 5010
644672 51208
644672 53842
644672 644672
644672 7122
644672 9071
644672 9073
644672 9074
644672 9075
644672 9076
644672 9080
644672 90952
7122 100132463
7122 100506658
7122 10686
7122 1364
7122 1365
7122 1366
7122 137075
7122 149461
7122 23562
7122 24146
7122 26285
7122 49861
7122 5010
7122 51208
7122 53842
7122 644672
7122 7122
7122 9071
7122 9073
7122 9074
7122 9075
7122 9076
7122 9080
7122 90952
9071 100132463
9071 100506658
9071 10686
9071 1364
9071 1365
9071 1366
9071 137075
9071 149461
9071 23562
9071 24146
9071 26285
9071 49861
9071 5010
9071 51208
9071 53842
9071 644672
9071 7122
9071 9071
9071 9073
9071 9074
9071 9075
9071 9076
9071 9080
9071 90952
9073 100132463
9073 100506658
9073 10686
9073 1364
9073 1365
9073 1366
9073 137075
9073 149461
9073 23562
9073 24146
9073 26285
9073 49861
9073 5010
9073 51208
9073 53842
9073 644672
9073 7122
9073 9071
9073 9073
9073 9074
9073 9075
9073 9076
9073 9080
9073 90952
9074 100132463
9074 100506658
9074 10686
9074 1364
9074 1365
9074 1366
9074 137075
9074 149461
9074 23562
9074 24146
9074 26285
9074 49861
9074 5010
9074 51208
9074 53842
9074 644672
9074 7122
9074 9071
9074 9073
9074 9074
9074 9075
9074 9076
9074 9080
9074 90952
9075 100132463
9075 100506658
9075 10686
9075 1364
9075 1365
9075 1366
9075 137075
9075 149461
9075 23562
9075 24146
9075 26285
9075 49861
9075 5010
9075 51208
9075 53842
9075 644672
9075 7122
9075 9071
9075 9073
9075 9074
9075 9075
9075 9076
9075 9080
9075 90952
9076 100132463
9076 100506658
9076 10686
9076 1364
9076 1365
9076 1366
9076 137075
9076 149461
9076 23562
9076 24146
9076 26285
9076 49861
9076 5010
9076 51208
9076 53842
9076 644672
9076 7122
9076 9071
9076 9073
9076 9074
9076 9075
9076 9076
9076 9080
9076 90952
9080 100132463
9080 100506658
9080 10686
9080 1364
9080 1365
9080 1366
9080 137075
9080 149461
9080 23562
9080 24146
9080 26285
9080 49861
9080 5010
9080 51208
9080 53842
9080 644672
9080 7122
9080 9071
9080 9073
9080 9074
9080 9075
9080 9076
9080 9080
9080 90952
90952 100132463
90952 100506658
90952 10686
90952 1364
90952 1365
90952 1366
90952 137075
90952 149461
90952 23562
90952 24146
90952 26285
90952 49861
90952 5010
90952 51208
90952 53842
90952 644672
90952 7122
90952 9071
90952 9073
90952 9074
90952 9075
90952 9076
90952 9080
90952 90952
1003 1500
1003 1499
1003 1003
4267 4267
5175 1499
5175 5175
3689 10451
3689 7409
3689 7410
3689 2185
50848 3683
50848 3689
3683 10451
3683 7409
3683 7410
3683 2185
58494 3688
58494 3676
5290 3702
5290 7294
5290 5879
5291 3702
5291 7294
5291 5879
5293 3702
5293 7294
5293 5879
5295 3702
5295 7294
5295 5879
5296 3702
5296 7294
5296 5879
8503 3702
8503 7294
8503 5879
60 1495
60 1496
60 29119
71 1495
71 1496
71 29119
103910 60
103910 71
10398 60
10398 71
10627 60
10627 71
29895 60
29895 71
4633 60
4633 71
4636 60
4636 71
58498 60
58498 71
93408 60
93408 71
6093 103910
6093 10398
6093 10627
6093 29895
6093 4633
6093 4636
6093 58498
6093 93408
9475 103910
9475 10398
9475 10627
9475 29895
9475 4633
9475 4636
9475 58498
9475 93408
5578 5747
5578 5829
5578 9564
5579 5747
5579 5829
5579 9564
5582 5747
5582 5829
5582 9564
387 6093
387 9475
387 5747
387 5829
387 9564
83700 3689
83700 3684
2909 387
394 387
1495 1499
1496 1499
29119 1499
1536 4313
1536 4318
1536 1432
1536 5600
1536 5603
1536 6300
1535 4313
1535 4318
1535 1432
1535 5600
1535 5603
1535 6300
4688 4313
4688 4318
4688 1432
4688 5600
4688 5603
4688 6300
653361 4313
653361 4318
653361 1432
653361 5600
653361 5603
653361 6300
5879 1536
5879 1535
5879 4688
5879 653361
5879 4689
4689 4313
4689 4318
4689 1432
4689 5600
4689 5603
4689 6300
5906 387
5906 4301
5906 6494
5906 3688
5906 3676
5906 3683
5906 3689
5906 3684
5908 387
5908 4301
5908 6494
5908 3688
5908 3676
5908 3683
5908 3689
5908 3684
10451 387
10451 5880
10451 998
10451 5879
7409 387
7409 5880
7409 998
7409 5879
7410 387
7410 5880
7410 998
7410 5879
4478 3383
4478 60
4478 71
7430 3383
7430 60
7430 71
10411 5906
10411 5908
10411 83593
11069 5906
11069 5908
11069 83593
3702 10451
3702 7409
3702 7410
7294 10451
7294 7409
7294 7410
83593 3688
83593 3676
83593 3683
83593 3689
83593 3684
2185 10451
2185 7409
2185 7410
6387 7852
7852 2770
7852 2771
7852 2773
7852 2185
2770 10411
2770 11069
2770 5290
2770 5291
2770 5293
2770 5295
2770 5296
2770 8503
2771 10411
2771 11069
2771 5290
2771 5291
2771 5293
2771 5295
2771 5296
2771 8503
2773 10411
2773 11069
2773 5290
2773 5291
2773 5293
2773 5295
2773 5296
2773 8503
7070 2909
7070 394
7070 3684
7070 3689
7412 4478
7412 7430
7412 5290
7412 5291
7412 5293
7412 5295
7412 5296
7412 8503
7412 1536
7412 1535
7412 4688
7412 653361
7412 4689
7412 3688
7412 3676
3383 5335
3383 5336
3383 387
3383 3683
3383 3689
5335 5578
5335 5579
5335 5582
5336 5578
5336 5579
5336 5582
