3480 2885
3480 3667
3643 2885
3643 3667
3667 5290
3667 5291
3667 5293
3667 5295
3667 5296
3667 8503
5894 5604
5894 5605
673 5604
673 5605
5594 27330
5594 6195
5594 6196
5594 6197
5594 7248
5594 7249
5594 107080638
5594 51256
5595 27330
5595 6195
5595 6196
5595 6197
5595 7248
5595 7249
5595 107080638
5595 51256
3265 5894
3265 673
3845 5894
3845 673
4893 5894
4893 673
5604 5594
5604 5595
5605 5594
5605 5595
5170 10000
5170 207
5170 208
10000 1147
10000 84335
10000 107080638
10000 51256
10000 7248
10000 7249
207 1147
207 84335
207 107080638
207 51256
207 7248
207 7249
208 1147
208 84335
208 107080638
208 51256
208 7248
208 7249
7248 107080638
7248 51256
7248 6009
7249 107080638
7249 51256
7249 6009
1978 1977
1978 253314
1978 9470
6198 3667
6198 1975
6198 6194
6199 3667
6199 1975
6199 6194
107080638 6009
51256 6009
10325 58528
10325 64121
10670 58528
10670 64121
27330 7248
27330 7249
27330 107080638
27330 51256
6195 7248
6195 7249
6195 107080638
6195 51256
6196 7248
6196 7249
6196 107080638
6196 51256
6197 7248
6197 7249
6197 107080638
6197 51256
5562 7248
5562 7249
5562 107080638
5562 51256
5563 7248
5563 7249
5563 107080638
5563 51256
2885 6654
2885 6655
54541 7248
54541 7249
54541 107080638
54541 51256
7124 7132
3551 7248
3551 7249
3551 107080638
3551 51256
7132 3551
8140 6520
6654 3265
6654 3845
6654 4893
6655 3265
6655 3845
6655 4893
10641 10325
10641 10670
8131 10325
8131 10670
9681 10325
9681 10670
220441 10325
220441 10670
6502 10325
6502 10670
54468 10641
54468 8131
54468 9681
6396 10641
6396 8131
6396 9681
79726 10641
79726 8131
79726 9681
81929 10641
81929 8131
81929 9681
84219 10641
84219 8131
84219 9681
83667 54468
83667 6396
83667 79726
83667 81929
83667 84219
127124 10542
127124 28956
127124 389541
127124 55004
127124 8649
245973 10542
245973 28956
245973 389541
245973 55004
245973 8649
51382 10542
51382 28956
51382 389541
51382 55004
51382 8649
51606 10542
51606 28956
51606 389541
51606 55004
51606 8649
523 10542
523 28956
523 389541
523 55004
523 8649
525 10542
525 28956
525 389541
525 55004
525 8649
526 10542
526 28956
526 389541
526 55004
526 8649
528 10542
528 28956
528 389541
528 55004
528 8649
529 10542
529 28956
529 389541
529 55004
529 8649
534 10542
534 28956
534 389541
534 55004
534 8649
90423 10542
90423 28956
90423 389541
90423 55004
90423 8649
9296 10542
9296 28956
9296 389541
9296 55004
9296 8649
9550 10542
9550 28956
9550 389541
9550 55004
9550 8649
153129 10542
153129 28956
153129 389541
153129 55004
153129 8649
10542 10325
10542 10670
28956 10325
28956 10670
389541 10325
389541 10670
55004 10325
55004 10670
8649 10325
8649 10670
3479 3480
3479 3643
3630 3480
3630 3643
2887 3480
2887 3643
201163 58528
201163 64121
57600 201163
57600 58528
57600 64121
96459 201163
96459 58528
96459 64121
2475 64223
2475 9894
2475 57521
2475 9675
2475 253260
64798 2475
84335 57521
84335 2475
9894 9675
253260 79109
253260 55615
2932 7248
2932 7249
2932 107080638
2932 51256
51384 11211
51384 2535
51384 7855
51384 7976
51384 8321
51384 8322
51384 8323
51384 8324
51384 8325
51384 8326
51384 4040
51384 4041
54361 11211
54361 2535
54361 7855
54361 7976
54361 8321
54361 8322
54361 8323
54361 8324
54361 8325
54361 8326
54361 4040
54361 4041
7471 11211
7471 2535
7471 7855
7471 7976
7471 8321
7471 8322
7471 8323
7471 8324
7471 8325
7471 8326
7471 4040
7471 4041
7472 11211
7472 2535
7472 7855
7472 7976
7472 8321
7472 8322
7472 8323
7472 8324
7472 8325
7472 8326
7472 4040
7472 4041
7473 11211
7473 2535
7473 7855
7473 7976
7473 8321
7473 8322
7473 8323
7473 8324
7473 8325
7473 8326
7473 4040
7473 4041
7474 11211
7474 2535
7474 7855
7474 7976
7474 8321
7474 8322
7474 8323
7474 8324
7474 8325
7474 8326
7474 4040
7474 4041
7475 11211
7475 2535
7475 7855
7475 7976
7475 8321
7475 8322
7475 8323
7475 8324
7475 8325
7475 8326
7475 4040
7475 4041
7476 11211
7476 2535
7476 7855
7476 7976
7476 8321
7476 8322
7476 8323
7476 8324
7476 8325
7476 8326
7476 4040
7476 4041
7477 11211
7477 2535
7477 7855
7477 7976
7477 8321
7477 8322
7477 8323
7477 8324
7477 8325
7477 8326
7477 4040
7477 4041
7478 11211
7478 2535
7478 7855
7478 7976
7478 8321
7478 8322
7478 8323
7478 8324
7478 8325
7478 8326
7478 4040
7478 4041
7479 11211
7479 2535
7479 7855
7479 7976
7479 8321
7479 8322
7479 8323
7479 8324
7479 8325
7479 8326
7479 4040
7479 4041
7480 11211
7480 2535
7480 7855
7480 7976
7480 8321
7480 8322
7480 8323
7480 8324
7480 8325
7480 8326
7480 4040
7480 4041
7481 11211
7481 2535
7481 7855
7481 7976
7481 8321
7481 8322
7481 8323
7481 8324
7481 8325
7481 8326
7481 4040
7481 4041
7482 11211
7482 2535
7482 7855
7482 7976
7482 8321
7482 8322
7482 8323
7482 8324
7482 8325
7482 8326
7482 4040
7482 4041
7483 11211
7483 2535
7483 7855
7483 7976
7483 8321
7483 8322
7483 8323
7483 8324
7483 8325
7483 8326
7483 4040
7483 4041
7484 11211
7484 2535
7484 7855
7484 7976
7484 8321
7484 8322
7484 8323
7484 8324
7484 8325
7484 8326
7484 4040
7484 4041
80326 11211
80326 2535
80326 7855
80326 7976
80326 8321
80326 8322
80326 8323
80326 8324
80326 8325
80326 8326
80326 4040
80326 4041
81029 11211
81029 2535
81029 7855
81029 7976
81029 8321
81029 8322
81029 8323
81029 8324
81029 8325
81029 8326
81029 4040
81029 4041
89780 11211
89780 2535
89780 7855
89780 7976
89780 8321
89780 8322
89780 8323
89780 8324
89780 8325
89780 8326
89780 4040
89780 4041
11211 4040
11211 4041
11211 1855
11211 1856
11211 1857
2535 4040
2535 4041
2535 1855
2535 1856
2535 1857
7855 4040
7855 4041
7855 1855
7855 1856
7855 1857
7976 4040
7976 4041
7976 1855
7976 1856
7976 1857
8321 4040
8321 4041
8321 1855
8321 1856
8321 1857
8322 4040
8322 4041
8322 1855
8322 1856
8322 1857
8323 4040
8323 4041
8323 1855
8323 1856
8323 1857
8324 4040
8324 4041
8324 1855
8324 1856
8324 1857
8325 4040
8325 4041
8325 1855
8325 1856
8325 1857
8326 4040
8326 4041
8326 1855
8326 1856
8326 1857
4040 1855
4040 1856
4040 1857
4041 1855
4041 1856
4041 1857
1855 2932
1856 2932
1857 2932
6794 51719
6794 81617
6794 5562
6794 5563
55437 6794
55437 5562
55437 5563
92335 6794
92335 5562
92335 5563
51719 5562
51719 5563
81617 5562
81617 5563
