4792 4790
4792 5970
4793 4790
4793 5970
4794 4790
4794 5970
3551 4792
3551 4793
3551 4794
9020 3551
9020 8517
9020 1147
1326 9020
10000 2932
10000 1326
207 2932
207 1326
208 2932
208 1326
10892 8517
8915 6885
8915 8517
84433 8517
5588 6885
5588 84433
5170 10000
5170 207
5170 208
2885 27040
2885 6654
2885 6655
5290 10000
5290 207
5290 208
5290 5170
5291 10000
5291 207
5291 208
5291 5170
5293 10000
5293 207
5293 208
5293 5170
5295 10000
5295 207
5295 208
5295 5170
5296 10000
5296 207
5296 208
5296 5170
8503 10000
8503 207
8503 208
8503 5170
940 2885
940 5290
940 5291
940 5293
940 5295
940 5296
940 8503
29851 959
29851 5290
29851 5291
29851 5293
29851 5295
29851 5296
29851 8503
6654 10125
6655 10125
10125 3265
10125 3845
10125 4893
3265 2353
3265 3725
3265 5894
3845 2353
3845 3725
3845 5894
4893 2353
4893 3725
4893 5894
5530 4772
5530 4773
5530 4775
5532 4772
5532 4773
5532 4775
5533 4772
5533 4773
5533 4775
5534 4772
5534 4773
5534 4775
5535 4772
5535 4773
5535 4775
3702 3937
3702 10451
3702 7409
3702 7410
3702 5335
7006 3937
7006 10451
7006 7409
7006 7410
7006 5335
5335 3937
5335 27040
5335 5588
5335 10125
27040 9402
9402 3937
10451 3937
10451 387
10451 998
7409 3937
7409 387
7409 998
7410 3937
7410 387
7410 998
4690 3937
4690 10298
4690 106821730
4690 5058
4690 5062
4690 5063
4690 56924
4690 57144
8440 3937
8440 10298
8440 106821730
8440 5058
8440 5062
8440 5063
8440 56924
8440 57144
7535 919
7535 1739
7535 1432
7535 5600
7535 5603
7535 6300
7535 27040
7535 3937
916 2534
919 2534
2534 3932
2534 7535
920 3932
925 3932
926 3932
868 3932
868 2534
868 7535
3932 7535
5788 3932
5788 2534
5777 5133
5777 1493
5777 7535
5777 919
5604 5594
5604 5595
5605 5594
5605 5595
5894 5604
5894 5605
5594 2353
5594 3725
5595 2353
5595 3725
6885 3551
5609 6885
5609 5601
5601 2353
5601 3725
1739 1432
1739 5600
1739 5603
1739 6300
1432 4772
1432 4773
1432 4775
5600 4772
5600 4773
5600 4775
5603 4772
5603 4773
5603 4775
6300 4772
6300 4773
6300 4775
2932 4772
2932 4773
2932 4775
