2099 595
2099 4609
2100 595
2100 4609
1956 25759
1956 399694
1956 53358
1956 6464
1956 5290
1956 5291
1956 5293
1956 5295
1956 5296
1956 8503
3265 369
3265 5894
3265 673
3845 369
3845 5894
3845 673
4893 369
4893 5894
4893 673
369 5604
369 5605
5894 5604
5894 5605
673 5604
673 5605
5604 5594
5604 5595
5605 5594
5605 5595
25759 2885
399694 2885
53358 2885
6464 2885
2885 6654
2885 6655
6654 3265
6654 3845
6654 4893
6655 3265
6655 3845
6655 4893
182 4851
182 4853
182 4854
182 4855
3714 4851
3714 4853
3714 4854
3714 4855
4851 2064
4851 3280
4851 388585
4851 23462
4851 23493
4851 26508
4851 2324
4853 2064
4853 3280
4853 388585
4853 23462
4853 23493
4853 26508
4853 2324
4854 2064
4854 3280
4854 388585
4854 23462
4854 23493
4854 26508
4854 2324
4855 2064
4855 3280
4855 388585
4855 23462
4855 23493
4855 26508
4855 2324
2475 6198
2475 6199
3479 3480
3480 25759
3480 399694
3480 53358
3480 6464
3480 5290
3480 5291
3480 5293
3480 5295
3480 5296
3480 8503
2064 25759
2064 399694
2064 53358
2064 6464
2064 5290
2064 5291
2064 5293
2064 5295
2064 5296
2064 8503
10683 4851
10683 4853
10683 4854
10683 4855
28514 4851
28514 4853
28514 4854
28514 4855
54567 4851
54567 4853
54567 4854
54567 4855
5241 54361
5241 7471
5241 8600
10000 2475
207 2475
208 2475
595 5925
51176 4609
51176 595
6932 4609
6932 595
6934 4609
6934 595
83439 4609
83439 595
8312 10297
8312 324
8313 10297
8313 324
1499 122011
1499 1452
1499 51176
1499 6932
1499 6934
1499 83439
2932 1499
2932 8312
2932 8313
10023 1855
10023 1856
10023 1857
23401 1855
23401 1856
23401 1857
1855 2932
1856 2932
1857 2932
11211 1855
11211 1856
11211 1857
2535 1855
2535 1856
2535 1857
7855 1855
7855 1856
7855 1857
7976 1855
7976 1856
7976 1857
8321 1855
8321 1856
8321 1857
8322 1855
8322 1856
8322 1857
8323 1855
8323 1856
8323 1857
8324 1855
8324 1856
8324 1857
8325 1855
8325 1856
8325 1857
8326 1855
8326 1856
8326 1857
51384 4040
51384 4041
51384 11211
51384 2535
51384 7855
51384 7976
51384 8321
51384 8322
51384 8323
51384 8324
51384 8325
51384 8326
54361 4040
54361 4041
54361 11211
54361 2535
54361 7855
54361 7976
54361 8321
54361 8322
54361 8323
54361 8324
54361 8325
54361 8326
7471 4040
7471 4041
7471 11211
7471 2535
7471 7855
7471 7976
7471 8321
7471 8322
7471 8323
7471 8324
7471 8325
7471 8326
7472 4040
7472 4041
7472 11211
7472 2535
7472 7855
7472 7976
7472 8321
7472 8322
7472 8323
7472 8324
7472 8325
7472 8326
7473 4040
7473 4041
7473 11211
7473 2535
7473 7855
7473 7976
7473 8321
7473 8322
7473 8323
7473 8324
7473 8325
7473 8326
7474 4040
7474 4041
7474 11211
7474 2535
7474 7855
7474 7976
7474 8321
7474 8322
7474 8323
7474 8324
7474 8325
7474 8326
7475 4040
7475 4041
7475 11211
7475 2535
7475 7855
7475 7976
7475 8321
7475 8322
7475 8323
7475 8324
7475 8325
7475 8326
7476 4040
7476 4041
7476 11211
7476 2535
7476 7855
7476 7976
7476 8321
7476 8322
7476 8323
7476 8324
7476 8325
7476 8326
7477 4040
7477 4041
7477 11211
7477 2535
7477 7855
7477 7976
7477 8321
7477 8322
7477 8323
7477 8324
7477 8325
7477 8326
7478 4040
7478 4041
7478 11211
7478 2535
7478 7855
7478 7976
7478 8321
7478 8322
7478 8323
7478 8324
7478 8325
7478 8326
7479 4040
7479 4041
7479 11211
7479 2535
7479 7855
7479 7976
7479 8321
7479 8322
7479 8323
7479 8324
7479 8325
7479 8326
7480 4040
7480 4041
7480 11211
7480 2535
7480 7855
7480 7976
7480 8321
7480 8322
7480 8323
7480 8324
7480 8325
7480 8326
7481 4040
7481 4041
7481 11211
7481 2535
7481 7855
7481 7976
7481 8321
7481 8322
7481 8323
7481 8324
7481 8325
7481 8326
7482 4040
7482 4041
7482 11211
7482 2535
7482 7855
7482 7976
7482 8321
7482 8322
7482 8323
7482 8324
7482 8325
7482 8326
7483 4040
7483 4041
7483 11211
7483 2535
7483 7855
7483 7976
7483 8321
7483 8322
7483 8323
7483 8324
7483 8325
7483 8326
7484 4040
7484 4041
7484 11211
7484 2535
7484 7855
7484 7976
7484 8321
7484 8322
7484 8323
7484 8324
7484 8325
7484 8326
80326 4040
80326 4041
80326 11211
80326 2535
80326 7855
80326 7976
80326 8321
80326 8322
80326 8323
80326 8324
80326 8325
80326 8326
81029 4040
81029 4041
81029 11211
81029 2535
81029 7855
81029 7976
81029 8321
81029 8322
81029 8323
81029 8324
81029 8325
81029 8326
89780 4040
89780 4041
89780 11211
89780 2535
89780 7855
89780 7976
89780 8321
89780 8322
89780 8323
89780 8324
89780 8325
89780 8326
1019 5925
1021 5925
5925 1869
5925 1870
5925 1871
3815 25759
3815 399694
3815 53358
3815 6464
3815 5290
3815 5291
3815 5293
3815 5295
3815 5296
3815 8503
2260 25759
2260 399694
2260 53358
2260 6464
2260 5290
2260 5291
2260 5293
2260 5295
2260 5296
2260 8503
1950 1956
2246 2260
2247 2260
2248 2260
2249 2260
2250 2260
2251 2260
2252 2260
2253 2260
2254 2260
2255 2260
26281 2260
26291 2260
27006 2260
8074 2260
8817 2260
8822 2260
8823 2260
9965 2260
3280 595
3280 1026
3280 4609
3280 4791
3280 2064
388585 595
388585 1026
388585 4609
388585 4791
388585 2064
23462 595
23462 1026
23462 4609
23462 4791
23462 2064
23493 595
23493 1026
23493 4609
23493 4791
23493 2064
26508 595
26508 1026
26508 4609
26508 4791
26508 2064
7157 1026
7157 10912
7157 1647
7157 4616
7157 581
7157 578
7157 1643
7157 51426
