2099 2353
2099 3725
2099 6667
2099 6714
2099 596
2099 9166
2099 100653049
2099 125115
2099 147183
2099 162605
2099 192666
2099 25984
2099 342574
2099 353288
2099 3857
2099 3858
2099 3859
2099 3860
2099 3861
2099 3866
2099 3868
2099 3872
2099 3875
2099 3880
2099 3881
2099 3882
2099 3883
2099 3884
2099 3885
2099 3886
2099 390792
2099 54474
2099 8687
2099 8688
2099 8689
2099 1509
2099 7031
2099 5241
2099 7039
2099 5914
2100 2353
2100 3725
2100 6667
2100 6714
2100 596
2100 9166
2100 100653049
2100 125115
2100 147183
2100 162605
2100 192666
2100 25984
2100 342574
2100 353288
2100 3857
2100 3858
2100 3859
2100 3860
2100 3861
2100 3866
2100 3868
2100 3872
2100 3875
2100 3880
2100 3881
2100 3882
2100 3883
2100 3884
2100 3885
2100 3886
2100 390792
2100 54474
2100 8687
2100 8688
2100 8689
2100 1509
2100 7031
2100 5241
2100 7039
2100 5914
2852 2778
6714 4313
6714 4318
6714 5290
6714 5291
6714 5293
6714 5295
6714 5296
6714 8503
6714 3265
6714 3845
6714 4893
4313 1839
4318 1839
1839 1839
1839 1956
1956 25759
1956 399694
1956 53358
1956 6464
1956 5290
1956 5291
1956 5293
1956 5295
1956 5296
1956 8503
5566 5894
5566 3760
5566 3762
5566 3763
5566 3765
5566 10488
5566 1385
5566 1386
5566 1388
5566 148327
5566 468
5566 64764
5566 84699
5566 90993
5566 9586
5567 5894
5567 3760
5567 3762
5567 3763
5567 3765
5567 10488
5567 1385
5567 1386
5567 1388
5567 148327
5567 468
5567 64764
5567 84699
5567 90993
5567 9586
5568 5894
5568 3760
5568 3762
5568 3763
5568 3765
5568 10488
5568 1385
5568 1386
5568 1388
5568 148327
5568 468
5568 64764
5568 84699
5568 90993
5568 9586
3265 5894
3845 5894
4893 5894
5894 5604
5894 5605
5604 5594
5604 5595
5605 5594
5605 5595
5594 2099
5594 2100
5594 10488
5594 1385
5594 1386
5594 1388
5594 148327
5594 468
5594 64764
5594 84699
5594 90993
5594 9586
5595 2099
5595 2100
5595 10488
5595 1385
5595 1386
5595 1388
5595 148327
5595 468
5595 64764
5595 84699
5595 90993
5595 9586
2776 23236
2776 5330
2776 5331
2776 5332
5580 107
5580 108
5580 109
5580 111
5580 112
5580 113
5580 114
5580 115
5580 196883
2550 2770
2550 2771
2550 2773
2550 2775
9568 2770
9568 2771
9568 2773
9568 2775
5290 10000
5290 207
5290 208
5291 10000
5291 207
5291 208
5293 10000
5293 207
5293 208
5295 10000
5295 207
5295 208
5296 10000
5296 207
5296 208
8503 10000
8503 207
8503 208
10000 4846
207 4846
208 4846
25759 2885
399694 2885
53358 2885
6464 2885
2885 6654
2885 6655
6654 3265
6654 3845
6654 4893
6655 3265
6655 3845
6655 4893
2778 6714
2778 107
2778 108
2778 109
2778 111
2778 112
2778 113
2778 114
2778 115
2778 196883
2770 3760
2770 3762
2770 3763
2770 3765
2771 3760
2771 3762
2771 3763
2771 3765
2773 3760
2773 3762
2773 3763
2773 3765
2775 3760
2775 3762
2775 3763
2775 3765
163688 4846
51806 4846
801 4846
805 4846
808 4846
810 4846
91860 4846
4988 2770
4988 2771
4988 2773
4988 2775
2911 2776
10499 596
10499 9166
10499 100653049
10499 125115
10499 147183
10499 162605
10499 192666
10499 25984
10499 342574
10499 353288
10499 3857
10499 3858
10499 3859
10499 3860
10499 3861
10499 3866
10499 3868
10499 3872
10499 3875
10499 3880
10499 3881
10499 3882
10499 3883
10499 3884
10499 3885
10499 3886
10499 390792
10499 54474
10499 8687
10499 8688
10499 8689
10499 1509
10499 7031
10499 5241
10499 7039
10499 5914
8202 596
8202 9166
8202 100653049
8202 125115
8202 147183
8202 162605
8202 192666
8202 25984
8202 342574
8202 353288
8202 3857
8202 3858
8202 3859
8202 3860
8202 3861
8202 3866
8202 3868
8202 3872
8202 3875
8202 3880
8202 3881
8202 3882
8202 3883
8202 3884
8202 3885
8202 3886
8202 390792
8202 54474
8202 8687
8202 8688
8202 8689
8202 1509
8202 7031
8202 5241
8202 7039
8202 5914
8648 596
8648 9166
8648 100653049
8648 125115
8648 147183
8648 162605
8648 192666
8648 25984
8648 342574
8648 353288
8648 3857
8648 3858
8648 3859
8648 3860
8648 3861
8648 3866
8648 3868
8648 3872
8648 3875
8648 3880
8648 3881
8648 3882
8648 3883
8648 3884
8648 3885
8648 3886
8648 390792
8648 54474
8648 8687
8648 8688
8648 8689
8648 1509
8648 7031
8648 5241
8648 7039
8648 5914
