2902 4842
2902 163688
2902 51806
2902 801
2902 805
2902 808
2902 810
2902 91860
2902 8911
2902 8912
2902 8913
2902 775
2902 776
2903 4842
2903 163688
2903 51806
2903 801
2903 805
2903 808
2903 810
2903 91860
2903 8911
2903 8912
2903 8913
2903 775
2903 776
2904 4842
2904 163688
2904 51806
2904 801
2904 805
2904 808
2904 810
2904 91860
2904 8911
2904 8912
2904 8913
2904 775
2904 776
2905 4842
2905 163688
2905 51806
2905 801
2905 805
2905 808
2905 810
2905 91860
2905 8911
2905 8912
2905 8913
2905 775
2905 776
2906 4842
2906 163688
2906 51806
2906 801
2906 805
2906 808
2906 810
2906 91860
2906 8911
2906 8912
2906 8913
2906 775
2906 776
163688 815
163688 816
163688 817
163688 818
51806 815
51806 816
51806 817
51806 818
801 815
801 816
801 817
801 818
805 815
805 816
805 817
805 818
808 815
808 816
808 817
808 818
810 815
810 816
810 817
810 818
91860 815
91860 816
91860 817
91860 818
815 4842
815 5594
815 5595
816 4842
816 5594
816 5595
817 4842
817 5594
817 5595
818 4842
818 5594
818 5595
4842 2977
4842 2982
4842 2983
4842 5594
4842 5595
4842 51655
4842 9722
2977 5592
2977 5593
2982 5592
2982 5593
2983 5592
2983 5593
5592 1385
5593 1385
4544 10681
4544 2770
4544 2771
4544 2773
4544 2782
4544 2783
4544 2784
4544 2785
4544 2786
4544 2787
4544 2788
4544 2790
4544 2791
4544 2792
4544 2793
4544 51764
4544 54331
4544 55970
4544 59345
4544 94235
4544 2776
23236 5578
23236 5579
23236 5582
5330 5578
5330 5579
5330 5582
5331 5578
5331 5579
5331 5582
5332 5578
5332 5579
5332 5582
10681 5594
10681 5595
10681 107
10681 108
10681 109
10681 111
10681 112
10681 113
10681 114
10681 115
10681 196883
10681 55811
10681 3760
10681 3762
10681 3763
10681 3765
10681 23236
10681 5330
10681 5331
10681 5332
2776 23236
2776 5330
2776 5331
2776 5332
2782 5594
2782 5595
2782 107
2782 108
2782 109
2782 111
2782 112
2782 113
2782 114
2782 115
2782 196883
2782 55811
2782 3760
2782 3762
2782 3763
2782 3765
2782 23236
2782 5330
2782 5331
2782 5332
2783 5594
2783 5595
2783 107
2783 108
2783 109
2783 111
2783 112
2783 113
2783 114
2783 115
2783 196883
2783 55811
2783 3760
2783 3762
2783 3763
2783 3765
2783 23236
2783 5330
2783 5331
2783 5332
2784 5594
2784 5595
2784 107
2784 108
2784 109
2784 111
2784 112
2784 113
2784 114
2784 115
2784 196883
2784 55811
2784 3760
2784 3762
2784 3763
2784 3765
2784 23236
2784 5330
2784 5331
2784 5332
2785 5594
2785 5595
2785 107
2785 108
2785 109
2785 111
2785 112
2785 113
2785 114
2785 115
2785 196883
2785 55811
2785 3760
2785 3762
2785 3763
2785 3765
2785 23236
2785 5330
2785 5331
2785 5332
2786 5594
2786 5595
2786 107
2786 108
2786 109
2786 111
2786 112
2786 113
2786 114
2786 115
2786 196883
2786 55811
2786 3760
2786 3762
2786 3763
2786 3765
2786 23236
2786 5330
2786 5331
2786 5332
2787 5594
2787 5595
2787 107
2787 108
2787 109
2787 111
2787 112
2787 113
2787 114
2787 115
2787 196883
2787 55811
2787 3760
2787 3762
2787 3763
2787 3765
2787 23236
2787 5330
2787 5331
2787 5332
2788 5594
2788 5595
2788 107
2788 108
2788 109
2788 111
2788 112
2788 113
2788 114
2788 115
2788 196883
2788 55811
2788 3760
2788 3762
2788 3763
2788 3765
2788 23236
2788 5330
2788 5331
2788 5332
2790 5594
2790 5595
2790 107
2790 108
2790 109
2790 111
2790 112
2790 113
2790 114
2790 115
2790 196883
2790 55811
2790 3760
2790 3762
2790 3763
2790 3765
2790 23236
2790 5330
2790 5331
2790 5332
2791 5594
2791 5595
2791 107
2791 108
2791 109
2791 111
2791 112
2791 113
2791 114
2791 115
2791 196883
2791 55811
2791 3760
2791 3762
2791 3763
2791 3765
2791 23236
2791 5330
2791 5331
2791 5332
2792 5594
2792 5595
2792 107
2792 108
2792 109
2792 111
2792 112
2792 113
2792 114
2792 115
2792 196883
2792 55811
2792 3760
2792 3762
2792 3763
2792 3765
2792 23236
2792 5330
2792 5331
2792 5332
2793 5594
2793 5595
2793 107
2793 108
2793 109
2793 111
2793 112
2793 113
2793 114
2793 115
2793 196883
2793 55811
2793 3760
2793 3762
2793 3763
2793 3765
2793 23236
2793 5330
2793 5331
2793 5332
51764 5594
51764 5595
51764 107
51764 108
51764 109
51764 111
51764 112
51764 113
51764 114
51764 115
51764 196883
51764 55811
51764 3760
51764 3762
51764 3763
51764 3765
51764 23236
51764 5330
51764 5331
51764 5332
54331 5594
54331 5595
54331 107
54331 108
54331 109
54331 111
54331 112
54331 113
54331 114
54331 115
54331 196883
54331 55811
54331 3760
54331 3762
54331 3763
54331 3765
54331 23236
54331 5330
54331 5331
54331 5332
55970 5594
55970 5595
55970 107
55970 108
55970 109
55970 111
55970 112
55970 113
55970 114
55970 115
55970 196883
55970 55811
55970 3760
55970 3762
55970 3763
55970 3765
55970 23236
55970 5330
55970 5331
55970 5332
59345 5594
59345 5595
59345 107
59345 108
59345 109
59345 111
59345 112
59345 113
59345 114
59345 115
59345 196883
59345 55811
59345 3760
59345 3762
59345 3763
59345 3765
59345 23236
59345 5330
59345 5331
59345 5332
94235 5594
94235 5595
94235 107
94235 108
94235 109
94235 111
94235 112
94235 113
94235 114
94235 115
94235 196883
94235 55811
94235 3760
94235 3762
94235 3763
94235 3765
94235 23236
94235 5330
94235 5331
94235 5332
8911 4842
8911 163688
8911 51806
8911 801
8911 805
8911 808
8911 810
8911 91860
8912 4842
8912 163688
8912 51806
8912 801
8912 805
8912 808
8912 810
8912 91860
8913 4842
8913 163688
8913 51806
8913 801
8913 805
8913 808
8913 810
8913 91860
3708 4842
3708 163688
3708 51806
3708 801
3708 805
3708 808
3708 810
3708 91860
3710 4842
3710 163688
3710 51806
3710 801
3710 805
3710 808
3710 810
3710 91860
6261 4842
6261 163688
6261 51806
6261 801
6261 805
6261 808
6261 810
6261 91860
6262 4842
6262 163688
6262 51806
6262 801
6262 805
6262 808
6262 810
6262 91860
6263 4842
6263 163688
6263 51806
6263 801
6263 805
6263 808
6263 810
6263 91860
2890 2902
2890 2903
2890 2904
2890 2905
2890 2906
2891 2902
2891 2903
2891 2904
2891 2905
2891 2906
2892 2902
2892 2903
2892 2904
2892 2905
2892 2906
2893 2902
2893 2903
2893 2904
2893 2905
2893 2906
5594 9252
5595 9252
117 10681
117 2778
117 2782
117 2783
117 2784
117 2785
117 2786
117 2787
117 2788
117 2790
117 2791
117 2792
117 2793
117 51764
117 54331
117 55970
117 59345
117 94235
107 5566
107 5567
107 5568
108 5566
108 5567
108 5568
109 5566
109 5567
109 5568
111 5566
111 5567
111 5568
112 5566
112 5567
112 5568
113 5566
113 5567
113 5568
114 5566
114 5567
114 5568
115 5566
115 5567
115 5568
196883 5566
196883 5567
196883 5568
55811 5566
55811 5567
55811 5568
5566 1385
5566 9252
5567 1385
5567 9252
5568 1385
5568 9252
2778 107
2778 108
2778 109
2778 111
2778 112
2778 113
2778 114
2778 115
2778 196883
2778 55811
2778 10681
2778 2782
2778 2783
2778 2784
2778 2785
2778 2786
2778 2787
2778 2788
2778 2790
2778 2791
2778 2792
2778 2793
2778 51764
2778 54331
2778 55970
2778 59345
2778 94235
51655 10681
51655 2770
51655 2771
51655 2773
51655 2775
51655 2782
51655 2783
51655 2784
51655 2785
51655 2786
51655 2787
51655 2788
51655 2790
51655 2791
51655 2792
51655 2793
51655 51764
51655 54331
51655 55970
51655 59345
51655 94235
51655 5566
51655 5567
51655 5568
775 163688
775 51806
775 801
775 805
775 808
775 810
775 91860
775 4842
776 163688
776 51806
776 801
776 805
776 808
776 810
776 91860
776 4842
9722 51655
2770 5594
2770 5595
2770 3760
2770 3762
2770 3763
2770 3765
2770 107
2770 108
2770 109
2770 111
2770 112
2770 113
2770 114
2770 115
2770 196883
2770 55811
2771 5594
2771 5595
2771 3760
2771 3762
2771 3763
2771 3765
2771 107
2771 108
2771 109
2771 111
2771 112
2771 113
2771 114
2771 115
2771 196883
2771 55811
2773 5594
2773 5595
2773 3760
2773 3762
2773 3763
2773 3765
2773 107
2773 108
2773 109
2773 111
2773 112
2773 113
2773 114
2773 115
2773 196883
2773 55811
2775 5594
2775 5595
9252 1385
1385 5187
1385 8863
1385 8864
1385 2353
4543 10681
4543 2770
4543 2771
4543 2773
4543 2782
4543 2783
4543 2784
4543 2785
4543 2786
4543 2787
4543 2788
4543 2790
4543 2791
4543 2792
4543 2793
4543 51764
4543 54331
4543 55970
4543 59345
4543 94235
