2641 2642
2642 2778
2642 2776
2778 108
5566 10488
5566 1385
5566 1386
5566 148327
5566 468
5566 64764
5566 84699
5566 90993
5566 9586
5566 3708
5566 3709
5566 3710
5566 5207
5566 23235
5566 5531
5566 55671
5566 57223
5566 51422
5566 53632
5566 5562
5566 5563
5566 5564
5566 5565
5566 5571
5566 2997
5566 2998
5566 5315
5566 5255
5566 5256
5566 5257
5566 5260
5566 5261
5566 163688
5566 51806
5566 801
5566 805
5566 808
5566 810
5566 91860
5567 10488
5567 1385
5567 1386
5567 148327
5567 468
5567 64764
5567 84699
5567 90993
5567 9586
5567 3708
5567 3709
5567 3710
5567 5207
5567 23235
5567 5531
5567 55671
5567 57223
5567 51422
5567 53632
5567 5562
5567 5563
5567 5564
5567 5565
5567 5571
5567 2997
5567 2998
5567 5315
5567 5255
5567 5256
5567 5257
5567 5260
5567 5261
5567 163688
5567 51806
5567 801
5567 805
5567 808
5567 810
5567 91860
5568 10488
5568 1385
5568 1386
5568 148327
5568 468
5568 64764
5568 84699
5568 90993
5568 9586
5568 3708
5568 3709
5568 3710
5568 5207
5568 23235
5568 5531
5568 55671
5568 57223
5568 51422
5568 53632
5568 5562
5568 5563
5568 5564
5568 5565
5568 5571
5568 2997
5568 2998
5568 5315
5568 5255
5568 5256
5568 5257
5568 5260
5568 5261
5568 163688
5568 51806
5568 801
5568 805
5568 808
5568 810
5568 91860
2776 23236
2776 5330
2776 5331
2776 5332
10488 10488
10488 1385
10488 1386
10488 148327
10488 468
10488 64764
10488 84699
10488 90993
10488 9586
10488 10891
10488 102724428
10488 150094
10488 2538
10488 57818
10488 92579
10488 5105
10488 5106
10488 126129
10488 1374
10488 1375
1385 10488
1385 1385
1385 1386
1385 148327
1385 468
1385 64764
1385 84699
1385 90993
1385 9586
1385 10891
1385 102724428
1385 150094
1385 2538
1385 57818
1385 92579
1385 5105
1385 5106
1385 126129
1385 1374
1385 1375
1386 10488
1386 1385
1386 1386
1386 148327
1386 468
1386 64764
1386 84699
1386 90993
1386 9586
1386 10891
1386 102724428
1386 150094
1386 2538
1386 57818
1386 92579
1386 5105
1386 5106
1386 126129
1386 1374
1386 1375
148327 10488
148327 1385
148327 1386
148327 148327
148327 468
148327 64764
148327 84699
148327 90993
148327 9586
148327 10891
148327 102724428
148327 150094
148327 2538
148327 57818
148327 92579
148327 5105
148327 5106
148327 126129
148327 1374
148327 1375
468 10488
468 1385
468 1386
468 148327
468 468
468 64764
468 84699
468 90993
468 9586
468 10891
468 102724428
468 150094
468 2538
468 57818
468 92579
468 5105
468 5106
468 126129
468 1374
468 1375
64764 10488
64764 1385
64764 1386
64764 148327
64764 468
64764 64764
64764 84699
64764 90993
64764 9586
64764 10891
64764 102724428
64764 150094
64764 2538
64764 57818
64764 92579
64764 5105
64764 5106
64764 126129
64764 1374
64764 1375
84699 10488
84699 1385
84699 1386
84699 148327
84699 468
84699 64764
84699 84699
84699 90993
84699 9586
84699 10891
84699 102724428
84699 150094
84699 2538
84699 57818
84699 92579
84699 5105
84699 5106
84699 126129
84699 1374
84699 1375
90993 10488
90993 1385
90993 1386
90993 148327
90993 468
90993 64764
90993 84699
90993 90993
90993 9586
90993 10891
90993 102724428
90993 150094
90993 2538
90993 57818
90993 92579
90993 5105
90993 5106
90993 126129
90993 1374
90993 1375
9586 10488
9586 1385
9586 1386
9586 148327
9586 468
9586 64764
9586 84699
9586 90993
9586 9586
9586 10891
9586 102724428
9586 150094
9586 2538
9586 57818
9586 92579
9586 5105
9586 5106
9586 126129
9586 1374
9586 1375
5531 200186
55671 200186
57223 200186
200186 200186
200186 10891
200186 102724428
200186 150094
200186 2538
200186 57818
200186 92579
200186 5105
200186 5106
200186 126129
200186 1374
200186 1375
23235 200186
1387 10891
1387 102724428
1387 150094
1387 2538
1387 57818
1387 92579
1387 5105
1387 5106
1387 126129
1387 1374
1387 1375
2033 10891
2033 102724428
2033 150094
2033 2538
2033 57818
2033 92579
2033 5105
2033 5106
2033 126129
2033 1374
2033 1375
10891 10891
10891 2538
10891 57818
10891 92579
10891 5105
10891 5106
10891 126129
10891 1374
10891 1375
2308 2308
2308 2538
2308 57818
2308 92579
2308 5105
2308 5106
2308 126129
2308 1374
2308 1375
3276 2308
102724428 200186
150094 200186
10000 5140
207 5140
208 5140
5255 5834
5255 5836
5255 5837
5256 5834
5256 5836
5256 5837
5257 5834
5257 5836
5257 5837
5260 5834
5260 5836
5260 5837
5261 5834
5261 5836
5261 5837
163688 5834
163688 5836
163688 5837
51806 5834
51806 5836
51806 5837
801 5834
801 5836
801 5837
805 5834
805 5836
805 5837
808 5834
808 5836
808 5837
810 5834
810 5836
810 5837
91860 5834
91860 5836
91860 5837
5530 200186
5532 200186
5533 200186
5534 200186
5535 200186
51422 31
51422 32
53632 31
53632 32
5562 31
5562 32
5563 31
5563 32
5564 31
5564 32
5565 31
5565 32
5571 31
5571 32
815 2308
816 2308
817 2308
818 2308
5465 2538
5465 57818
5465 92579
5465 5105
5465 5106
5465 126129
5465 1374
5465 1375
