2717 3938
2717 2717
2717 2720
2717 2548
2717 2595
2717 8972
2717 93432
2717 6476
231 2720
231 3938
231 2717
57016 2720
57016 3938
57016 2717
2645 3938
2645 2720
2645 5236
2645 55276
3098 3938
3098 2720
3098 5236
3098 55276
3099 3938
3099 2720
3099 5236
3099 55276
3101 3938
3101 2720
3101 5236
3101 55276
80201 3938
80201 2720
80201 5236
80201 55276
3938 2538
3938 57818
3938 92579
3938 2683
3938 3906
3938 8704
2720 2538
2720 57818
2720 92579
2720 2683
2720 3906
2720 8704
5236 7360
55276 7360
2683 2592
2683 2582
3906 2592
3906 2582
8704 2592
8704 2582
2582 7360
2582 2592
7360 2592
2592 2584
2538 5236
2538 55276
57818 5236
57818 55276
92579 5236
92579 55276
130589 2584
130589 2720
130589 3938
130589 2717
130589 231
130589 57016
