10690 2683
10690 2523
10690 2524
10690 10331
10690 10678
10690 79369
10690 28
10690 8703
10690 8702
10690 10402
10690 2651
10690 2525
10690 2527
10690 2528
10690 2526
2526 2683
2526 2523
2526 2524
2526 10331
2526 10678
2526 79369
2526 10402
2526 6489
2526 28
2526 2651
2526 2526
2526 10690
2526 2525
2526 2527
2526 2528
2525 2683
2525 2523
2525 2524
2525 10331
2525 10678
2525 79369
2525 10402
2525 28
2525 8703
2525 8702
2525 2651
2525 10690
2525 2526
2527 2683
2527 2523
2527 2524
2527 10331
2527 10678
2527 79369
2527 10402
2527 28
2527 8703
2527 8702
2527 2651
2527 10690
2527 2526
2528 2683
2528 2523
2528 2524
2528 10331
2528 10678
2528 79369
2528 10402
2528 28
2528 8703
2528 8702
2528 2651
2528 10690
2528 2526
8702 84002
8702 2525
8702 2527
8702 2528
8702 10690
8702 2526
8702 2523
8702 2524
8702 10331
8702 10678
8702 79369
8702 10402
8702 2651
8702 10317
8702 8707
8702 8708
8702 53947
8702 8706
8703 84002
8703 2525
8703 2527
8703 2528
8703 10690
8703 2526
8703 2523
8703 2524
8703 10331
8703 10678
8703 79369
8703 10402
8703 2651
8703 10317
8703 8707
8703 8708
8703 53947
8703 8706
8704 84002
8704 2525
8704 2527
8704 2528
8704 10690
8704 2526
8704 2523
8704 2524
8704 10331
8704 10678
8704 79369
8704 10402
8704 10317
8704 8707
8704 8708
8704 53947
8704 8706
2529 6489
2529 10402
28 2523
28 2524
28 28
28 10690
28 2525
2523 2683
2523 28
2523 10690
2523 2525
2524 2683
2524 28
2524 10690
2524 2525
10402 2683
10402 10690
10402 2523
10402 2524
10402 10331
10402 10678
10402 79369
10402 2651
10331 2683
10331 2523
10331 2524
10331 2651
10678 2683
10678 2523
10678 2524
10678 2651
2651 2683
2651 2523
2651 2524
6489 10402
6489 2525
6489 2527
6489 2528
79369 2683
79369 2523
79369 2524
2683 2523
2683 2524
2683 10317
2683 8707
2683 8708
2683 53947
2683 8706
84002 2683
84002 10317
84002 8707
84002 8708
8708 6487
8708 6484
8708 2523
8708 2524
8708 2525
8707 6487
8707 6484
8707 2523
8707 2524
8707 2525
10317 6487
10317 6484
10317 2523
10317 2524
10317 2525
6487 2523
6487 2524
6487 2525
6484 2523
6484 2524
6484 2525
