5594 100137049
5594 11145
5594 123745
5594 255189
5594 26279
5594 283748
5594 30814
5594 391013
5594 50487
5594 51365
5594 5319
5594 5320
5594 5321
5594 5322
5594 64600
5594 81579
5594 8398
5594 8399
5594 84647
5594 8605
5594 8681
5594 2002
5594 2113
5594 2114
5595 100137049
5595 11145
5595 123745
5595 255189
5595 26279
5595 283748
5595 30814
5595 391013
5595 50487
5595 51365
5595 5319
5595 5320
5595 5321
5595 5322
5595 64600
5595 81579
5595 8398
5595 8399
5595 84647
5595 8605
5595 8681
5595 2002
5595 2113
5595 2114
5604 5594
5604 5595
5605 5594
5605 5595
5894 5604
5894 5605
22800 11186
22800 83593
22800 7074
22800 5290
22800 5291
22800 5293
22800 5295
22800 5296
22800 8503
22800 4301
22800 5894
22800 5900
22800 23179
22800 5863
22800 51196
22800 9610
22800 10928
22800 8315
22800 9771
22808 11186
22808 83593
22808 7074
22808 5290
22808 5291
22808 5293
22808 5295
22808 5296
22808 8503
22808 4301
22808 5894
22808 5900
22808 23179
22808 5863
22808 51196
22808 9610
22808 10928
22808 8315
22808 9771
3265 11186
3265 83593
3265 7074
3265 5290
3265 5291
3265 5293
3265 5295
3265 5296
3265 8503
3265 4301
3265 5894
3265 5900
3265 23179
3265 5863
3265 51196
3265 9610
3265 10928
3265 8315
3265 9771
3845 11186
3845 83593
3845 7074
3845 5290
3845 5291
3845 5293
3845 5295
3845 5296
3845 8503
3845 4301
3845 5894
3845 5900
3845 23179
3845 5863
3845 51196
3845 9610
3845 10928
3845 8315
3845 9771
4893 11186
4893 83593
4893 7074
4893 5290
4893 5291
4893 5293
4893 5295
4893 5296
4893 8503
4893 4301
4893 5894
4893 5900
4893 23179
4893 5863
4893 51196
4893 9610
4893 10928
4893 8315
4893 9771
6237 11186
6237 83593
6237 7074
6237 5290
6237 5291
6237 5293
6237 5295
6237 5296
6237 8503
6237 4301
6237 5894
6237 5900
6237 23179
6237 5863
6237 51196
6237 9610
6237 10928
6237 8315
6237 9771
2885 2549
2885 9846
2885 5781
2885 6654
2885 6655
6654 22800
6654 22808
6654 3265
6654 3845
6654 4893
6654 6237
6655 22800
6655 22808
6655 3265
6655 3845
6655 4893
6655 6237
10000 1147
10000 3551
10000 8517
10000 572
10000 4303
207 1147
207 3551
207 8517
207 572
207 4303
208 1147
208 3551
208 8517
208 572
208 4303
5290 5879
5290 5880
5290 5881
5291 5879
5291 5880
5291 5881
5293 5879
5293 5880
5293 5881
5295 5879
5295 5880
5295 5881
5296 5879
5296 5880
5296 5881
8503 5879
8503 5880
8503 5881
25759 2885
399694 2885
53358 2885
6464 2885
1435 1436
1435 1956
1435 1969
1435 2260
1435 2261
1435 2263
1435 2264
1435 2321
1435 2322
1435 2324
1435 3480
1435 3643
1435 3791
1435 3815
1435 4233
1435 4804
1435 4914
1435 4915
1435 5156
1435 5159
1435 7010
1942 1436
1942 1956
1942 1969
1942 2260
1942 2261
1942 2263
1942 2264
1942 2321
1942 2322
1942 2324
1942 3480
1942 3643
1942 3791
1942 3815
1942 4233
1942 4804
1942 4914
1942 4915
1942 5156
1942 5159
1942 7010
1943 1436
1943 1956
1943 1969
1943 2260
1943 2261
1943 2263
1943 2264
1943 2321
1943 2322
1943 2324
1943 3480
1943 3643
1943 3791
1943 3815
1943 4233
1943 4804
1943 4914
1943 4915
1943 5156
1943 5159
1943 7010
1944 1436
1944 1956
1944 1969
1944 2260
1944 2261
1944 2263
1944 2264
1944 2321
1944 2322
1944 2324
1944 3480
1944 3643
1944 3791
1944 3815
1944 4233
1944 4804
1944 4914
1944 4915
1944 5156
1944 5159
1944 7010
1945 1436
1945 1956
1945 1969
1945 2260
1945 2261
1945 2263
1945 2264
1945 2321
1945 2322
1945 2324
1945 3480
1945 3643
1945 3791
1945 3815
1945 4233
1945 4804
1945 4914
1945 4915
1945 5156
1945 5159
1945 7010
1946 1436
1946 1956
1946 1969
1946 2260
1946 2261
1946 2263
1946 2264
1946 2321
1946 2322
1946 2324
1946 3480
1946 3643
1946 3791
1946 3815
1946 4233
1946 4804
1946 4914
1946 4915
1946 5156
1946 5159
1946 7010
1950 1436
1950 1956
1950 1969
1950 2260
1950 2261
1950 2263
1950 2264
1950 2321
1950 2322
1950 2324
1950 3480
1950 3643
1950 3791
1950 3815
1950 4233
1950 4804
1950 4914
1950 4915
1950 5156
1950 5159
1950 7010
2246 1436
2246 1956
2246 1969
2246 2260
2246 2261
2246 2263
2246 2264
2246 2321
2246 2322
2246 2324
2246 3480
2246 3643
2246 3791
2246 3815
2246 4233
2246 4804
2246 4914
2246 4915
2246 5156
2246 5159
2246 7010
2247 1436
2247 1956
2247 1969
2247 2260
2247 2261
2247 2263
2247 2264
2247 2321
2247 2322
2247 2324
2247 3480
2247 3643
2247 3791
2247 3815
2247 4233
2247 4804
2247 4914
2247 4915
2247 5156
2247 5159
2247 7010
2248 1436
2248 1956
2248 1969
2248 2260
2248 2261
2248 2263
2248 2264
2248 2321
2248 2322
2248 2324
2248 3480
2248 3643
2248 3791
2248 3815
2248 4233
2248 4804
2248 4914
2248 4915
2248 5156
2248 5159
2248 7010
2249 1436
2249 1956
2249 1969
2249 2260
2249 2261
2249 2263
2249 2264
2249 2321
2249 2322
2249 2324
2249 3480
2249 3643
2249 3791
2249 3815
2249 4233
2249 4804
2249 4914
2249 4915
2249 5156
2249 5159
2249 7010
2250 1436
2250 1956
2250 1969
2250 2260
2250 2261
2250 2263
2250 2264
2250 2321
2250 2322
2250 2324
2250 3480
2250 3643
2250 3791
2250 3815
2250 4233
2250 4804
2250 4914
2250 4915
2250 5156
2250 5159
2250 7010
2251 1436
2251 1956
2251 1969
2251 2260
2251 2261
2251 2263
2251 2264
2251 2321
2251 2322
2251 2324
2251 3480
2251 3643
2251 3791
2251 3815
2251 4233
2251 4804
2251 4914
2251 4915
2251 5156
2251 5159
2251 7010
2252 1436
2252 1956
2252 1969
2252 2260
2252 2261
2252 2263
2252 2264
2252 2321
2252 2322
2252 2324
2252 3480
2252 3643
2252 3791
2252 3815
2252 4233
2252 4804
2252 4914
2252 4915
2252 5156
2252 5159
2252 7010
2253 1436
2253 1956
2253 1969
2253 2260
2253 2261
2253 2263
2253 2264
2253 2321
2253 2322
2253 2324
2253 3480
2253 3643
2253 3791
2253 3815
2253 4233
2253 4804
2253 4914
2253 4915
2253 5156
2253 5159
2253 7010
2254 1436
2254 1956
2254 1969
2254 2260
2254 2261
2254 2263
2254 2264
2254 2321
2254 2322
2254 2324
2254 3480
2254 3643
2254 3791
2254 3815
2254 4233
2254 4804
2254 4914
2254 4915
2254 5156
2254 5159
2254 7010
2255 1436
2255 1956
2255 1969
2255 2260
2255 2261
2255 2263
2255 2264
2255 2321
2255 2322
2255 2324
2255 3480
2255 3643
2255 3791
2255 3815
2255 4233
2255 4804
2255 4914
2255 4915
2255 5156
2255 5159
2255 7010
2277 1436
2277 1956
2277 1969
2277 2260
2277 2261
2277 2263
2277 2264
2277 2321
2277 2322
2277 2324
2277 3480
2277 3643
2277 3791
2277 3815
2277 4233
2277 4804
2277 4914
2277 4915
2277 5156
2277 5159
2277 7010
2323 1436
2323 1956
2323 1969
2323 2260
2323 2261
2323 2263
2323 2264
2323 2321
2323 2322
2323 2324
2323 3480
2323 3643
2323 3791
2323 3815
2323 4233
2323 4804
2323 4914
2323 4915
2323 5156
2323 5159
2323 7010
26281 1436
26281 1956
26281 1969
26281 2260
26281 2261
26281 2263
26281 2264
26281 2321
26281 2322
26281 2324
26281 3480
26281 3643
26281 3791
26281 3815
26281 4233
26281 4804
26281 4914
26281 4915
26281 5156
26281 5159
26281 7010
26291 1436
26291 1956
26291 1969
26291 2260
26291 2261
26291 2263
26291 2264
26291 2321
26291 2322
26291 2324
26291 3480
26291 3643
26291 3791
26291 3815
26291 4233
26291 4804
26291 4914
26291 4915
26291 5156
26291 5159
26291 7010
27006 1436
27006 1956
27006 1969
27006 2260
27006 2261
27006 2263
27006 2264
27006 2321
27006 2322
27006 2324
27006 3480
27006 3643
27006 3791
27006 3815
27006 4233
27006 4804
27006 4914
27006 4915
27006 5156
27006 5159
27006 7010
284 1436
284 1956
284 1969
284 2260
284 2261
284 2263
284 2264
284 2321
284 2322
284 2324
284 3480
284 3643
284 3791
284 3815
284 4233
284 4804
284 4914
284 4915
284 5156
284 5159
284 7010
285 1436
285 1956
285 1969
285 2260
285 2261
285 2263
285 2264
285 2321
285 2322
285 2324
285 3480
285 3643
285 3791
285 3815
285 4233
285 4804
285 4914
285 4915
285 5156
285 5159
285 7010
3082 1436
3082 1956
3082 1969
3082 2260
3082 2261
3082 2263
3082 2264
3082 2321
3082 2322
3082 2324
3082 3480
3082 3643
3082 3791
3082 3815
3082 4233
3082 4804
3082 4914
3082 4915
3082 5156
3082 5159
3082 7010
3479 1436
3479 1956
3479 1969
3479 2260
3479 2261
3479 2263
3479 2264
3479 2321
3479 2322
3479 2324
3479 3480
3479 3643
3479 3791
3479 3815
3479 4233
3479 4804
3479 4914
3479 4915
3479 5156
3479 5159
3479 7010
3481 1436
3481 1956
3481 1969
3481 2260
3481 2261
3481 2263
3481 2264
3481 2321
3481 2322
3481 2324
3481 3480
3481 3643
3481 3791
3481 3815
3481 4233
3481 4804
3481 4914
3481 4915
3481 5156
3481 5159
3481 7010
3630 1436
3630 1956
3630 1969
3630 2260
3630 2261
3630 2263
3630 2264
3630 2321
3630 2322
3630 2324
3630 3480
3630 3643
3630 3791
3630 3815
3630 4233
3630 4804
3630 4914
3630 4915
3630 5156
3630 5159
3630 7010
4254 1436
4254 1956
4254 1969
4254 2260
4254 2261
4254 2263
4254 2264
4254 2321
4254 2322
4254 2324
4254 3480
4254 3643
4254 3791
4254 3815
4254 4233
4254 4804
4254 4914
4254 4915
4254 5156
4254 5159
4254 7010
4803 1436
4803 1956
4803 1969
4803 2260
4803 2261
4803 2263
4803 2264
4803 2321
4803 2322
4803 2324
4803 3480
4803 3643
4803 3791
4803 3815
4803 4233
4803 4804
4803 4914
4803 4915
4803 5156
4803 5159
4803 7010
4908 1436
4908 1956
4908 1969
4908 2260
4908 2261
4908 2263
4908 2264
4908 2321
4908 2322
4908 2324
4908 3480
4908 3643
4908 3791
4908 3815
4908 4233
4908 4804
4908 4914
4908 4915
4908 5156
4908 5159
4908 7010
4909 1436
4909 1956
4909 1969
4909 2260
4909 2261
4909 2263
4909 2264
4909 2321
4909 2322
4909 2324
4909 3480
4909 3643
4909 3791
4909 3815
4909 4233
4909 4804
4909 4914
4909 4915
4909 5156
4909 5159
4909 7010
51378 1436
51378 1956
51378 1969
51378 2260
51378 2261
51378 2263
51378 2264
51378 2321
51378 2322
51378 2324
51378 3480
51378 3643
51378 3791
51378 3815
51378 4233
51378 4804
51378 4914
51378 4915
51378 5156
51378 5159
51378 7010
5154 1436
5154 1956
5154 1969
5154 2260
5154 2261
5154 2263
5154 2264
5154 2321
5154 2322
5154 2324
5154 3480
5154 3643
5154 3791
5154 3815
5154 4233
5154 4804
5154 4914
5154 4915
5154 5156
5154 5159
5154 7010
5155 1436
5155 1956
5155 1969
5155 2260
5155 2261
5155 2263
5155 2264
5155 2321
5155 2322
5155 2324
5155 3480
5155 3643
5155 3791
5155 3815
5155 4233
5155 4804
5155 4914
5155 4915
5155 5156
5155 5159
5155 7010
5228 1436
5228 1956
5228 1969
5228 2260
5228 2261
5228 2263
5228 2264
5228 2321
5228 2322
5228 2324
5228 3480
5228 3643
5228 3791
5228 3815
5228 4233
5228 4804
5228 4914
5228 4915
5228 5156
5228 5159
5228 7010
56034 1436
56034 1956
56034 1969
56034 2260
56034 2261
56034 2263
56034 2264
56034 2321
56034 2322
56034 2324
56034 3480
56034 3643
56034 3791
56034 3815
56034 4233
56034 4804
56034 4914
56034 4915
56034 5156
56034 5159
56034 7010
627 1436
627 1956
627 1969
627 2260
627 2261
627 2263
627 2264
627 2321
627 2322
627 2324
627 3480
627 3643
627 3791
627 3815
627 4233
627 4804
627 4914
627 4915
627 5156
627 5159
627 7010
7039 1436
7039 1956
7039 1969
7039 2260
7039 2261
7039 2263
7039 2264
7039 2321
7039 2322
7039 2324
7039 3480
7039 3643
7039 3791
7039 3815
7039 4233
7039 4804
7039 4914
7039 4915
7039 5156
7039 5159
7039 7010
7422 1436
7422 1956
7422 1969
7422 2260
7422 2261
7422 2263
7422 2264
7422 2321
7422 2322
7422 2324
7422 3480
7422 3643
7422 3791
7422 3815
7422 4233
7422 4804
7422 4914
7422 4915
7422 5156
7422 5159
7422 7010
7423 1436
7423 1956
7423 1969
7423 2260
7423 2261
7423 2263
7423 2264
7423 2321
7423 2322
7423 2324
7423 3480
7423 3643
7423 3791
7423 3815
7423 4233
7423 4804
7423 4914
7423 4915
7423 5156
7423 5159
7423 7010
7424 1436
7424 1956
7424 1969
7424 2260
7424 2261
7424 2263
7424 2264
7424 2321
7424 2322
7424 2324
7424 3480
7424 3643
7424 3791
7424 3815
7424 4233
7424 4804
7424 4914
7424 4915
7424 5156
7424 5159
7424 7010
80310 1436
80310 1956
80310 1969
80310 2260
80310 2261
80310 2263
80310 2264
80310 2321
80310 2322
80310 2324
80310 3480
80310 3643
80310 3791
80310 3815
80310 4233
80310 4804
80310 4914
80310 4915
80310 5156
80310 5159
80310 7010
8074 1436
8074 1956
8074 1969
8074 2260
8074 2261
8074 2263
8074 2264
8074 2321
8074 2322
8074 2324
8074 3480
8074 3643
8074 3791
8074 3815
8074 4233
8074 4804
8074 4914
8074 4915
8074 5156
8074 5159
8074 7010
8817 1436
8817 1956
8817 1969
8817 2260
8817 2261
8817 2263
8817 2264
8817 2321
8817 2322
8817 2324
8817 3480
8817 3643
8817 3791
8817 3815
8817 4233
8817 4804
8817 4914
8817 4915
8817 5156
8817 5159
8817 7010
8822 1436
8822 1956
8822 1969
8822 2260
8822 2261
8822 2263
8822 2264
8822 2321
8822 2322
8822 2324
8822 3480
8822 3643
8822 3791
8822 3815
8822 4233
8822 4804
8822 4914
8822 4915
8822 5156
8822 5159
8822 7010
8823 1436
8823 1956
8823 1969
8823 2260
8823 2261
8823 2263
8823 2264
8823 2321
8823 2322
8823 2324
8823 3480
8823 3643
8823 3791
8823 3815
8823 4233
8823 4804
8823 4914
8823 4915
8823 5156
8823 5159
8823 7010
9965 1436
9965 1956
9965 1969
9965 2260
9965 2261
9965 2263
9965 2264
9965 2321
9965 2322
9965 2324
9965 3480
9965 3643
9965 3791
9965 3815
9965 4233
9965 4804
9965 4914
9965 4915
9965 5156
9965 5159
9965 7010
1436 25759
1436 399694
1436 53358
1436 6464
1956 25759
1956 399694
1956 53358
1956 6464
1969 25759
1969 399694
1969 53358
1969 6464
2260 25759
2260 399694
2260 53358
2260 6464
2261 25759
2261 399694
2261 53358
2261 6464
2263 25759
2263 399694
2263 53358
2263 6464
2264 25759
2264 399694
2264 53358
2264 6464
2321 25759
2321 399694
2321 53358
2321 6464
2322 25759
2322 399694
2322 53358
2322 6464
2324 25759
2324 399694
2324 53358
2324 6464
3480 25759
3480 399694
3480 53358
3480 6464
3643 25759
3643 399694
3643 53358
3643 6464
3791 25759
3791 399694
3791 53358
3791 6464
3815 25759
3815 399694
3815 53358
3815 6464
4233 25759
4233 399694
4233 53358
4233 6464
4804 25759
4804 399694
4804 53358
4804 6464
4914 25759
4914 399694
4914 53358
4914 6464
4915 25759
4915 399694
4915 53358
4915 6464
5156 25759
5156 399694
5156 53358
5156 6464
5159 25759
5159 399694
5159 53358
5159 6464
7010 25759
7010 399694
7010 53358
7010 6464
7074 5879
7074 5880
7074 5881
5879 10298
5879 106821730
5879 5058
5879 5062
5879 5063
5879 56924
5879 57144
5879 387
5880 10298
5880 106821730
5880 5058
5880 5062
5880 5063
5880 56924
5880 57144
5880 387
5881 10298
5881 106821730
5881 5058
5881 5062
5881 5063
5881 56924
5881 57144
5881 387
5900 5898
5900 5899
23179 5898
23179 5899
5863 5898
5863 5899
5898 5599
5898 5601
5898 5602
5898 55770
5898 5337
5898 5338
5898 10928
5899 5599
5899 5601
5899 5602
5899 55770
5899 5337
5899 5338
5899 10928
9610 25
9610 27
9610 5868
9610 5869
9610 5878
572 598
1147 4790
1147 5970
3551 4790
3551 5970
8517 4790
8517 5970
4303 356
10928 998
10928 5879
10928 5880
10928 5881
10928 382
998 5599
998 5601
998 5602
10125 22800
10125 22808
10125 3265
10125 3845
10125 4893
10125 6237
10235 22800
10235 22808
10235 3265
10235 3845
10235 4893
10235 6237
115727 22800
115727 22808
115727 3265
115727 3845
115727 4893
115727 6237
25780 22800
25780 22808
25780 3265
25780 3845
25780 4893
25780 6237
5923 22800
5923 22808
5923 3265
5923 3845
5923 4893
5923 6237
5924 22800
5924 22808
5924 3265
5924 3845
5924 4893
5924 6237
100271927 22800
100271927 22808
100271927 3265
100271927 3845
100271927 4893
100271927 6237
10156 22800
10156 22808
10156 3265
10156 3845
10156 4893
10156 6237
22821 22800
22821 22808
22821 3265
22821 3845
22821 4893
22821 6237
5921 22800
5921 22808
5921 3265
5921 3845
5921 4893
5921 6237
5922 22800
5922 22808
5922 3265
5922 3845
5922 4893
5922 6237
64926 22800
64926 22808
64926 3265
64926 3845
64926 4893
64926 6237
8437 22800
8437 22808
8437 3265
8437 3845
8437 4893
8437 6237
8831 22800
8831 22808
8831 3265
8831 3845
8831 4893
8831 6237
9462 22800
9462 22808
9462 3265
9462 3845
9462 4893
9462 6237
4763 22800
4763 22808
4763 3265
4763 3845
4763 4893
4763 6237
83593 6789
11186 6789
11186 83593
11186 7074
6789 6789
9771 5906
9771 5908
382 5879
163688 5923
163688 5924
51806 5923
51806 5924
801 5923
801 5924
805 5923
805 5924
808 5923
808 5924
810 5923
810 5924
91860 5923
91860 5924
10681 5923
10681 5924
2782 5923
2782 5924
2783 5923
2783 5924
2784 5923
2784 5924
2785 5923
2785 5924
2786 5923
2786 5924
2787 5923
2787 5924
2788 5923
2788 5924
2790 5923
2790 5924
2791 5923
2791 5924
2792 5923
2792 5924
2793 5923
2793 5924
51764 5923
51764 5924
54331 5923
54331 5924
55970 5923
55970 5924
59345 5923
59345 5924
94235 5923
94235 5924
3363 10681
3363 2782
3363 2783
3363 2784
3363 2785
3363 2786
3363 2787
3363 2788
3363 2790
3363 2791
3363 2792
3363 2793
3363 51764
3363 54331
3363 55970
3363 59345
3363 94235
7535 27040
27040 5335
27040 5336
55770 29110
29110 5966
8315 283455
8315 8844
5566 5923
5566 5924
5567 5923
5567 5924
5568 5923
5568 5924
8036 22800
8036 22808
8036 3265
8036 3845
8036 4893
8036 6237
8036 5894
