1131 2767
1131 2776
2740 2778
5566 10488
5566 1385
5566 1386
5566 1388
5566 148327
5566 468
5566 64764
5566 84699
5566 90993
5566 9586
5566 775
5566 776
5566 778
5566 779
5566 3651
5566 3710
5566 6833
5567 10488
5567 1385
5567 1386
5567 1388
5567 148327
5567 468
5567 64764
5567 84699
5567 90993
5567 9586
5567 775
5567 776
5567 778
5567 779
5567 3651
5567 3710
5567 6833
5568 10488
5568 1385
5568 1386
5568 1388
5568 148327
5568 468
5568 64764
5568 84699
5568 90993
5568 9586
5568 775
5568 776
5568 778
5568 779
5568 3651
5568 3710
5568 6833
2778 107
2778 108
2778 109
2778 111
2778 112
2778 113
2778 114
2778 115
2778 196883
2767 23236
2767 5330
2767 5331
2767 5332
2776 23236
2776 5330
2776 5331
2776 5332
2641 2740
10488 3630
1385 3630
1386 3630
1388 3630
148327 3630
468 3630
64764 3630
84699 3630
90993 3630
9586 3630
2864 2767
2864 2776
11069 6262
11069 6833
11069 9699
11069 27445
9699 5864
886 2767
886 2776
2695 139760
139760 2778
116 117
117 2778
117 2767
117 2776
3651 3630
27445 5864
