23586 9021
23586 5606
23586 5608
23586 57506
23586 5609
23586 6416
64135 57506
57506 3551
57506 29110
57506 9641
7706 23586
29110 3661
9641 3661
7098 148022
7098 5606
7098 5608
7098 5609
7098 6416
7098 5290
7098 5291
7098 5293
7098 5295
7098 5296
7098 8503
148022 3551
148022 29110
148022 9641
3551 4792
3551 4793
4792 4790
4792 5970
4793 4790
4793 5970
5290 10000
5290 207
5290 208
5290 842
5290 2932
5291 10000
5291 207
5291 208
5291 842
5291 2932
5293 10000
5293 207
5293 208
5293 842
5293 2932
5295 10000
5295 207
5295 208
5295 842
5295 2932
5296 10000
5296 207
5296 208
5296 842
5296 2932
8503 10000
8503 207
8503 208
8503 842
8503 2932
10000 3661
207 3661
208 3661
51284 4615
4615 51135
51135 3665
834 3553
834 3606
834 90865
3454 3716
3454 7297
3455 3716
3455 7297
3456 3454
3456 3455
3456 91543
3716 6772
3716 6773
7297 6772
7297 6773
6772 4261
6772 10379
6773 10379
4938 6041
4939 6041
4940 6041
9021 3716
9021 7297
5606 1432
5606 5600
5606 5603
5606 6300
5608 1432
5608 5600
5608 5603
5608 6300
5609 5599
5609 5601
5609 5602
6416 5599
6416 5601
6416 5602
5599 1386
5599 3725
5601 1386
5601 3725
5602 1386
5602 3725
27102 1965
27102 5606
27102 5608
27102 5609
27102 6416
27102 4792
27102 4793
440275 1965
440275 5606
440275 5608
440275 5609
440275 6416
440275 4792
440275 4793
5610 1965
5610 5606
5610 5608
5610 5609
5610 6416
5610 4792
5610 4793
9451 1965
9451 5606
9451 5608
9451 5609
9451 6416
9451 4792
9451 4793
5611 27102
5611 440275
5611 5610
5611 9451
3337 5611
3337 3303
3337 3304
3337 3305
3337 3306
3337 3310
3337 3312
8743 8795
8743 8797
54205 842
5578 5894
5894 5604
5894 5605
5604 5594
5604 5595
5605 5594
5605 5595
91543 2224
4928 8480
4928 10482
4928 55998
4928 56000
4928 56001
4928 728343
4928 29107
4928 55916
356 355
3458 3459
3458 3460
3459 3716
3459 3717
3460 3716
3460 3717
3717 6772
7099 148022
