2776 23236
2776 5330
2776 5331
2776 5332
1268 10681
1268 2770
1268 2771
1268 2773
1268 2775
1268 2782
1268 2783
1268 2784
1268 2785
1268 2786
1268 2787
1268 2788
1268 2790
1268 2791
1268 2792
1268 2793
1268 51764
1268 54331
1268 55970
1268 59345
1268 94235
10681 3760
10681 3762
10681 3763
10681 3765
10681 1432
10681 5594
10681 5595
10681 5599
10681 5600
10681 5601
10681 5602
10681 5603
10681 6300
10681 773
10681 774
10681 107
10681 108
10681 109
10681 111
10681 112
10681 113
10681 114
10681 115
10681 196883
2770 3760
2770 3762
2770 3763
2770 3765
2770 1432
2770 5594
2770 5595
2770 5599
2770 5600
2770 5601
2770 5602
2770 5603
2770 6300
2770 773
2770 774
2770 107
2770 108
2770 109
2770 111
2770 112
2770 113
2770 114
2770 115
2770 196883
2771 3760
2771 3762
2771 3763
2771 3765
2771 1432
2771 5594
2771 5595
2771 5599
2771 5600
2771 5601
2771 5602
2771 5603
2771 6300
2771 773
2771 774
2771 107
2771 108
2771 109
2771 111
2771 112
2771 113
2771 114
2771 115
2771 196883
2773 3760
2773 3762
2773 3763
2773 3765
2773 1432
2773 5594
2773 5595
2773 5599
2773 5600
2773 5601
2773 5602
2773 5603
2773 6300
2773 773
2773 774
2773 107
2773 108
2773 109
2773 111
2773 112
2773 113
2773 114
2773 115
2773 196883
2775 3760
2775 3762
2775 3763
2775 3765
2775 1432
2775 5594
2775 5595
2775 5599
2775 5600
2775 5601
2775 5602
2775 5603
2775 6300
2775 773
2775 774
2775 107
2775 108
2775 109
2775 111
2775 112
2775 113
2775 114
2775 115
2775 196883
2782 3760
2782 3762
2782 3763
2782 3765
2782 1432
2782 5594
2782 5595
2782 5599
2782 5600
2782 5601
2782 5602
2782 5603
2782 6300
2782 773
2782 774
2782 107
2782 108
2782 109
2782 111
2782 112
2782 113
2782 114
2782 115
2782 196883
2783 3760
2783 3762
2783 3763
2783 3765
2783 1432
2783 5594
2783 5595
2783 5599
2783 5600
2783 5601
2783 5602
2783 5603
2783 6300
2783 773
2783 774
2783 107
2783 108
2783 109
2783 111
2783 112
2783 113
2783 114
2783 115
2783 196883
2784 3760
2784 3762
2784 3763
2784 3765
2784 1432
2784 5594
2784 5595
2784 5599
2784 5600
2784 5601
2784 5602
2784 5603
2784 6300
2784 773
2784 774
2784 107
2784 108
2784 109
2784 111
2784 112
2784 113
2784 114
2784 115
2784 196883
2785 3760
2785 3762
2785 3763
2785 3765
2785 1432
2785 5594
2785 5595
2785 5599
2785 5600
2785 5601
2785 5602
2785 5603
2785 6300
2785 773
2785 774
2785 107
2785 108
2785 109
2785 111
2785 112
2785 113
2785 114
2785 115
2785 196883
2786 3760
2786 3762
2786 3763
2786 3765
2786 1432
2786 5594
2786 5595
2786 5599
2786 5600
2786 5601
2786 5602
2786 5603
2786 6300
2786 773
2786 774
2786 107
2786 108
2786 109
2786 111
2786 112
2786 113
2786 114
2786 115
2786 196883
2787 3760
2787 3762
2787 3763
2787 3765
2787 1432
2787 5594
2787 5595
2787 5599
2787 5600
2787 5601
2787 5602
2787 5603
2787 6300
2787 773
2787 774
2787 107
2787 108
2787 109
2787 111
2787 112
2787 113
2787 114
2787 115
2787 196883
2788 3760
2788 3762
2788 3763
2788 3765
2788 1432
2788 5594
2788 5595
2788 5599
2788 5600
2788 5601
2788 5602
2788 5603
2788 6300
2788 773
2788 774
2788 107
2788 108
2788 109
2788 111
2788 112
2788 113
2788 114
2788 115
2788 196883
2790 3760
2790 3762
2790 3763
2790 3765
2790 1432
2790 5594
2790 5595
2790 5599
2790 5600
2790 5601
2790 5602
2790 5603
2790 6300
2790 773
2790 774
2790 107
2790 108
2790 109
2790 111
2790 112
2790 113
2790 114
2790 115
2790 196883
2791 3760
2791 3762
2791 3763
2791 3765
2791 1432
2791 5594
2791 5595
2791 5599
2791 5600
2791 5601
2791 5602
2791 5603
2791 6300
2791 773
2791 774
2791 107
2791 108
2791 109
2791 111
2791 112
2791 113
2791 114
2791 115
2791 196883
2792 3760
2792 3762
2792 3763
2792 3765
2792 1432
2792 5594
2792 5595
2792 5599
2792 5600
2792 5601
2792 5602
2792 5603
2792 6300
2792 773
2792 774
2792 107
2792 108
2792 109
2792 111
2792 112
2792 113
2792 114
2792 115
2792 196883
2793 3760
2793 3762
2793 3763
2793 3765
2793 1432
2793 5594
2793 5595
2793 5599
2793 5600
2793 5601
2793 5602
2793 5603
2793 6300
2793 773
2793 774
2793 107
2793 108
2793 109
2793 111
2793 112
2793 113
2793 114
2793 115
2793 196883
51764 3760
51764 3762
51764 3763
51764 3765
51764 1432
51764 5594
51764 5595
51764 5599
51764 5600
51764 5601
51764 5602
51764 5603
51764 6300
51764 773
51764 774
51764 107
51764 108
51764 109
51764 111
51764 112
51764 113
51764 114
51764 115
51764 196883
54331 3760
54331 3762
54331 3763
54331 3765
54331 1432
54331 5594
54331 5595
54331 5599
54331 5600
54331 5601
54331 5602
54331 5603
54331 6300
54331 773
54331 774
54331 107
54331 108
54331 109
54331 111
54331 112
54331 113
54331 114
54331 115
54331 196883
55970 3760
55970 3762
55970 3763
55970 3765
55970 1432
55970 5594
55970 5595
55970 5599
55970 5600
55970 5601
55970 5602
55970 5603
55970 6300
55970 773
55970 774
55970 107
55970 108
55970 109
55970 111
55970 112
55970 113
55970 114
55970 115
55970 196883
59345 3760
59345 3762
59345 3763
59345 3765
59345 1432
59345 5594
59345 5595
59345 5599
59345 5600
59345 5601
59345 5602
59345 5603
59345 6300
59345 773
59345 774
59345 107
59345 108
59345 109
59345 111
59345 112
59345 113
59345 114
59345 115
59345 196883
94235 3760
94235 3762
94235 3763
94235 3765
94235 1432
94235 5594
94235 5595
94235 5599
94235 5600
94235 5601
94235 5602
94235 5603
94235 6300
94235 773
94235 774
94235 107
94235 108
94235 109
94235 111
94235 112
94235 113
94235 114
94235 115
94235 196883
2911 2776
2915 2776
5566 100532726
5566 126328
5566 374291
5566 4535
5566 4536
5566 4537
5566 4538
5566 4539
5566 4540
5566 4541
5566 4694
5566 4695
5566 4696
5566 4697
5566 4698
5566 4700
5566 4701
5566 4702
5566 4704
5566 4705
5566 4706
5566 4707
5566 4708
5566 4709
5566 4710
5566 4711
5566 4712
5566 4713
5566 4714
5566 4715
5566 4716
5566 4717
5566 4718
5566 4719
5566 4720
5566 4722
5566 4723
5566 4724
5566 4725
5566 4726
5566 4728
5566 4729
5566 4731
5566 51079
5566 54539
5566 55967
5566 56901
5567 100532726
5567 126328
5567 374291
5567 4535
5567 4536
5567 4537
5567 4538
5567 4539
5567 4540
5567 4541
5567 4694
5567 4695
5567 4696
5567 4697
5567 4698
5567 4700
5567 4701
5567 4702
5567 4704
5567 4705
5567 4706
5567 4707
5567 4708
5567 4709
5567 4710
5567 4711
5567 4712
5567 4713
5567 4714
5567 4715
5567 4716
5567 4717
5567 4718
5567 4719
5567 4720
5567 4722
5567 4723
5567 4724
5567 4725
5567 4726
5567 4728
5567 4729
5567 4731
5567 51079
5567 54539
5567 55967
5567 56901
5568 100532726
5568 126328
5568 374291
5568 4535
5568 4536
5568 4537
5568 4538
5568 4539
5568 4540
5568 4541
5568 4694
5568 4695
5568 4696
5568 4697
5568 4698
5568 4700
5568 4701
5568 4702
5568 4704
5568 4705
5568 4706
5568 4707
5568 4708
5568 4709
5568 4710
5568 4711
5568 4712
5568 4713
5568 4714
5568 4715
5568 4716
5568 4717
5568 4718
5568 4719
5568 4720
5568 4722
5568 4723
5568 4724
5568 4725
5568 4726
5568 4728
5568 4729
5568 4731
5568 51079
5568 54539
5568 55967
5568 56901
