4615 3654
4615 51135
3654 7189
51135 7189
7189 6885
7189 10454
7189 23118
6885 5606
6885 5608
6885 5599
6885 5601
6885 5602
6885 5594
6885 5595
6885 1147
6885 3551
6885 8517
1147 4792
1147 4793
3551 4792
3551 4793
8517 4792
8517 4793
4792 4790
4792 5970
4793 4790
4793 5970
5606 1432
5606 5600
5606 5603
5606 6300
5608 1432
5608 5600
5608 5603
5608 6300
2770 146850
2770 23533
2770 5294
2771 146850
2771 23533
2771 5294
2773 146850
2773 23533
2773 5294
2775 146850
2775 23533
2775 5294
7124 7132
112401 842
112401 836
329 842
329 836
330 842
330 836
331 842
331 836
79444 842
79444 836
3716 6772
3716 6774
3717 6772
6772 4261
8651 3716
8651 3717
54205 842
842 836
841 836
146850 5170
23533 5170
5294 5170
5170 10000
5170 207
5170 208
10000 572
207 572
208 572
10319 3655
10319 3688
22798 3655
22798 3688
284217 3655
284217 3688
3908 3655
3908 3688
3909 3655
3909 3688
3910 3655
3910 3688
3911 3655
3911 3688
3912 3655
3912 3688
3913 3655
3913 3688
3914 3655
3914 3688
3915 3655
3915 3688
3918 3655
3918 3688
23643 7099
7099 4615
3303 7097
3304 7097
3305 7097
3306 7097
3310 7097
3312 7097
7097 4615
3458 3459
3458 3460
3459 3716
3459 3717
3460 3716
3460 3717
1234 2770
1234 2771
1234 2773
1234 2775
10105 1234
959 958
7132 841
3586 3587
3586 3588
3587 3716
3587 7297
3588 3716
3588 7297
7297 6774
