998 1432
998 5600
998 5603
998 6300
3791 9047
3791 5335
3791 5336
3791 25759
3791 5747
3791 5829
3791 998
3791 5290
3791 5291
3791 5293
3791 5295
3791 5296
3791 8503
3791 6714
5335 5530
5335 5532
5335 5533
5335 5534
5335 5535
5335 5578
5335 5579
5335 5582
5335 100137049
5335 123745
5335 255189
5335 283748
5335 5321
5335 8605
5335 8681
5335 4846
5335 9047
5336 5530
5336 5532
5336 5533
5336 5534
5336 5535
5336 5578
5336 5579
5336 5582
5336 100137049
5336 123745
5336 255189
5336 283748
5336 5321
5336 8605
5336 8681
5336 4846
5336 9047
56848 3265
56848 3845
56848 4893
8877 3265
8877 3845
8877 4893
7867 3315
9261 3315
5530 4773
5532 4773
5533 4773
5534 4773
5535 4773
10000 4846
10000 842
10000 572
207 4846
207 842
207 572
208 4846
208 842
208 572
5290 5879
5290 5880
5290 5881
5290 10000
5290 207
5290 208
5291 5879
5291 5880
5291 5881
5291 10000
5291 207
5291 208
5293 5879
5293 5880
5293 5881
5293 10000
5293 207
5293 208
5295 5879
5295 5880
5295 5881
5295 10000
5295 207
5295 208
5296 5879
5296 5880
5296 5881
5296 10000
5296 207
5296 208
8503 5879
8503 5880
8503 5881
8503 10000
8503 207
8503 208
4773 5743
5578 5894
5578 56848
5578 8877
5579 5894
5579 56848
5579 8877
5582 5894
5582 56848
5582 8877
1432 7867
1432 9261
5600 7867
5600 9261
5603 7867
5603 9261
6300 7867
6300 9261
6714 5290
6714 5291
6714 5293
6714 5295
6714 5296
6714 8503
7422 3791
5594 100137049
5594 123745
5594 255189
5594 283748
5594 5321
5594 8605
5594 8681
5595 100137049
5595 123745
5595 255189
5595 283748
5595 5321
5595 8605
5595 8681
5604 5594
5604 5595
5605 5594
5605 5595
5894 5604
5894 5605
3265 5894
3845 5894
4893 5894
