55349 501
501 635
635 29958
189 9380
189 102724560
189 875
189 189
189 6470
189 6472
189 10993
189 113675
189 5723
189 2628
189 63826
189 51268
189 1757
189 27232
189 23464
189 211
189 212
189 2731
189 1610
2593 2628
26227 29968
26227 441531
26227 5223
26227 5224
26227 669
29958 51268
29958 1757
29958 27232
102724560 6470
102724560 6472
102724560 10993
102724560 113675
102724560 5723
102724560 1491
102724560 63826
102724560 189
875 6470
875 6472
875 10993
875 113675
875 5723
875 1491
875 63826
875 189
2628 51268
2628 1757
2628 27232
2628 23464
2628 211
2628 212
2628 2731
2628 1610
29968 5723
51268 23464
51268 211
51268 212
51268 2731
51268 1610
1757 23464
1757 211
1757 212
1757 2731
1757 1610
5723 6470
5723 6472
5723 10993
5723 113675
5723 63826
6470 10993
6470 113675
6470 275
6470 63826
6470 2628
6470 51268
6470 1757
6470 27232
6470 23464
6470 211
6470 212
6470 2731
6470 1610
6470 189
6472 10993
6472 113675
6472 275
6472 63826
6472 2628
6472 51268
6472 1757
6472 27232
6472 23464
6472 211
6472 212
6472 2731
6472 1610
6472 189
10993 63826
10993 189
113675 63826
113675 189
23464 211
23464 212
23464 2731
23464 1610
2731 1738
2731 1610
2731 275
211 2731
211 1610
212 2731
212 1610
9380 132158
275 1738
27232 23464
27232 211
27232 212
27232 2731
27232 1610
64902 6470
64902 6472
64902 189
64902 2628
64902 51268
64902 1757
64902 27232
64902 23464
64902 211
64902 212
64902 2731
132158 441531
132158 5223
132158 5224
132158 669
