2475 6198
2475 6199
2475 1978
6009 2475
7249 6009
7248 6009
10000 2308
10000 572
10000 2932
10000 1147
10000 3551
10000 8517
10000 4193
10000 7422
10000 7249
10000 7248
207 2308
207 572
207 2932
207 1147
207 3551
207 8517
207 4193
207 7422
207 7249
207 7248
208 2308
208 572
208 2932
208 1147
208 3551
208 8517
208 4193
208 7422
208 7249
208 7248
1956 2885
1956 5743
1956 5290
1956 5291
1956 5293
1956 5295
1956 5296
1956 8503
2932 595
2932 1499
356 355
4193 7157
7157 1027
7157 1026
595 5925
595 5933
595 5934
1147 4790
1147 5970
3551 4790
3551 5970
8517 4790
8517 5970
1950 1956
2885 6654
2885 6655
6654 3265
6654 3845
6654 4893
6655 3265
6655 3845
6655 4893
3265 5894
3845 5894
4893 5894
1026 1017
1026 898
1026 9134
1027 1019
1027 1021
1027 595
1027 894
1027 896
1027 1017
1027 898
1027 9134
1017 5925
1017 5933
1017 5934
5894 5604
5894 5605
5604 5594
5604 5595
5605 5594
5605 5595
10319 22801
10319 3655
10319 3672
10319 3673
10319 3674
10319 3675
10319 3676
10319 3678
10319 3679
10319 3680
10319 3685
10319 8515
10319 8516
10319 3688
10319 3690
10319 3691
10319 3693
10319 3694
10319 3695
10319 3696
10319 5747
1101 22801
1101 3655
1101 3672
1101 3673
1101 3674
1101 3675
1101 3676
1101 3678
1101 3679
1101 3680
1101 3685
1101 8515
1101 8516
1101 3688
1101 3690
1101 3691
1101 3693
1101 3694
1101 3695
1101 3696
1101 5747
1277 22801
1277 3655
1277 3672
1277 3673
1277 3674
1277 3675
1277 3676
1277 3678
1277 3679
1277 3680
1277 3685
1277 8515
1277 8516
1277 3688
1277 3690
1277 3691
1277 3693
1277 3694
1277 3695
1277 3696
1277 5747
1278 22801
1278 3655
1278 3672
1278 3673
1278 3674
1278 3675
1278 3676
1278 3678
1278 3679
1278 3680
1278 3685
1278 8515
1278 8516
1278 3688
1278 3690
1278 3691
1278 3693
1278 3694
1278 3695
1278 3696
1278 5747
1280 22801
1280 3655
1280 3672
1280 3673
1280 3674
1280 3675
1280 3676
1280 3678
1280 3679
1280 3680
1280 3685
1280 8515
1280 8516
1280 3688
1280 3690
1280 3691
1280 3693
1280 3694
1280 3695
1280 3696
1280 5747
1282 22801
1282 3655
1282 3672
1282 3673
1282 3674
1282 3675
1282 3676
1282 3678
1282 3679
1282 3680
1282 3685
1282 8515
1282 8516
1282 3688
1282 3690
1282 3691
1282 3693
1282 3694
1282 3695
1282 3696
1282 5747
1284 22801
1284 3655
1284 3672
1284 3673
1284 3674
1284 3675
1284 3676
1284 3678
1284 3679
1284 3680
1284 3685
1284 8515
1284 8516
1284 3688
1284 3690
1284 3691
1284 3693
1284 3694
1284 3695
1284 3696
1284 5747
1285 22801
1285 3655
1285 3672
1285 3673
1285 3674
1285 3675
1285 3676
1285 3678
1285 3679
1285 3680
1285 3685
1285 8515
1285 8516
1285 3688
1285 3690
1285 3691
1285 3693
1285 3694
1285 3695
1285 3696
1285 5747
1286 22801
1286 3655
1286 3672
1286 3673
1286 3674
1286 3675
1286 3676
1286 3678
1286 3679
1286 3680
1286 3685
1286 8515
1286 8516
1286 3688
1286 3690
1286 3691
1286 3693
1286 3694
1286 3695
1286 3696
1286 5747
1287 22801
1287 3655
1287 3672
1287 3673
1287 3674
1287 3675
1287 3676
1287 3678
1287 3679
1287 3680
1287 3685
1287 8515
1287 8516
1287 3688
1287 3690
1287 3691
1287 3693
1287 3694
1287 3695
1287 3696
1287 5747
1288 22801
1288 3655
1288 3672
1288 3673
1288 3674
1288 3675
1288 3676
1288 3678
1288 3679
1288 3680
1288 3685
1288 8515
1288 8516
1288 3688
1288 3690
1288 3691
1288 3693
1288 3694
1288 3695
1288 3696
1288 5747
1291 22801
1291 3655
1291 3672
1291 3673
1291 3674
1291 3675
1291 3676
1291 3678
1291 3679
1291 3680
1291 3685
1291 8515
1291 8516
1291 3688
1291 3690
1291 3691
1291 3693
1291 3694
1291 3695
1291 3696
1291 5747
1292 22801
1292 3655
1292 3672
1292 3673
1292 3674
1292 3675
1292 3676
1292 3678
1292 3679
1292 3680
1292 3685
1292 8515
1292 8516
1292 3688
1292 3690
1292 3691
1292 3693
1292 3694
1292 3695
1292 3696
1292 5747
1293 22801
1293 3655
1293 3672
1293 3673
1293 3674
1293 3675
1293 3676
1293 3678
1293 3679
1293 3680
1293 3685
1293 8515
1293 8516
1293 3688
1293 3690
1293 3691
1293 3693
1293 3694
1293 3695
1293 3696
1293 5747
1297 22801
1297 3655
1297 3672
1297 3673
1297 3674
1297 3675
1297 3676
1297 3678
1297 3679
1297 3680
1297 3685
1297 8515
1297 8516
1297 3688
1297 3690
1297 3691
1297 3693
1297 3694
1297 3695
1297 3696
1297 5747
1298 22801
1298 3655
1298 3672
1298 3673
1298 3674
1298 3675
1298 3676
1298 3678
1298 3679
1298 3680
1298 3685
1298 8515
1298 8516
1298 3688
1298 3690
1298 3691
1298 3693
1298 3694
1298 3695
1298 3696
1298 5747
1299 22801
1299 3655
1299 3672
1299 3673
1299 3674
1299 3675
1299 3676
1299 3678
1299 3679
1299 3680
1299 3685
1299 8515
1299 8516
1299 3688
1299 3690
1299 3691
1299 3693
1299 3694
1299 3695
1299 3696
1299 5747
1311 22801
1311 3655
1311 3672
1311 3673
1311 3674
1311 3675
1311 3676
1311 3678
1311 3679
1311 3680
1311 3685
1311 8515
1311 8516
1311 3688
1311 3690
1311 3691
1311 3693
1311 3694
1311 3695
1311 3696
1311 5747
131873 22801
131873 3655
131873 3672
131873 3673
131873 3674
131873 3675
131873 3676
131873 3678
131873 3679
131873 3680
131873 3685
131873 8515
131873 8516
131873 3688
131873 3690
131873 3691
131873 3693
131873 3694
131873 3695
131873 3696
131873 5747
22798 22801
22798 3655
22798 3672
22798 3673
22798 3674
22798 3675
22798 3676
22798 3678
22798 3679
22798 3680
22798 3685
22798 8515
22798 8516
22798 3688
22798 3690
22798 3691
22798 3693
22798 3694
22798 3695
22798 3696
22798 5747
2335 22801
2335 3655
2335 3672
2335 3673
2335 3674
2335 3675
2335 3676
2335 3678
2335 3679
2335 3680
2335 3685
2335 8515
2335 8516
2335 3688
2335 3690
2335 3691
2335 3693
2335 3694
2335 3695
2335 3696
2335 5747
256076 22801
256076 3655
256076 3672
256076 3673
256076 3674
256076 3675
256076 3676
256076 3678
256076 3679
256076 3680
256076 3685
256076 8515
256076 8516
256076 3688
256076 3690
256076 3691
256076 3693
256076 3694
256076 3695
256076 3696
256076 5747
284217 22801
284217 3655
284217 3672
284217 3673
284217 3674
284217 3675
284217 3676
284217 3678
284217 3679
284217 3680
284217 3685
284217 8515
284217 8516
284217 3688
284217 3690
284217 3691
284217 3693
284217 3694
284217 3695
284217 3696
284217 5747
3371 22801
3371 3655
3371 3672
3371 3673
3371 3674
3371 3675
3371 3676
3371 3678
3371 3679
3371 3680
3371 3685
3371 8515
3371 8516
3371 3688
3371 3690
3371 3691
3371 3693
3371 3694
3371 3695
3371 3696
3371 5747
3381 22801
3381 3655
3381 3672
3381 3673
3381 3674
3381 3675
3381 3676
3381 3678
3381 3679
3381 3680
3381 3685
3381 8515
3381 8516
3381 3688
3381 3690
3381 3691
3381 3693
3381 3694
3381 3695
3381 3696
3381 5747
3908 22801
3908 3655
3908 3672
3908 3673
3908 3674
3908 3675
3908 3676
3908 3678
3908 3679
3908 3680
3908 3685
3908 8515
3908 8516
3908 3688
3908 3690
3908 3691
3908 3693
3908 3694
3908 3695
3908 3696
3908 5747
3909 22801
3909 3655
3909 3672
3909 3673
3909 3674
3909 3675
3909 3676
3909 3678
3909 3679
3909 3680
3909 3685
3909 8515
3909 8516
3909 3688
3909 3690
3909 3691
3909 3693
3909 3694
3909 3695
3909 3696
3909 5747
3910 22801
3910 3655
3910 3672
3910 3673
3910 3674
3910 3675
3910 3676
3910 3678
3910 3679
3910 3680
3910 3685
3910 8515
3910 8516
3910 3688
3910 3690
3910 3691
3910 3693
3910 3694
3910 3695
3910 3696
3910 5747
3911 22801
3911 3655
3911 3672
3911 3673
3911 3674
3911 3675
3911 3676
3911 3678
3911 3679
3911 3680
3911 3685
3911 8515
3911 8516
3911 3688
3911 3690
3911 3691
3911 3693
3911 3694
3911 3695
3911 3696
3911 5747
3912 22801
3912 3655
3912 3672
3912 3673
3912 3674
3912 3675
3912 3676
3912 3678
3912 3679
3912 3680
3912 3685
3912 8515
3912 8516
3912 3688
3912 3690
3912 3691
3912 3693
3912 3694
3912 3695
3912 3696
3912 5747
3913 22801
3913 3655
3913 3672
3913 3673
3913 3674
3913 3675
3913 3676
3913 3678
3913 3679
3913 3680
3913 3685
3913 8515
3913 8516
3913 3688
3913 3690
3913 3691
3913 3693
3913 3694
3913 3695
3913 3696
3913 5747
3914 22801
3914 3655
3914 3672
3914 3673
3914 3674
3914 3675
3914 3676
3914 3678
3914 3679
3914 3680
3914 3685
3914 8515
3914 8516
3914 3688
3914 3690
3914 3691
3914 3693
3914 3694
3914 3695
3914 3696
3914 5747
3915 22801
3915 3655
3915 3672
3915 3673
3915 3674
3915 3675
3915 3676
3915 3678
3915 3679
3915 3680
3915 3685
3915 8515
3915 8516
3915 3688
3915 3690
3915 3691
3915 3693
3915 3694
3915 3695
3915 3696
3915 5747
3918 22801
3918 3655
3918 3672
3918 3673
3918 3674
3918 3675
3918 3676
3918 3678
3918 3679
3918 3680
3918 3685
3918 8515
3918 8516
3918 3688
3918 3690
3918 3691
3918 3693
3918 3694
3918 3695
3918 3696
3918 5747
5649 22801
5649 3655
5649 3672
5649 3673
5649 3674
5649 3675
5649 3676
5649 3678
5649 3679
5649 3680
5649 3685
5649 8515
5649 8516
5649 3688
5649 3690
5649 3691
5649 3693
5649 3694
5649 3695
5649 3696
5649 5747
63923 22801
63923 3655
63923 3672
63923 3673
63923 3674
63923 3675
63923 3676
63923 3678
63923 3679
63923 3680
63923 3685
63923 8515
63923 8516
63923 3688
63923 3690
63923 3691
63923 3693
63923 3694
63923 3695
63923 3696
63923 5747
6696 22801
6696 3655
6696 3672
6696 3673
6696 3674
6696 3675
6696 3676
6696 3678
6696 3679
6696 3680
6696 3685
6696 8515
6696 8516
6696 3688
6696 3690
6696 3691
6696 3693
6696 3694
6696 3695
6696 3696
6696 5747
7057 22801
7057 3655
7057 3672
7057 3673
7057 3674
7057 3675
7057 3676
7057 3678
7057 3679
7057 3680
7057 3685
7057 8515
7057 8516
7057 3688
7057 3690
7057 3691
7057 3693
7057 3694
7057 3695
7057 3696
7057 5747
7058 22801
7058 3655
7058 3672
7058 3673
7058 3674
7058 3675
7058 3676
7058 3678
7058 3679
7058 3680
7058 3685
7058 8515
7058 8516
7058 3688
7058 3690
7058 3691
7058 3693
7058 3694
7058 3695
7058 3696
7058 5747
7059 22801
7059 3655
7059 3672
7059 3673
7059 3674
7059 3675
7059 3676
7059 3678
7059 3679
7059 3680
7059 3685
7059 8515
7059 8516
7059 3688
7059 3690
7059 3691
7059 3693
7059 3694
7059 3695
7059 3696
7059 5747
7060 22801
7060 3655
7060 3672
7060 3673
7060 3674
7060 3675
7060 3676
7060 3678
7060 3679
7060 3680
7060 3685
7060 8515
7060 8516
7060 3688
7060 3690
7060 3691
7060 3693
7060 3694
7060 3695
7060 3696
7060 5747
7143 22801
7143 3655
7143 3672
7143 3673
7143 3674
7143 3675
7143 3676
7143 3678
7143 3679
7143 3680
7143 3685
7143 8515
7143 8516
7143 3688
7143 3690
7143 3691
7143 3693
7143 3694
7143 3695
7143 3696
7143 5747
7148 22801
7148 3655
7148 3672
7148 3673
7148 3674
7148 3675
7148 3676
7148 3678
7148 3679
7148 3680
7148 3685
7148 8515
7148 8516
7148 3688
7148 3690
7148 3691
7148 3693
7148 3694
7148 3695
7148 3696
7148 5747
7448 22801
7448 3655
7448 3672
7448 3673
7448 3674
7448 3675
7448 3676
7448 3678
7448 3679
7448 3680
7448 3685
7448 8515
7448 8516
7448 3688
7448 3690
7448 3691
7448 3693
7448 3694
7448 3695
7448 3696
7448 5747
7450 22801
7450 3655
7450 3672
7450 3673
7450 3674
7450 3675
7450 3676
7450 3678
7450 3679
7450 3680
7450 3685
7450 8515
7450 8516
7450 3688
7450 3690
7450 3691
7450 3693
7450 3694
7450 3695
7450 3696
7450 5747
5747 5829
898 5925
898 5933
898 5934
9134 5925
9134 5933
9134 5934
7124 7132
8772 841
841 836
355 8772
56288 9223
56288 5728
50855 9223
50855 5728
84552 9223
84552 5728
84612 9223
84612 5728
5584 9223
5584 5728
5590 9223
5590 5728
998 9223
998 5728
4799 7015
4799 4851
4799 4853
4799 4854
4799 4855
7337 1499
7337 7157
7337 4799
7337 7249
7337 7248
7337 92359
7337 10207
7337 64398
7337 9223
7337 5728
7337 23513
7337 1739
7337 1740
7337 1741
7337 3993
7337 3996
7015 6932
7015 6934
7015 83439
5925 1869
5933 1869
5934 1869
1869 890
1869 8900
1869 898
1869 9134
1019 5925
1019 5933
1019 5934
1021 5925
1021 5933
1021 5934
894 5925
894 5933
894 5934
896 5925
896 5933
896 5934
1387 7157
2033 7157
182 4851
182 4853
182 4854
182 4855
4851 3280
4851 388585
4851 390992
4851 54626
4851 55502
4851 57801
4851 84667
4851 23462
4851 23493
4851 26508
4853 3280
4853 388585
4853 390992
4853 54626
4853 55502
4853 57801
4853 84667
4853 23462
4853 23493
4853 26508
4854 3280
4854 388585
4854 390992
4854 54626
4854 55502
4854 57801
4854 84667
4854 23462
4854 23493
4854 26508
4855 3280
4855 388585
4855 390992
4855 54626
4855 55502
4855 57801
4855 84667
4855 23462
4855 23493
4855 26508
11317 3280
11317 388585
11317 390992
11317 54626
11317 55502
11317 57801
11317 84667
11317 23462
11317 23493
11317 26508
3516 3280
3516 388585
3516 390992
3516 54626
3516 55502
3516 57801
3516 84667
3516 23462
3516 23493
3516 26508
55534 3280
55534 388585
55534 390992
55534 54626
55534 55502
55534 57801
55534 84667
55534 23462
55534 23493
55534 26508
84441 3280
84441 388585
84441 390992
84441 54626
84441 55502
84441 57801
84441 84667
84441 23462
84441 23493
84441 26508
9794 3280
9794 388585
9794 390992
9794 54626
9794 55502
9794 57801
9794 84667
9794 23462
9794 23493
9794 26508
7098 148022
148022 7187
7187 9641
7187 29110
9641 3661
29110 3661
3661 3456
3456 3454
3456 3455
5663 4851
5663 4853
5663 4854
5663 4855
3955 4851
3955 4853
3955 4854
3955 4855
4242 4851
4242 4853
4242 4854
4242 4855
5986 4851
5986 4853
5986 4854
5986 4855
3439 3454
3439 3455
3440 3454
3440 3455
3441 3454
3441 3455
3442 3454
3442 3455
3443 3454
3443 3455
3444 3454
3444 3455
3445 3454
3445 3455
3446 3454
3446 3455
3447 3454
3447 3455
3448 3454
3448 3455
3449 3454
3449 3455
3451 3454
3451 3455
3452 3454
3452 3455
3454 6773
3454 3716
3454 7297
3455 6773
3455 3716
3455 7297
6773 6772
6773 5610
6773 8638
6773 4599
6773 9636
6772 6773
6772 5610
6772 8638
6772 4599
6772 9636
10379 6772
10379 6773
5159 5290
5159 5291
5159 5293
5159 5295
5159 5296
5159 8503
5159 2885
10312 1956
23545 1956
50617 1956
535 1956
5734 2778
5566 10488
5566 1385
5566 148327
5566 64764
5566 84699
5566 90993
5566 9586
5566 581
5567 10488
5567 1385
5567 148327
5567 64764
5567 84699
5567 90993
5567 9586
5567 581
5568 10488
5568 1385
5568 148327
5568 64764
5568 84699
5568 90993
5568 9586
5568 581
10488 5734
1385 5734
148327 5734
64764 5734
84699 5734
90993 5734
9586 5734
28227 10000
28227 207
28227 208
55012 10000
55012 207
55012 208
5515 10000
5515 207
5515 208
5516 10000
5516 207
5516 208
5518 10000
5518 207
5518 208
5519 10000
5519 207
5519 208
5520 10000
5520 207
5520 208
5521 10000
5521 207
5521 208
5522 10000
5522 207
5522 208
5523 10000
5523 207
5523 208
5525 10000
5525 207
5525 208
5526 10000
5526 207
5526 208
5527 10000
5527 207
5527 208
5528 10000
5528 207
5528 208
5529 10000
5529 207
5529 208
55844 10000
55844 207
55844 208
2308 1027
2308 1026
11211 1855
11211 1856
11211 1857
2535 1855
2535 1856
2535 1857
7855 1855
7855 1856
7855 1857
7976 1855
7976 1856
7976 1857
8321 1855
8321 1856
8321 1857
8322 1855
8322 1856
8322 1857
8323 1855
8323 1856
8323 1857
8324 1855
8324 1856
8324 1857
8325 1855
8325 1856
8325 1857
8326 1855
8326 1856
8326 1857
1855 2932
1856 2932
1857 2932
1499 7015
8312 1499
8313 1499
10297 1499
324 1499
51384 11211
51384 2535
51384 7855
51384 7976
51384 8321
51384 8322
51384 8323
51384 8324
51384 8325
51384 8326
54361 11211
54361 2535
54361 7855
54361 7976
54361 8321
54361 8322
54361 8323
54361 8324
54361 8325
54361 8326
7471 11211
7471 2535
7471 7855
7471 7976
7471 8321
7471 8322
7471 8323
7471 8324
7471 8325
7471 8326
7472 11211
7472 2535
7472 7855
7472 7976
7472 8321
7472 8322
7472 8323
7472 8324
7472 8325
7472 8326
7473 11211
7473 2535
7473 7855
7473 7976
7473 8321
7473 8322
7473 8323
7473 8324
7473 8325
7473 8326
7474 11211
7474 2535
7474 7855
7474 7976
7474 8321
7474 8322
7474 8323
7474 8324
7474 8325
7474 8326
7475 11211
7475 2535
7475 7855
7475 7976
7475 8321
7475 8322
7475 8323
7475 8324
7475 8325
7475 8326
7476 11211
7476 2535
7476 7855
7476 7976
7476 8321
7476 8322
7476 8323
7476 8324
7476 8325
7476 8326
7477 11211
7477 2535
7477 7855
7477 7976
7477 8321
7477 8322
7477 8323
7477 8324
7477 8325
7477 8326
7478 11211
7478 2535
7478 7855
7478 7976
7478 8321
7478 8322
7478 8323
7478 8324
7478 8325
7478 8326
7479 11211
7479 2535
7479 7855
7479 7976
7479 8321
7479 8322
7479 8323
7479 8324
7479 8325
7479 8326
7480 11211
7480 2535
7480 7855
7480 7976
7480 8321
7480 8322
7480 8323
7480 8324
7480 8325
7480 8326
7481 11211
7481 2535
7481 7855
7481 7976
7481 8321
7481 8322
7481 8323
7481 8324
7481 8325
7481 8326
7482 11211
7482 2535
7482 7855
7482 7976
7482 8321
7482 8322
7482 8323
7482 8324
7482 8325
7482 8326
7483 11211
7483 2535
7483 7855
7483 7976
7483 8321
7483 8322
7483 8323
7483 8324
7483 8325
7483 8326
7484 11211
7484 2535
7484 7855
7484 7976
7484 8321
7484 8322
7484 8323
7484 8324
7484 8325
7484 8326
80326 11211
80326 2535
80326 7855
80326 7976
80326 8321
80326 8322
80326 8323
80326 8324
80326 8325
80326 8326
81029 11211
81029 2535
81029 7855
81029 7976
81029 8321
81029 8322
81029 8323
81029 8324
81029 8325
81029 8326
89780 11211
89780 2535
89780 7855
89780 7976
89780 8321
89780 8322
89780 8323
89780 8324
89780 8325
89780 8326
8717 8772
10013 3659
10014 3659
3065 3659
3066 3659
51564 3659
55869 3659
79885 3659
83933 3659
8841 3659
9734 3659
9759 3659
1108 3659
3659 3456
10474 7157
5700 5925
5700 5933
5700 5934
