187 7046
187 10681
187 2770
187 2771
187 2773
187 2782
187 2783
187 2784
187 2785
187 2786
187 2787
187 2788
187 2790
187 2791
187 2792
187 2793
187 51764
187 54331
187 55970
187 59345
187 94235
187 2776
187 10672
187 30849
187 5289
51422 5346
51422 10891
51422 10365
51422 56848
51422 8877
53632 5346
53632 10891
53632 10365
53632 56848
53632 8877
5562 5346
5562 10891
5562 10365
5562 56848
5562 8877
5563 5346
5563 10891
5563 10365
5563 56848
5563 8877
5564 5346
5564 10891
5564 10365
5564 56848
5564 8877
5565 5346
5565 10891
5565 10365
5565 56848
5565 8877
5571 5346
5571 10891
5571 10365
5571 56848
5571 8877
5054 5327
10681 146850
10681 23533
10681 5294
10681 5581
10681 51422
10681 53632
10681 5562
10681 5563
10681 5564
10681 5565
10681 5571
10681 22800
10681 22808
10681 3265
10681 3845
10681 4893
10681 6237
10681 23236
10681 5330
10681 5331
10681 5332
10681 107
10681 108
10681 109
10681 111
10681 112
10681 113
10681 114
10681 115
10681 196883
10681 55811
10681 814
2770 146850
2770 23533
2770 5294
2770 5581
2770 107
2770 108
2770 109
2770 111
2770 112
2770 113
2770 114
2770 115
2770 196883
2770 55811
2771 146850
2771 23533
2771 5294
2771 5581
2771 107
2771 108
2771 109
2771 111
2771 112
2771 113
2771 114
2771 115
2771 196883
2771 55811
2773 146850
2773 23533
2773 5294
2773 5581
2773 107
2773 108
2773 109
2773 111
2773 112
2773 113
2773 114
2773 115
2773 196883
2773 55811
2782 146850
2782 23533
2782 5294
2782 5581
2782 51422
2782 53632
2782 5562
2782 5563
2782 5564
2782 5565
2782 5571
2782 22800
2782 22808
2782 3265
2782 3845
2782 4893
2782 6237
2782 23236
2782 5330
2782 5331
2782 5332
2782 107
2782 108
2782 109
2782 111
2782 112
2782 113
2782 114
2782 115
2782 196883
2782 55811
2782 814
2783 146850
2783 23533
2783 5294
2783 5581
2783 51422
2783 53632
2783 5562
2783 5563
2783 5564
2783 5565
2783 5571
2783 22800
2783 22808
2783 3265
2783 3845
2783 4893
2783 6237
2783 23236
2783 5330
2783 5331
2783 5332
2783 107
2783 108
2783 109
2783 111
2783 112
2783 113
2783 114
2783 115
2783 196883
2783 55811
2783 814
2784 146850
2784 23533
2784 5294
2784 5581
2784 51422
2784 53632
2784 5562
2784 5563
2784 5564
2784 5565
2784 5571
2784 22800
2784 22808
2784 3265
2784 3845
2784 4893
2784 6237
2784 23236
2784 5330
2784 5331
2784 5332
2784 107
2784 108
2784 109
2784 111
2784 112
2784 113
2784 114
2784 115
2784 196883
2784 55811
2784 814
2785 146850
2785 23533
2785 5294
2785 5581
2785 51422
2785 53632
2785 5562
2785 5563
2785 5564
2785 5565
2785 5571
2785 22800
2785 22808
2785 3265
2785 3845
2785 4893
2785 6237
2785 23236
2785 5330
2785 5331
2785 5332
2785 107
2785 108
2785 109
2785 111
2785 112
2785 113
2785 114
2785 115
2785 196883
2785 55811
2785 814
2786 146850
2786 23533
2786 5294
2786 5581
2786 51422
2786 53632
2786 5562
2786 5563
2786 5564
2786 5565
2786 5571
2786 22800
2786 22808
2786 3265
2786 3845
2786 4893
2786 6237
2786 23236
2786 5330
2786 5331
2786 5332
2786 107
2786 108
2786 109
2786 111
2786 112
2786 113
2786 114
2786 115
2786 196883
2786 55811
2786 814
2787 146850
2787 23533
2787 5294
2787 5581
2787 51422
2787 53632
2787 5562
2787 5563
2787 5564
2787 5565
2787 5571
2787 22800
2787 22808
2787 3265
2787 3845
2787 4893
2787 6237
2787 23236
2787 5330
2787 5331
2787 5332
2787 107
2787 108
2787 109
2787 111
2787 112
2787 113
2787 114
2787 115
2787 196883
2787 55811
2787 814
2788 146850
2788 23533
2788 5294
2788 5581
2788 51422
2788 53632
2788 5562
2788 5563
2788 5564
2788 5565
2788 5571
2788 22800
2788 22808
2788 3265
2788 3845
2788 4893
2788 6237
2788 23236
2788 5330
2788 5331
2788 5332
2788 107
2788 108
2788 109
2788 111
2788 112
2788 113
2788 114
2788 115
2788 196883
2788 55811
2788 814
2790 146850
2790 23533
2790 5294
2790 5581
2790 51422
2790 53632
2790 5562
2790 5563
2790 5564
2790 5565
2790 5571
2790 22800
2790 22808
2790 3265
2790 3845
2790 4893
2790 6237
2790 23236
2790 5330
2790 5331
2790 5332
2790 107
2790 108
2790 109
2790 111
2790 112
2790 113
2790 114
2790 115
2790 196883
2790 55811
2790 814
2791 146850
2791 23533
2791 5294
2791 5581
2791 51422
2791 53632
2791 5562
2791 5563
2791 5564
2791 5565
2791 5571
2791 22800
2791 22808
2791 3265
2791 3845
2791 4893
2791 6237
2791 23236
2791 5330
2791 5331
2791 5332
2791 107
2791 108
2791 109
2791 111
2791 112
2791 113
2791 114
2791 115
2791 196883
2791 55811
2791 814
2792 146850
2792 23533
2792 5294
2792 5581
2792 51422
2792 53632
2792 5562
2792 5563
2792 5564
2792 5565
2792 5571
2792 22800
2792 22808
2792 3265
2792 3845
2792 4893
2792 6237
2792 23236
2792 5330
2792 5331
2792 5332
2792 107
2792 108
2792 109
2792 111
2792 112
2792 113
2792 114
2792 115
2792 196883
2792 55811
2792 814
2793 146850
2793 23533
2793 5294
2793 5581
2793 51422
2793 53632
2793 5562
2793 5563
2793 5564
2793 5565
2793 5571
2793 22800
2793 22808
2793 3265
2793 3845
2793 4893
2793 6237
2793 23236
2793 5330
2793 5331
2793 5332
2793 107
2793 108
2793 109
2793 111
2793 112
2793 113
2793 114
2793 115
2793 196883
2793 55811
2793 814
51764 146850
51764 23533
51764 5294
51764 5581
51764 51422
51764 53632
51764 5562
51764 5563
51764 5564
51764 5565
51764 5571
51764 22800
51764 22808
51764 3265
51764 3845
51764 4893
51764 6237
51764 23236
51764 5330
51764 5331
51764 5332
51764 107
51764 108
51764 109
51764 111
51764 112
51764 113
51764 114
51764 115
51764 196883
51764 55811
51764 814
54331 146850
54331 23533
54331 5294
54331 5581
54331 51422
54331 53632
54331 5562
54331 5563
54331 5564
54331 5565
54331 5571
54331 22800
54331 22808
54331 3265
54331 3845
54331 4893
54331 6237
54331 23236
54331 5330
54331 5331
54331 5332
54331 107
54331 108
54331 109
54331 111
54331 112
54331 113
54331 114
54331 115
54331 196883
54331 55811
54331 814
55970 146850
55970 23533
55970 5294
55970 5581
55970 51422
55970 53632
55970 5562
55970 5563
55970 5564
55970 5565
55970 5571
55970 22800
55970 22808
55970 3265
55970 3845
55970 4893
55970 6237
55970 23236
55970 5330
55970 5331
55970 5332
55970 107
55970 108
55970 109
55970 111
55970 112
55970 113
55970 114
55970 115
55970 196883
55970 55811
55970 814
59345 146850
59345 23533
59345 5294
59345 5581
59345 51422
59345 53632
59345 5562
59345 5563
59345 5564
59345 5565
59345 5571
59345 22800
59345 22808
59345 3265
59345 3845
59345 4893
59345 6237
59345 23236
59345 5330
59345 5331
59345 5332
59345 107
59345 108
59345 109
59345 111
59345 112
59345 113
59345 114
59345 115
59345 196883
59345 55811
59345 814
94235 146850
94235 23533
94235 5294
94235 5581
94235 51422
94235 53632
94235 5562
94235 5563
94235 5564
94235 5565
94235 5571
94235 22800
94235 22808
94235 3265
94235 3845
94235 4893
94235 6237
94235 23236
94235 5330
94235 5331
94235 5332
94235 107
94235 108
94235 109
94235 111
94235 112
94235 113
94235 114
94235 115
94235 196883
94235 55811
94235 814
146850 10000
146850 207
146850 208
23533 10000
23533 207
23533 208
5294 10000
5294 207
5294 208
10000 4842
10000 4843
10000 4846
10000 5594
10000 5595
10000 5140
10000 2475
207 4842
207 4843
207 4846
207 5594
207 5595
207 5140
207 2475
208 4842
208 4843
208 4846
208 5594
208 5595
208 5140
208 2475
5604 5594
5604 5595
5605 5594
5605 5595
5594 6198
5594 6199
5594 6548
5594 1958
5594 182
5595 6198
5595 6199
5595 6548
5595 1958
5595 182
6198 6194
6199 6194
2475 6198
2475 6199
22800 5894
22808 5894
3265 5894
3845 5894
4893 5894
6237 5894
5894 5604
5894 5605
10365 4842
10365 4843
10365 4846
7046 4087
7046 4088
10891 7350
10891 4899
10891 7019
340156 4633
340156 4634
340156 4635
4638 4633
4638 4634
4638 4635
85366 4633
85366 4634
85366 4635
91807 4633
91807 4634
91807 4635
5581 22800
5581 22808
5581 3265
5581 3845
5581 4893
5581 6237
5581 6548
5581 340156
5581 4638
5581 85366
5581 91807
5566 3991
5567 3991
5568 3991
100271849 10365
4205 10365
4207 10365
4208 10365
4209 10365
10014 100271849
10014 4205
10014 4207
10014 4208
10014 4209
9759 100271849
9759 4205
9759 4207
9759 4208
9759 4209
10672 814
30849 441925
30849 8678
5289 441925
5289 8678
441925 11337
441925 11345
441925 23710
8678 11337
8678 11345
8678 23710
1958 6696
182 4854
182 595
4087 4089
4087 56848
4087 8877
4087 59
4087 999
4087 1490
4088 4089
4088 56848
4088 8877
4088 59
4088 999
4088 1490
2776 51422
2776 53632
2776 5562
2776 5563
2776 5564
2776 5565
2776 5571
2776 22800
2776 22808
2776 3265
2776 3845
2776 4893
2776 6237
2776 23236
2776 5330
2776 5331
2776 5332
814 10014
814 9759
163688 340156
163688 4638
163688 85366
163688 91807
163688 4842
163688 4843
163688 4846
51806 340156
51806 4638
51806 85366
51806 91807
51806 4842
51806 4843
51806 4846
801 340156
801 4638
801 85366
801 91807
801 4842
801 4843
801 4846
805 340156
805 4638
805 85366
805 91807
805 4842
805 4843
805 4846
808 340156
808 4638
808 85366
808 91807
808 4842
808 4843
808 4846
810 340156
810 4638
810 85366
810 91807
810 4842
810 4843
810 4846
91860 340156
91860 4638
91860 85366
91860 91807
91860 4842
91860 4843
91860 4846
8862 187
