3565 3566
3565 3561
3565 3597
3565 3598
3606 8807
3606 8809
3553 7850
3553 3556
3553 3554
3552 7850
3552 3556
3552 3554
64806 55540
64806 23765
27190 55540
3605 23765
3605 84818
8200 657
8200 92
8200 93
8200 659
8200 658
655 92
655 90
655 93
655 659
655 657
655 658
650 657
650 92
650 93
650 659
650 658
268 90
268 269
268 657
3625 91
3625 92
3625 93
3625 130399
3624 91
3624 92
3624 93
7043 7046
7043 7048
7043 94
7042 7046
7042 7048
7040 7046
7040 7048
1896 10913
1896 60401
10673 608
10673 23495
10673 115650
8741 608
8741 23495
8995 8784
7292 7293
8744 3604
944 943
970 939
959 958
356 8771
356 355
8740 4055
8740 8764
8740 8771
4050 4055
4049 7132
4049 7133
4049 4055
4049 8764
55801 53832
55801 3588
282618 3588
282618 163702
282616 3588
282616 163702
282617 3588
282617 163702
50616 3588
50616 58985
11009 53833
11009 53832
11009 58985
50604 53833
50604 53832
50604 58985
29949 53833
29949 53832
3586 3588
3586 3587
3458 3459
3458 3460
338376 3455
338376 3454
56832 3455
56832 3454
3467 3455
3467 3454
3456 3455
3456 3454
3439 3455
3439 3454
3440 3455
3440 3454
3441 3455
3441 3454
3442 3455
3442 3454
3443 3455
3443 3454
3444 3455
3444 3454
3445 3455
3445 3454
3446 3455
3446 3454
3447 3455
3447 3454
3448 3455
3448 3454
3449 3455
3449 3454
3451 3455
3451 3454
3452 3455
3452 3454
7066 4352
5617 5618
1442 2690
1443 2690
2688 2690
2689 2690
2056 2057
85480 64109
85480 3575
59067 3561
59067 50615
3600 3561
3600 3601
3600 3560
3578 3561
3578 3581
3574 3575
3574 3561
3558 3561
3558 3560
3558 3559
3567 3568
3567 1439
3562 3563
3562 1439
1437 1439
1437 1438
51561 3594
51561 149233
3592 3595
3592 3594
3593 3595
3593 3594
3596 3597
3596 3598
3596 3566
1440 1441
1489 3977
1489 3572
23529 1271
23529 3977
23529 3572
1270 1271
1270 3977
1270 3572
3976 3977
3976 3572
5008 3977
5008 3572
5008 9180
3589 3590
3589 3572
3569 3572
3569 3570
6376 1524
6846 2829
6375 2829
5196 2833
5197 2833
58191 10663
10563 2833
10563 643
6387 7852
6387 57007
6373 2833
3627 2833
4283 2833
3576 3577
3576 3579
6372 3577
6372 3579
6374 3577
6374 3579
5473 3579
8742 51330
8743 8795
8743 8797
8743 8794
8743 8793
9966 8771
9966 8718
7124 7132
7124 7133
2919 3577
2919 3579
2920 3577
2920 3579
2921 3577
2921 3579
8600 4982
8600 8792
112744 23765
112744 84818
27189 132014
388372 1234
6351 1234
9560 1234
414062 1234
414062 1230
6348 1234
6348 1230
6349 1234
6349 1230
6366 51554
6366 1236
6363 51554
6363 1236
10344 1232
6369 1232
6356 1232
6360 1230
6358 1230
6354 1230
6354 1232
6354 729230
10850 729230
10850 1232
10850 2826
56477 1232
56477 2826
6346 1237
6346 51554
6370 10803
6370 51554
6347 729230
6367 1233
6361 1233
6352 1233
6352 1234
6352 1232
6352 1230
6355 1234
6355 51554
6355 729230
6355 1230
6357 1230
6357 1232
6357 51554
6357 729230
6359 1230
6359 1232
6368 1230
6368 1232
6364 1235
246778 9466
246778 3572
386653 133396
386653 9180
3557 7850
3557 3556
3557 3554
26525 3556
26525 8808
27179 3556
27179 8808
27178 8807
27178 8809
27177 3556
27177 8808
56300 3556
56300 8808
84639 3556
84639 8808
90865 9173
90865 3556
3603 920
146433 1436
1435 1436
4803 4804
3623 92
3623 93
2657 91
2657 92
2657 93
2657 130399
9573 91
9573 92
9573 93
9573 130399
4838 91
4838 92
4838 93
4838 130399
651 93
2662 91
2662 92
10220 7046
10220 92
10220 93
10220 91
2660 7046
2660 93
2660 91
2661 91
2661 659
9518 7048
2658 94
2658 92
2658 659
27302 94
27302 92
27302 659
652 657
652 92
652 93
652 659
652 658
392255 657
392255 92
392255 93
392255 659
392255 658
151449 657
151449 92
151449 93
151449 659
151449 658
653 92
653 90
653 93
653 659
653 657
653 658
654 92
654 90
654 93
654 659
654 657
654 658
353500 92
353500 90
353500 93
353500 659
353500 657
353500 658
656 92
656 90
656 93
656 659
656 657
656 658
9210 658
9210 659
3952 3953
