2356 1719
2356 200895
2356 8836
1719 2356
1719 8836
1719 5860
1719 5053
1719 7054
1719 121278
1719 7166
1719 873
1719 6697
200895 2356
200895 8836
200895 5860
200895 5053
200895 7054
200895 121278
200895 7166
200895 873
200895 6697
5860 5053
5860 7054
5860 121278
5860 7166
5860 5092
5860 84105
2643 5805
2643 248
2643 249
2643 250
2643 251
2643 4337
248 5805
249 5805
250 5805
251 5805
5805 5805
5805 8644
5805 231
5805 57016
5805 873
5805 6697
4337 4337
4337 4338
4338 10243
10243 10243
10243 55034
5092 121278
5092 7166
5092 5053
5092 7054
84105 121278
84105 7166
84105 5053
84105 7054
6697 5860
6697 231
6697 57016
6697 1719
6697 200895
6697 5053
6697 7054
6697 121278
6697 7166
231 6697
231 1719
231 200895
231 5860
231 5053
231 7054
231 121278
231 7166
57016 6697
57016 1719
57016 200895
57016 5860
57016 5053
57016 7054
57016 121278
57016 7166
873 6697
8644 231
8644 57016
8644 873
8644 6697
