22801 60
22801 71
3655 60
3655 71
3672 60
3672 71
3673 60
3673 71
3674 60
3674 71
3675 60
3675 71
3676 60
3676 71
3678 60
3678 71
3679 60
3679 71
3680 60
3680 71
3685 60
3685 71
8515 60
8515 71
8516 60
8516 71
3688 60
3688 71
3690 60
3690 71
3691 60
3691 71
3693 60
3693 71
3694 60
3694 71
3695 60
3695 71
3696 60
3696 71
1605 1605
1605 1756
3908 1605
7137 70
7134 7137
7134 7139
7139 7137
7139 7168
7139 7169
7139 7170
7139 7171
1756 60
1756 71
70 7168
70 7169
70 7170
70 7171
70 4624
70 4625
4607 4624
4607 4625
153 2778
102723407 153
2778 107
2778 108
2778 109
2778 111
2778 112
2778 113
2778 114
2778 115
2778 196883
5566 10368
5566 10369
5566 27091
5566 27092
5566 55799
5566 59283
5566 59284
5566 59285
5566 775
5566 776
5566 778
5566 779
5566 781
5566 782
5566 783
5566 784
5566 785
5566 786
5566 9254
5566 93589
5566 6262
5566 5350
5567 10368
5567 10369
5567 27091
5567 27092
5567 55799
5567 59283
5567 59284
5567 59285
5567 775
5567 776
5567 778
5567 779
5567 781
5567 782
5567 783
5567 784
5567 785
5567 786
5567 9254
5567 93589
5567 6262
5567 5350
5568 10368
5568 10369
5568 27091
5568 27092
5568 55799
5568 59283
5568 59284
5568 59285
5568 775
5568 776
5568 778
5568 779
5568 781
5568 782
5568 783
5568 784
5568 785
5568 786
5568 9254
5568 93589
5568 6262
5568 5350
5350 488
4624 4634
4624 4633
4625 4634
4625 4633
