6482 81849
6482 30815
6482 8705
6482 29906
6483 81849
6483 30815
6483 8705
6483 29906
2720 2583
2720 3073
2720 3074
2720 6482
2720 6483
3073 8869
3073 6489
3073 8705
3074 8869
3074 6489
3074 8705
6489 8869
6489 2583
6489 9197
6489 6489
29906 6489
29906 9197
29906 2583
29906 6482
29906 6483
29906 256435
29906 27090
29906 81849
29906 30815
9197 2583
8705 6482
8705 6483
8705 2583
2583 8705
30815 6482
30815 6483
30815 29906
256435 6482
256435 6483
27090 6482
27090 6483
8869 2583
