23236 3777
23236 51305
5330 3777
5330 51305
5331 3777
5331 51305
5332 3777
5332 51305
2767 23236
2767 5330
2767 5331
2767 5332
2776 23236
2776 5330
2776 5331
2776 5332
10488 1585
10488 6770
1385 1585
1385 6770
1386 1585
1386 6770
1388 1585
1388 6770
148327 1585
148327 6770
468 1585
468 6770
64764 1585
64764 6770
84699 1585
84699 6770
90993 1585
90993 6770
9586 1585
9586 6770
163688 57118
163688 57172
163688 814
163688 815
163688 816
163688 817
163688 818
163688 8536
51806 57118
51806 57172
51806 814
51806 815
51806 816
51806 817
51806 818
51806 8536
801 57118
801 57172
801 814
801 815
801 816
801 817
801 818
801 8536
805 57118
805 57172
805 814
805 815
805 816
805 817
805 818
805 8536
808 57118
808 57172
808 814
808 815
808 816
808 817
808 818
808 8536
810 57118
810 57172
810 814
810 815
810 816
810 817
810 818
810 8536
91860 57118
91860 57172
91860 814
91860 815
91860 816
91860 817
91860 818
91860 8536
185 2767
185 2776
4158 2778
2778 107
2778 108
2778 109
2778 111
2778 112
2778 113
2778 114
2778 115
2778 196883
5578 23683
5578 25865
5578 5587
5579 23683
5579 25865
5579 5587
5581 23683
5581 25865
5581 5587
5582 23683
5582 25865
5582 5587
23683 10488
23683 1385
23683 1386
23683 1388
23683 148327
23683 468
23683 64764
23683 84699
23683 90993
23683 9586
23683 466
25865 10488
25865 1385
25865 1386
25865 1388
25865 148327
25865 468
25865 64764
25865 84699
25865 90993
25865 9586
25865 466
5587 10488
5587 1385
5587 1386
5587 1388
5587 148327
5587 468
5587 64764
5587 84699
5587 90993
5587 9586
5587 466
57118 10488
57118 1385
57118 1386
57118 1388
57118 148327
57118 468
57118 64764
57118 84699
57118 90993
57118 9586
57118 466
57172 10488
57172 1385
57172 1386
57172 1388
57172 148327
57172 468
57172 64764
57172 84699
57172 90993
57172 9586
57172 466
814 10488
814 1385
814 1386
814 1388
814 148327
814 468
814 64764
814 84699
814 90993
814 9586
814 466
815 10488
815 1385
815 1386
815 1388
815 148327
815 468
815 64764
815 84699
815 90993
815 9586
815 466
816 10488
816 1385
816 1386
816 1388
816 148327
816 468
816 64764
816 84699
816 90993
816 9586
816 466
817 10488
817 1385
817 1386
817 1388
817 148327
817 468
817 64764
817 84699
817 90993
817 9586
817 466
818 10488
818 1385
818 1386
818 1388
818 148327
818 468
818 64764
818 84699
818 90993
818 9586
818 466
8536 10488
8536 1385
8536 1386
8536 1388
8536 148327
8536 468
8536 64764
8536 84699
8536 90993
8536 9586
8536 466
4929 1585
4929 6770
3164 1585
3164 6770
5566 10488
5566 1385
5566 1386
5566 1388
5566 148327
5566 468
5566 64764
5566 84699
5566 90993
5566 9586
5566 466
5567 10488
5567 1385
5567 1386
5567 1388
5567 148327
5567 468
5567 64764
5567 84699
5567 90993
5567 9586
5567 466
5568 10488
5568 1385
5568 1386
5568 1388
5568 148327
5568 468
5568 64764
5568 84699
5568 90993
5568 9586
5568 466
5443 4158
