7124 7132
7124 7133
7132 8717
7132 9530
8717 8772
7186 6885
7186 9020
7186 329
7186 330
7186 5290
7186 5291
7186 5293
7186 5295
7186 5296
7186 8503
7188 6885
7188 9020
7188 329
7188 330
8737 8517
8737 11035
8737 5606
329 8737
330 8737
6885 5609
6885 6416
6885 5606
6885 5608
6885 3551
5609 5599
5609 5601
5609 5602
6416 5599
6416 5601
6416 5602
5606 1432
5606 5600
5606 5603
5606 6300
5608 1432
5608 5600
5608 5603
5608 6300
1432 1051
1432 8986
1432 9252
5600 1051
5600 8986
5600 9252
5603 1051
5603 8986
5603 9252
6300 1051
6300 8986
6300 9252
5599 3725
5599 83737
5601 3725
5601 83737
5602 3725
5602 83737
8517 4792
3551 4792
4792 4790
4792 5970
4790 8837
5970 8837
1326 5609
1326 6416
1326 5604
5604 5594
5604 5595
5594 8986
5594 9252
5595 8986
5595 9252
8986 10488
8986 1385
8986 1386
8986 1388
8986 148327
8986 468
8986 64764
8986 84699
8986 90993
8986 9586
9252 10488
9252 1385
9252 1386
9252 1388
9252 148327
9252 468
9252 64764
9252 84699
9252 90993
9252 9586
8772 843
8772 841
841 840
841 836
4049 7133
7133 7186
7133 153090
5290 10000
5290 207
5290 208
5291 10000
5291 207
5291 208
5293 10000
5293 207
5293 208
5295 10000
5295 207
5295 208
5296 10000
5296 207
5296 208
8503 10000
8503 207
8503 208
9020 1147
9020 3551
9020 8517
1147 4792
11035 197259
843 840
843 836
197259 192111
192111 10059
4217 5609
4217 6416
83737 8837
8837 841
153090 5599
153090 5601
153090 5602
