929 7099
10376 9181
112714 9181
113457 9181
51807 9181
7277 9181
7278 9181
7846 9181
79861 9181
84790 9181
999 1499
5578 999
7454 10092
7454 10093
7454 10094
7454 10095
7454 10109
7454 10552
7454 81873
8976 10092
8976 10093
8976 10094
8976 10095
8976 10109
8976 10552
8976 81873
4690 7454
4690 8976
8440 7454
8440 8976
9181 387
387 6093
387 9475
10381 9181
10382 9181
10383 9181
203068 9181
347688 9181
347733 9181
7280 9181
81027 9181
84617 9181
10092 60
10092 71
10093 60
10093 71
10094 60
10094 71
10095 60
10095 71
10109 60
10109 71
10552 60
10552 71
81873 60
81873 71
