5566 7270
5566 8458
5566 7849
5566 10488
5566 1385
5566 1386
5566 1388
5566 148327
5566 468
5566 64764
5566 84699
5566 90993
5566 9586
5567 7270
5567 8458
5567 7849
5567 10488
5567 1385
5567 1386
5567 1388
5567 148327
5567 468
5567 64764
5567 84699
5567 90993
5567 9586
5568 7270
5568 8458
5568 7849
5568 10488
5568 1385
5568 1386
5568 1388
5568 148327
5568 468
5568 64764
5568 84699
5568 90993
5568 9586
1081 7253
7252 7253
7253 2778
7253 2776
2776 23236
2776 5330
2776 5331
2776 5332
2778 107
2778 108
2778 109
2778 111
2778 112
2778 113
2778 114
2778 115
2778 196883
5578 7270
5578 8458
5578 7849
5578 10488
5578 1385
5578 1386
5578 1388
5578 148327
5578 468
5578 64764
5578 84699
5578 90993
5578 9586
5579 7270
5579 8458
5579 7849
5579 10488
5579 1385
5579 1386
5579 1388
5579 148327
5579 468
5579 64764
5579 84699
5579 90993
5579 9586
5582 7270
5582 8458
5582 7849
5582 10488
5582 1385
5582 1386
5582 1388
5582 148327
5582 468
5582 64764
5582 84699
5582 90993
5582 9586
7270 7038
8458 7038
7849 7038
10488 7038
1385 7038
1386 7038
1388 7038
148327 7038
468 7038
64764 7038
84699 7038
90993 7038
9586 7038
405753 50506
4036 7038
432 7038
433 7038
