3360 2778
3362 2778
3363 2778
3356 2776
3356 775
3356 776
3356 778
3356 779
3357 2776
3357 775
3357 776
3357 778
3357 779
3358 2776
3358 775
3358 776
3358 778
3358 779
2778 111
2776 23236
2776 5330
2776 5331
2776 5332
2776 100137049
2776 123745
2776 255189
2776 283748
2776 5321
2776 8605
2776 8681
5578 836
5579 836
5582 836
3350 10681
3350 2770
3350 2771
3350 2773
3350 2775
3350 2782
3350 2783
3350 2784
3350 2785
3350 2786
3350 2787
3350 2788
3350 2790
3350 2791
3350 2792
3350 2793
3350 51764
3350 54331
3350 55970
3350 59345
3350 94235
3351 10681
3351 2770
3351 2771
3351 2773
3351 2775
3351 2782
3351 2783
3351 2784
3351 2785
3351 2786
3351 2787
3351 2788
3351 2790
3351 2791
3351 2792
3351 2793
3351 51764
3351 54331
3351 55970
3351 59345
3351 94235
3352 10681
3352 2770
3352 2771
3352 2773
3352 2775
3352 2782
3352 2783
3352 2784
3352 2785
3352 2786
3352 2787
3352 2788
3352 2790
3352 2791
3352 2792
3352 2793
3352 51764
3352 54331
3352 55970
3352 59345
3352 94235
3354 10681
3354 2770
3354 2771
3354 2773
3354 2775
3354 2782
3354 2783
3354 2784
3354 2785
3354 2786
3354 2787
3354 2788
3354 2790
3354 2791
3354 2792
3354 2793
3354 51764
3354 54331
3354 55970
3354 59345
3354 94235
3355 10681
3355 2770
3355 2771
3355 2773
3355 2775
3355 2782
3355 2783
3355 2784
3355 2785
3355 2786
3355 2787
3355 2788
3355 2790
3355 2791
3355 2792
3355 2793
3355 51764
3355 54331
3355 55970
3355 59345
3355 94235
10681 23236
10681 5330
10681 5331
10681 5332
10681 773
10681 774
10681 3760
10681 3762
10681 3763
10681 3765
10681 111
2770 23236
2770 5330
2770 5331
2770 5332
2770 773
2770 774
2770 3760
2770 3762
2770 3763
2770 3765
2770 111
2771 23236
2771 5330
2771 5331
2771 5332
2771 773
2771 774
2771 3760
2771 3762
2771 3763
2771 3765
2771 111
2773 23236
2773 5330
2773 5331
2773 5332
2773 773
2773 774
2773 3760
2773 3762
2773 3763
2773 3765
2773 111
2775 23236
2775 5330
2775 5331
2775 5332
2775 773
2775 774
2775 3760
2775 3762
2775 3763
2775 3765
2775 111
2782 23236
2782 5330
2782 5331
2782 5332
2782 773
2782 774
2782 3760
2782 3762
2782 3763
2782 3765
2782 111
2783 23236
2783 5330
2783 5331
2783 5332
2783 773
2783 774
2783 3760
2783 3762
2783 3763
2783 3765
2783 111
2784 23236
2784 5330
2784 5331
2784 5332
2784 773
2784 774
2784 3760
2784 3762
2784 3763
2784 3765
2784 111
2785 23236
2785 5330
2785 5331
2785 5332
2785 773
2785 774
2785 3760
2785 3762
2785 3763
2785 3765
2785 111
2786 23236
2786 5330
2786 5331
2786 5332
2786 773
2786 774
2786 3760
2786 3762
2786 3763
2786 3765
2786 111
2787 23236
2787 5330
2787 5331
2787 5332
2787 773
2787 774
2787 3760
2787 3762
2787 3763
2787 3765
2787 111
2788 23236
2788 5330
2788 5331
2788 5332
2788 773
2788 774
2788 3760
2788 3762
2788 3763
2788 3765
2788 111
2790 23236
2790 5330
2790 5331
2790 5332
2790 773
2790 774
2790 3760
2790 3762
2790 3763
2790 3765
2790 111
2791 23236
2791 5330
2791 5331
2791 5332
2791 773
2791 774
2791 3760
2791 3762
2791 3763
2791 3765
2791 111
2792 23236
2792 5330
2792 5331
2792 5332
2792 773
2792 774
2792 3760
2792 3762
2792 3763
2792 3765
2792 111
2793 23236
2793 5330
2793 5331
2793 5332
2793 773
2793 774
2793 3760
2793 3762
2793 3763
2793 3765
2793 111
51764 23236
51764 5330
51764 5331
51764 5332
51764 773
51764 774
51764 3760
51764 3762
51764 3763
51764 3765
51764 111
54331 23236
54331 5330
54331 5331
54331 5332
54331 773
54331 774
54331 3760
54331 3762
54331 3763
54331 3765
54331 111
55970 23236
55970 5330
55970 5331
55970 5332
55970 773
55970 774
55970 3760
55970 3762
55970 3763
55970 3765
55970 111
59345 23236
59345 5330
59345 5331
59345 5332
59345 773
59345 774
59345 3760
59345 3762
59345 3763
59345 3765
59345 111
94235 23236
94235 5330
94235 5331
94235 5332
94235 773
94235 774
94235 3760
94235 3762
94235 3763
94235 3765
94235 111
3361 10681
3361 2770
3361 2771
3361 2773
3361 2775
3361 2782
3361 2783
3361 2784
3361 2785
3361 2786
3361 2787
3361 2788
3361 2790
3361 2791
3361 2792
3361 2793
3361 51764
3361 54331
3361 55970
3361 59345
3361 94235
5742 111
5743 111
5594 5578
5594 5579
5594 5582
5595 5578
5595 5579
5595 5582
1843 5594
1843 5595
3265 369
3265 5894
3265 673
3845 369
3845 5894
3845 673
4893 369
4893 5894
4893 673
369 5604
5894 5604
673 5604
5604 5594
5604 5595
