3265 673
3845 673
4893 673
5468 6256
5468 6257
5468 6258
673 5604
673 5605
5604 5594
5604 5595
5605 5594
5605 5595
7849 6256
7849 6257
7849 6258
1499 999
1499 51176
1499 6932
1499 6934
1499 83439
5979 3265
5979 3845
5979 4893
8030 3265
8030 3845
8030 4893
8031 3265
8031 3845
8031 4893
10342 3265
10342 3845
10342 4893
4914 3265
4914 3845
4914 4893
7170 3265
7170 3845
7170 4893
7175 3265
7175 3845
7175 4893
51176 4609
51176 595
6932 4609
6932 595
6934 4609
6934 595
83439 4609
83439 595
7157 1026
7157 10912
7157 1647
7157 4616
7157 581
7157 578
7157 1643
7157 51426
