7134 7139
7134 7137
7139 7137
7139 70
7137 7168
7137 7169
7137 7170
7137 7171
70 4624
70 4625
70 4633
70 4634
70 4635
7168 70
7169 70
7170 70
7171 70
153 2778
154 2778
154 2770
154 2771
154 2773
2778 107
2778 108
2778 109
2778 111
2778 112
2778 113
2778 114
2778 115
2778 196883
2770 5594
2770 5595
2770 146850
2770 23533
2770 5294
2771 5594
2771 5595
2771 146850
2771 23533
2771 5294
2773 5594
2773 5595
2773 146850
2773 23533
2773 5294
107 10411
107 11069
108 10411
108 11069
109 10411
109 11069
111 10411
111 11069
112 10411
112 11069
113 10411
113 11069
114 10411
114 11069
115 10411
115 11069
196883 10411
196883 11069
5566 23439
5566 476
5566 477
5566 478
5566 480
5566 481
5566 482
5566 483
5566 486
5566 6548
5566 3753
5566 3784
5566 490
5566 491
5566 492
5566 493
5566 6546
5566 6324
5566 6330
5566 6331
5566 6332
5566 10368
5566 10369
5566 27091
5566 27092
5566 55799
5566 59283
5566 59284
5566 59285
5566 775
5566 776
5566 778
5566 779
5566 781
5566 782
5566 783
5566 784
5566 785
5566 786
5566 9254
5566 93589
5566 6262
5566 7137
5566 5350
5566 5502
5566 10488
5566 1385
5566 1386
5566 1388
5566 148327
5566 468
5566 64764
5566 84699
5566 90993
5566 9586
5567 23439
5567 476
5567 477
5567 478
5567 480
5567 481
5567 482
5567 483
5567 486
5567 6548
5567 3753
5567 3784
5567 490
5567 491
5567 492
5567 493
5567 6546
5567 6324
5567 6330
5567 6331
5567 6332
5567 10368
5567 10369
5567 27091
5567 27092
5567 55799
5567 59283
5567 59284
5567 59285
5567 775
5567 776
5567 778
5567 779
5567 781
5567 782
5567 783
5567 784
5567 785
5567 786
5567 9254
5567 93589
5567 6262
5567 7137
5567 5350
5567 5502
5567 10488
5567 1385
5567 1386
5567 1388
5567 148327
5567 468
5567 64764
5567 84699
5567 90993
5567 9586
5568 23439
5568 476
5568 477
5568 478
5568 480
5568 481
5568 482
5568 483
5568 486
5568 6548
5568 3753
5568 3784
5568 490
5568 491
5568 492
5568 493
5568 6546
5568 6324
5568 6330
5568 6331
5568 6332
5568 10368
5568 10369
5568 27091
5568 27092
5568 55799
5568 59283
5568 59284
5568 59285
5568 775
5568 776
5568 778
5568 779
5568 781
5568 782
5568 783
5568 784
5568 785
5568 786
5568 9254
5568 93589
5568 6262
5568 7137
5568 5350
5568 5502
5568 10488
5568 1385
5568 1386
5568 1388
5568 148327
5568 468
5568 64764
5568 84699
5568 90993
5568 9586
146850 10000
146850 207
146850 208
23533 10000
23533 207
23533 208
5294 10000
5294 207
5294 208
5594 9252
5595 9252
5350 488
5502 5499
5502 5500
5502 5501
5499 10368
5499 10369
5499 27091
5499 27092
5499 55799
5499 59283
5499 59284
5499 59285
5499 775
5499 776
5499 778
5499 779
5499 781
5499 782
5499 783
5499 784
5499 785
5499 786
5499 9254
5499 93589
5499 6262
5499 5350
5500 10368
5500 10369
5500 27091
5500 27092
5500 55799
5500 59283
5500 59284
5500 59285
5500 775
5500 776
5500 778
5500 779
5500 781
5500 782
5500 783
5500 784
5500 785
5500 786
5500 9254
5500 93589
5500 6262
5500 5350
5501 10368
5501 10369
5501 27091
5501 27092
5501 55799
5501 59283
5501 59284
5501 59285
5501 775
5501 776
5501 778
5501 779
5501 781
5501 782
5501 783
5501 784
5501 785
5501 786
5501 9254
5501 93589
5501 6262
5501 5350
28227 10368
28227 10369
28227 27091
28227 27092
28227 55799
28227 59283
28227 59284
28227 59285
28227 775
28227 776
28227 778
28227 779
28227 781
28227 782
28227 783
28227 784
28227 785
28227 786
28227 9254
28227 93589
28227 6262
28227 5502
28227 7137
55012 10368
55012 10369
55012 27091
55012 27092
55012 55799
55012 59283
55012 59284
55012 59285
55012 775
55012 776
55012 778
55012 779
55012 781
55012 782
55012 783
55012 784
55012 785
55012 786
55012 9254
55012 93589
55012 6262
55012 5502
55012 7137
5515 10368
5515 10369
5515 27091
5515 27092
5515 55799
5515 59283
5515 59284
5515 59285
5515 775
5515 776
5515 778
5515 779
5515 781
5515 782
5515 783
5515 784
5515 785
5515 786
5515 9254
5515 93589
5515 6262
5515 5502
5515 7137
5516 10368
5516 10369
5516 27091
5516 27092
5516 55799
5516 59283
5516 59284
5516 59285
5516 775
5516 776
5516 778
5516 779
5516 781
5516 782
5516 783
5516 784
5516 785
5516 786
5516 9254
5516 93589
5516 6262
5516 5502
5516 7137
5518 10368
5518 10369
5518 27091
5518 27092
5518 55799
5518 59283
5518 59284
5518 59285
5518 775
5518 776
5518 778
5518 779
5518 781
5518 782
5518 783
5518 784
5518 785
5518 786
5518 9254
5518 93589
5518 6262
5518 5502
5518 7137
5519 10368
5519 10369
5519 27091
5519 27092
5519 55799
5519 59283
5519 59284
5519 59285
5519 775
5519 776
5519 778
5519 779
5519 781
5519 782
5519 783
5519 784
5519 785
5519 786
5519 9254
5519 93589
5519 6262
5519 5502
5519 7137
5520 10368
5520 10369
5520 27091
5520 27092
5520 55799
5520 59283
5520 59284
5520 59285
5520 775
5520 776
5520 778
5520 779
5520 781
5520 782
5520 783
5520 784
5520 785
5520 786
5520 9254
5520 93589
5520 6262
5520 5502
5520 7137
5521 10368
5521 10369
5521 27091
5521 27092
5521 55799
5521 59283
5521 59284
5521 59285
5521 775
5521 776
5521 778
5521 779
5521 781
5521 782
5521 783
5521 784
5521 785
5521 786
5521 9254
5521 93589
5521 6262
5521 5502
5521 7137
5522 10368
5522 10369
5522 27091
5522 27092
5522 55799
5522 59283
5522 59284
5522 59285
5522 775
5522 776
5522 778
5522 779
5522 781
5522 782
5522 783
5522 784
5522 785
5522 786
5522 9254
5522 93589
5522 6262
5522 5502
5522 7137
5523 10368
5523 10369
5523 27091
5523 27092
5523 55799
5523 59283
5523 59284
5523 59285
5523 775
5523 776
5523 778
5523 779
5523 781
5523 782
5523 783
5523 784
5523 785
5523 786
5523 9254
5523 93589
5523 6262
5523 5502
5523 7137
5525 10368
5525 10369
5525 27091
5525 27092
5525 55799
5525 59283
5525 59284
5525 59285
5525 775
5525 776
5525 778
5525 779
5525 781
5525 782
5525 783
5525 784
5525 785
5525 786
5525 9254
5525 93589
5525 6262
5525 5502
5525 7137
5526 10368
5526 10369
5526 27091
5526 27092
5526 55799
5526 59283
5526 59284
5526 59285
5526 775
5526 776
5526 778
5526 779
5526 781
5526 782
5526 783
5526 784
5526 785
5526 786
5526 9254
5526 93589
5526 6262
5526 5502
5526 7137
5527 10368
5527 10369
5527 27091
5527 27092
5527 55799
5527 59283
5527 59284
5527 59285
5527 775
5527 776
5527 778
5527 779
5527 781
5527 782
5527 783
5527 784
5527 785
5527 786
5527 9254
5527 93589
5527 6262
5527 5502
5527 7137
5528 10368
5528 10369
5528 27091
5528 27092
5528 55799
5528 59283
5528 59284
5528 59285
5528 775
5528 776
5528 778
5528 779
5528 781
5528 782
5528 783
5528 784
5528 785
5528 786
5528 9254
5528 93589
5528 6262
5528 5502
5528 7137
5529 10368
5529 10369
5529 27091
5529 27092
5529 55799
5529 59283
5529 59284
5529 59285
5529 775
5529 776
5529 778
5529 779
5529 781
5529 782
5529 783
5529 784
5529 785
5529 786
5529 9254
5529 93589
5529 6262
5529 5502
5529 7137
55844 10368
55844 10369
55844 27091
55844 27092
55844 55799
55844 59283
55844 59284
55844 59285
55844 775
55844 776
55844 778
55844 779
55844 781
55844 782
55844 783
55844 784
55844 785
55844 786
55844 9254
55844 93589
55844 6262
55844 5502
55844 7137
163688 815
163688 816
163688 817
163688 818
51806 815
51806 816
51806 817
51806 818
801 815
801 816
801 817
801 818
805 815
805 816
805 817
805 818
808 815
808 816
808 817
808 818
810 815
810 816
810 817
810 818
91860 815
91860 816
91860 817
91860 818
815 6324
815 6330
815 6331
815 6332
815 10368
815 10369
815 27091
815 27092
815 55799
815 59283
815 59284
815 59285
815 775
815 776
815 778
815 779
815 781
815 782
815 783
815 784
815 785
815 786
815 9254
815 93589
815 6262
816 6324
816 6330
816 6331
816 6332
816 10368
816 10369
816 27091
816 27092
816 55799
816 59283
816 59284
816 59285
816 775
816 776
816 778
816 779
816 781
816 782
816 783
816 784
816 785
816 786
816 9254
816 93589
816 6262
817 6324
817 6330
817 6331
817 6332
817 10368
817 10369
817 27091
817 27092
817 55799
817 59283
817 59284
817 59285
817 775
817 776
817 778
817 779
817 781
817 782
817 783
817 784
817 785
817 786
817 9254
817 93589
817 6262
818 6324
818 6330
818 6331
818 6332
818 10368
818 10369
818 27091
818 27092
818 55799
818 59283
818 59284
818 59285
818 775
818 776
818 778
818 779
818 781
818 782
818 783
818 784
818 785
818 786
818 9254
818 93589
818 6262
185 2776
186 2776
2776 23236
2776 5330
2776 5331
2776 5332
5578 5502
5578 5594
5578 5595
10411 1432
10411 5600
10411 5603
10411 6300
11069 1432
11069 5600
11069 5603
11069 6300
146 2776
147 2776
148 2776
1390 596
1390 10488
1390 1385
1390 1386
1390 1388
1390 148327
1390 468
1390 64764
1390 84699
1390 90993
1390 9586
9252 10488
9252 1385
9252 1386
9252 1388
9252 148327
9252 468
9252 64764
9252 84699
9252 90993
9252 9586
