1147 100132074
1147 2308
1147 2309
1147 4303
1147 5728
3551 100132074
3551 2308
3551 2309
3551 4303
3551 5728
5599 100132074
5599 2308
5599 2309
5599 4303
5601 100132074
5601 2308
5601 2309
5601 4303
5602 100132074
5602 2308
5602 2309
5602 4303
5594 100132074
5594 2308
5594 2309
5594 4303
5595 100132074
5595 2308
5595 2309
5595 4303
51422 100132074
51422 2308
51422 2309
51422 4303
53632 100132074
53632 2308
53632 2309
53632 4303
5562 100132074
5562 2308
5562 2309
5562 4303
5563 100132074
5563 2308
5563 2309
5563 4303
5564 100132074
5564 2308
5564 2309
5564 4303
5565 100132074
5565 2308
5565 2309
5565 4303
5571 100132074
5571 2308
5571 2309
5571 4303
3630 3643
100132074 85417
100132074 891
100132074 9133
100132074 595
100132074 894
100132074 901
100132074 1030
100132074 1032
100132074 1026
100132074 1027
100132074 5934
100132074 10733
100132074 10769
100132074 1263
100132074 5347
100132074 10912
100132074 1647
100132074 4616
100132074 356
100132074 10018
100132074 8743
100132074 604
100132074 664
100132074 9140
100132074 11337
100132074 11345
100132074 23710
100132074 847
100132074 6648
100132074 472
100132074 5105
100132074 5106
100132074 2538
100132074 57818
100132074 92579
100132074 3575
100132074 10365
100132074 1901
100132074 8698
100132074 5896
100132074 5897
100132074 114907
100132074 26260
2308 85417
2308 891
2308 9133
2308 595
2308 894
2308 901
2308 1030
2308 1032
2308 1026
2308 1027
2308 5934
2308 10733
2308 10769
2308 1263
2308 5347
2308 10912
2308 1647
2308 4616
2308 356
2308 10018
2308 8743
2308 604
2308 664
2308 9140
2308 11337
2308 11345
2308 23710
2308 847
2308 6648
2308 472
2308 5105
2308 5106
2308 2538
2308 57818
2308 92579
2308 3575
2308 10365
2308 1901
2308 8698
2308 5896
2308 5897
2308 114907
2308 26260
2309 85417
2309 891
2309 9133
2309 595
2309 894
2309 901
2309 1030
2309 1032
2309 1026
2309 1027
2309 5934
2309 10733
2309 10769
2309 1263
2309 5347
2309 10912
2309 1647
2309 4616
2309 356
2309 10018
2309 8743
2309 604
2309 664
2309 9140
2309 11337
2309 11345
2309 23710
2309 847
2309 6648
2309 472
2309 5105
2309 5106
2309 2538
2309 57818
2309 92579
2309 3575
2309 10365
2309 1901
2309 8698
2309 5896
2309 5897
2309 114907
2309 26260
4303 85417
4303 891
4303 9133
4303 595
4303 894
4303 901
4303 1030
4303 1032
4303 1026
4303 1027
4303 5934
4303 10733
4303 10769
4303 1263
4303 5347
4303 10912
4303 1647
4303 4616
4303 356
4303 10018
4303 8743
4303 604
4303 664
4303 9140
4303 11337
4303 11345
4303 23710
4303 847
4303 6648
4303 472
4303 5105
4303 5106
4303 2538
4303 57818
4303 92579
4303 3575
4303 10365
4303 1901
4303 8698
4303 5896
4303 5897
4303 114907
4303 26260
6654 3265
6654 3845
6654 4893
6655 3265
6655 3845
6655 4893
3265 369
3265 5894
3265 673
3845 369
3845 5894
3845 673
4893 369
4893 5894
4893 673
5604 5594
5604 5595
5605 5594
5605 5595
3643 3667
3643 8471
3643 8660
369 5604
369 5605
5894 5604
5894 5605
673 5604
673 5605
10000 1147
10000 3551
10000 100132074
10000 2308
10000 2309
10000 4303
207 1147
207 3551
207 100132074
207 2308
207 2309
207 4303
208 1147
208 3551
208 100132074
208 2308
208 2309
208 4303
5170 1147
5170 3551
5170 10000
5170 207
5170 208
5170 100533105
5170 10110
5170 23678
5170 6446
3667 5290
3667 5291
3667 5293
3667 5295
3667 5296
3667 8503
8471 5290
8471 5291
8471 5293
8471 5295
8471 5296
8471 8503
8660 5290
8660 5291
8660 5293
8660 5295
8660 5296
8660 8503
1956 2885
2885 6654
2885 6655
6789 100132074
6789 2308
6789 2309
6789 4303
1950 1956
3479 3480
3480 3667
3480 8471
3480 8660
1017 100132074
1017 2308
1017 2309
1017 4303
2911 9454
2911 9455
2911 9456
2911 116986
9454 5290
9454 5291
9454 5293
9454 5295
9454 5296
9454 8503
9455 5290
9455 5291
9455 5293
9455 5295
9455 5296
9455 8503
9456 5290
9456 5291
9456 5293
9456 5295
9456 5296
9456 8503
116986 5290
116986 5291
116986 5293
116986 5295
116986 5296
116986 8503
102800317 100132074
102800317 2308
102800317 2309
102800317 4303
1454 100132074
1454 2308
1454 2309
1454 4303
100533105 100132074
100533105 2308
100533105 2309
100533105 4303
10110 100132074
10110 2308
10110 2309
10110 4303
23678 100132074
23678 2308
23678 2309
23678 4303
6446 100132074
6446 2308
6446 2309
6446 4303
7046 4087
7046 4088
7048 4087
7048 4088
4089 4087
4089 4088
6774 100132074
6774 2308
6774 2309
6774 4303
3569 6774
3586 6774
51701 100132074
51701 2308
51701 2309
51701 4303
1432 100132074
1432 2308
1432 2309
1432 4303
5600 100132074
5600 2308
5600 2309
5600 4303
5603 100132074
5603 2308
5603 2309
5603 4303
6300 100132074
6300 2308
6300 2309
6300 4303
80854 100132074
80854 2308
80854 2309
80854 4303
3276 100132074
3276 2308
3276 2309
3276 4303
6794 51422
6794 53632
6794 5562
6794 5563
6794 5564
6794 5565
6794 5571
6794 100132074
6794 2308
6794 2309
6794 4303
7040 7046
7040 7048
7042 7046
7042 7048
7043 7046
7043 7048
