2767 23236
2767 5330
2767 5331
2767 5332
2776 23236
2776 5330
2776 5331
2776 5332
2778 107
2778 108
2778 109
2778 111
2778 112
2778 113
2778 114
2778 115
2778 196883
5566 1594
5566 1591
5566 4205
5566 4208
5566 4209
5566 56302
5566 9368
5566 4666
5566 10488
5566 1385
5566 1386
5566 1388
5566 148327
5566 468
5566 64764
5566 84699
5566 90993
5566 9586
5566 860
5566 4929
5567 1594
5567 1591
5567 4205
5567 4208
5567 4209
5567 56302
5567 9368
5567 4666
5567 10488
5567 1385
5567 1386
5567 1388
5567 148327
5567 468
5567 64764
5567 84699
5567 90993
5567 9586
5567 860
5567 4929
5568 1594
5568 1591
5568 4205
5568 4208
5568 4209
5568 56302
5568 9368
5568 4666
5568 10488
5568 1385
5568 1386
5568 1388
5568 148327
5568 468
5568 64764
5568 84699
5568 90993
5568 9586
5568 860
5568 4929
846 2770
846 2771
846 2773
846 2767
846 2776
5741 5745
5745 408
5745 409
5745 2767
5745 2776
5745 2778
5745 10672
5745 2768
5745 2770
5745 2771
5745 2773
2770 10893
2770 4323
2770 4324
2770 4325
2770 4326
2770 64386
2770 107
2770 108
2770 109
2770 111
2770 112
2770 113
2770 114
2770 115
2770 196883
2771 10893
2771 4323
2771 4324
2771 4325
2771 4326
2771 64386
2771 107
2771 108
2771 109
2771 111
2771 112
2771 113
2771 114
2771 115
2771 196883
2773 10893
2773 4323
2773 4324
2773 4325
2773 4326
2773 64386
2773 107
2773 108
2773 109
2773 111
2773 112
2773 113
2773 114
2773 115
2773 196883
5744 5745
2625 5741
8521 5741
9247 5741
7421 5741
408 369
408 5894
408 673
409 369
409 5894
409 673
369 5604
5894 5604
673 5604
5604 5594
5604 5595
5594 1958
5595 1958
5578 56302
5578 9368
5579 56302
5579 9368
5582 56302
5582 9368
10893 1839
4323 1839
4324 1839
4325 1839
4326 1839
64386 1839
1956 5594
1956 5595
10672 11214
10672 9138
10672 9826
2768 11214
2768 9138
2768 9826
11214 387
9138 387
9826 387
387 5337
387 5338
8074 2260
10488 8600
10488 596
10488 1026
10488 2353
1385 8600
1385 596
1385 1026
1385 2353
1386 8600
1386 596
1386 1026
1386 2353
1388 8600
1388 596
1388 1026
1388 2353
148327 8600
148327 596
148327 1026
148327 2353
468 8600
468 596
468 1026
468 2353
64764 8600
64764 596
64764 1026
64764 2353
84699 8600
84699 596
84699 1026
84699 2353
90993 8600
90993 596
90993 1026
90993 2353
9586 8600
9586 596
9586 1026
9586 2353
2353 860
4666 632
4666 4040
4666 4041
3727 632
3727 4040
3727 4041
860 4322
10568 9368
142680 9368
6569 9368
4205 50964
4208 50964
4209 50964
4929 8074
9935 5741
6667 5741
2260 9365
1958 5741
1839 1956
