4988 10681
4988 2770
4988 2771
4988 2773
4988 2775
4988 2782
4988 2783
4988 2784
4988 2785
4988 2786
4988 2787
4988 2788
4988 2790
4988 2791
4988 2792
4988 2793
4988 51764
4988 54331
4988 55970
4988 59345
4988 94235
4988 2778
5566 10681
5566 2770
5566 2771
5566 2773
5566 2775
5566 2782
5566 2783
5566 2784
5566 2785
5566 2786
5566 2787
5566 2788
5566 2790
5566 2791
5566 2792
5566 2793
5566 51764
5566 54331
5566 55970
5566 59345
5566 94235
5567 10681
5567 2770
5567 2771
5567 2773
5567 2775
5567 2782
5567 2783
5567 2784
5567 2785
5567 2786
5567 2787
5567 2788
5567 2790
5567 2791
5567 2792
5567 2793
5567 51764
5567 54331
5567 55970
5567 59345
5567 94235
5568 10681
5568 2770
5568 2771
5568 2773
5568 2775
5568 2782
5568 2783
5568 2784
5568 2785
5568 2786
5568 2787
5568 2788
5568 2790
5568 2791
5568 2792
5568 2793
5568 51764
5568 54331
5568 55970
5568 59345
5568 94235
10681 3763
10681 3760
10681 3762
10681 3765
10681 107
10681 108
10681 109
10681 111
10681 112
10681 113
10681 114
10681 115
10681 196883
10681 773
10681 774
2770 3763
2770 3760
2770 3762
2770 3765
2770 107
2770 108
2770 109
2770 111
2770 112
2770 113
2770 114
2770 115
2770 196883
2770 773
2770 774
2771 3763
2771 3760
2771 3762
2771 3765
2771 107
2771 108
2771 109
2771 111
2771 112
2771 113
2771 114
2771 115
2771 196883
2771 773
2771 774
2773 3763
2773 3760
2773 3762
2773 3765
2773 107
2773 108
2773 109
2773 111
2773 112
2773 113
2773 114
2773 115
2773 196883
2773 773
2773 774
2775 3763
2775 3760
2775 3762
2775 3765
2775 107
2775 108
2775 109
2775 111
2775 112
2775 113
2775 114
2775 115
2775 196883
2775 773
2775 774
2782 3763
2782 3760
2782 3762
2782 3765
2782 107
2782 108
2782 109
2782 111
2782 112
2782 113
2782 114
2782 115
2782 196883
2782 773
2782 774
2783 3763
2783 3760
2783 3762
2783 3765
2783 107
2783 108
2783 109
2783 111
2783 112
2783 113
2783 114
2783 115
2783 196883
2783 773
2783 774
2784 3763
2784 3760
2784 3762
2784 3765
2784 107
2784 108
2784 109
2784 111
2784 112
2784 113
2784 114
2784 115
2784 196883
2784 773
2784 774
2785 3763
2785 3760
2785 3762
2785 3765
2785 107
2785 108
2785 109
2785 111
2785 112
2785 113
2785 114
2785 115
2785 196883
2785 773
2785 774
2786 3763
2786 3760
2786 3762
2786 3765
2786 107
2786 108
2786 109
2786 111
2786 112
2786 113
2786 114
2786 115
2786 196883
2786 773
2786 774
2787 3763
2787 3760
2787 3762
2787 3765
2787 107
2787 108
2787 109
2787 111
2787 112
2787 113
2787 114
2787 115
2787 196883
2787 773
2787 774
2788 3763
2788 3760
2788 3762
2788 3765
2788 107
2788 108
2788 109
2788 111
2788 112
2788 113
2788 114
2788 115
2788 196883
2788 773
2788 774
2790 3763
2790 3760
2790 3762
2790 3765
2790 107
2790 108
2790 109
2790 111
2790 112
2790 113
2790 114
2790 115
2790 196883
2790 773
2790 774
2791 3763
2791 3760
2791 3762
2791 3765
2791 107
2791 108
2791 109
2791 111
2791 112
2791 113
2791 114
2791 115
2791 196883
2791 773
2791 774
2792 3763
2792 3760
2792 3762
2792 3765
2792 107
2792 108
2792 109
2792 111
2792 112
2792 113
2792 114
2792 115
2792 196883
2792 773
2792 774
2793 3763
2793 3760
2793 3762
2793 3765
2793 107
2793 108
2793 109
2793 111
2793 112
2793 113
2793 114
2793 115
2793 196883
2793 773
2793 774
51764 3763
51764 3760
51764 3762
51764 3765
51764 107
51764 108
51764 109
51764 111
51764 112
51764 113
51764 114
51764 115
51764 196883
51764 773
51764 774
54331 3763
54331 3760
54331 3762
54331 3765
54331 107
54331 108
54331 109
54331 111
54331 112
54331 113
54331 114
54331 115
54331 196883
54331 773
54331 774
55970 3763
55970 3760
55970 3762
55970 3765
55970 107
55970 108
55970 109
55970 111
55970 112
55970 113
55970 114
55970 115
55970 196883
55970 773
55970 774
59345 3763
59345 3760
59345 3762
59345 3765
59345 107
59345 108
59345 109
59345 111
59345 112
59345 113
59345 114
59345 115
59345 196883
59345 773
59345 774
94235 3763
94235 3760
94235 3762
94235 3765
94235 107
94235 108
94235 109
94235 111
94235 112
94235 113
94235 114
94235 115
94235 196883
94235 773
94235 774
2778 107
2778 108
2778 109
2778 111
2778 112
2778 113
2778 114
2778 115
2778 196883
5578 107
5578 108
5578 109
5578 111
5578 112
5578 113
5578 114
5578 115
5578 196883
5578 10681
5578 2770
5578 2771
5578 2773
5578 2775
5578 2782
5578 2783
5578 2784
5578 2785
5578 2786
5578 2787
5578 2788
5578 2790
5578 2791
5578 2792
5578 2793
5578 51764
5578 54331
5578 55970
5578 59345
5578 94235
5579 107
5579 108
5579 109
5579 111
5579 112
5579 113
5579 114
5579 115
5579 196883
5579 10681
5579 2770
5579 2771
5579 2773
5579 2775
5579 2782
5579 2783
5579 2784
5579 2785
5579 2786
5579 2787
5579 2788
5579 2790
5579 2791
5579 2792
5579 2793
5579 51764
5579 54331
5579 55970
5579 59345
5579 94235
5582 107
5582 108
5582 109
5582 111
5582 112
5582 113
5582 114
5582 115
5582 196883
5582 10681
5582 2770
5582 2771
5582 2773
5582 2775
5582 2782
5582 2783
5582 2784
5582 2785
5582 2786
5582 2787
5582 2788
5582 2790
5582 2791
5582 2792
5582 2793
5582 51764
5582 54331
5582 55970
5582 59345
5582 94235
1812 2778
2550 10681
2550 2770
2550 2771
2550 2773
2550 2775
2550 2782
2550 2783
2550 2784
2550 2785
2550 2786
2550 2787
2550 2788
2550 2790
2550 2791
2550 2792
2550 2793
2550 51764
2550 54331
2550 55970
2550 59345
2550 94235
9568 10681
9568 2770
9568 2771
9568 2773
9568 2775
9568 2782
9568 2783
9568 2784
9568 2785
9568 2786
9568 2787
9568 2788
9568 2790
9568 2791
9568 2792
9568 2793
9568 51764
9568 54331
9568 55970
9568 59345
9568 94235
156 4988
157 4988
2868 4988
2869 4988
2870 4988
408 4988
409 4988
