1029 4193
1029 1019
1029 1021
1029 595
1029 894
1029 896
51343 983
51343 85417
51343 891
51343 9133
23594 4176
23594 4175
23594 4174
23594 4173
23594 4172
23594 4171
23595 4176
23595 4175
23595 4174
23595 4173
23595 4172
23595 4171
4998 4176
4998 4175
4998 4174
4998 4173
4998 4172
4998 4171
4999 4176
4999 4175
4999 4174
4999 4173
4999 4172
4999 4171
5000 4176
5000 4175
5000 4174
5000 4173
5000 4172
5000 4171
5001 4176
5001 4175
5001 4174
5001 4173
5001 4172
5001 4171
10393 10744
10393 9232
10393 51343
10393 10393
10393 246184
10393 25847
10393 29882
10393 29945
10393 51433
10393 51434
10393 51529
10393 64682
10393 8697
10393 8881
10393 996
10393 983
10393 85417
10393 891
10393 9133
246184 10744
246184 9232
246184 51343
246184 10393
246184 246184
246184 25847
246184 29882
246184 29945
246184 51433
246184 51434
246184 51529
246184 64682
246184 8697
246184 8881
246184 996
246184 983
246184 85417
246184 891
246184 9133
25847 10744
25847 9232
25847 51343
25847 10393
25847 246184
25847 25847
25847 29882
25847 29945
25847 51433
25847 51434
25847 51529
25847 64682
25847 8697
25847 8881
25847 996
25847 983
25847 85417
25847 891
25847 9133
29882 10744
29882 9232
29882 51343
29882 10393
29882 246184
29882 25847
29882 29882
29882 29945
29882 51433
29882 51434
29882 51529
29882 64682
29882 8697
29882 8881
29882 996
29882 983
29882 85417
29882 891
29882 9133
29945 10744
29945 9232
29945 51343
29945 10393
29945 246184
29945 25847
29945 29882
29945 29945
29945 51433
29945 51434
29945 51529
29945 64682
29945 8697
29945 8881
29945 996
29945 983
29945 85417
29945 891
29945 9133
51433 10744
51433 9232
51433 51343
51433 10393
51433 246184
51433 25847
51433 29882
51433 29945
51433 51433
51433 51434
51433 51529
51433 64682
51433 8697
51433 8881
51433 996
51433 983
51433 85417
51433 891
51433 9133
51434 10744
51434 9232
51434 51343
51434 10393
51434 246184
51434 25847
51434 29882
51434 29945
51434 51433
51434 51434
51434 51529
51434 64682
51434 8697
51434 8881
51434 996
51434 983
51434 85417
51434 891
51434 9133
51529 10744
51529 9232
51529 51343
51529 10393
51529 246184
51529 25847
51529 29882
51529 29945
51529 51433
51529 51434
51529 51529
51529 64682
51529 8697
51529 8881
51529 996
51529 983
51529 85417
51529 891
51529 9133
64682 10744
64682 9232
64682 51343
64682 10393
64682 246184
64682 25847
64682 29882
64682 29945
64682 51433
64682 51434
64682 51529
64682 64682
64682 8697
64682 8881
64682 996
64682 983
64682 85417
64682 891
64682 9133
8697 10744
8697 9232
8697 51343
8697 10393
8697 246184
8697 25847
8697 29882
8697 29945
8697 51433
8697 51434
8697 51529
8697 64682
8697 8697
8697 8881
8697 996
8697 983
8697 85417
8697 891
8697 9133
8881 10744
8881 9232
8881 51343
8881 10393
8881 246184
8881 25847
8881 29882
8881 29945
8881 51433
8881 51434
8881 51529
8881 64682
8881 8697
8881 8881
8881 996
8881 983
8881 85417
8881 891
8881 9133
996 10744
996 9232
996 51343
996 10393
996 246184
996 25847
996 29882
996 29945
996 51433
996 51434
996 51529
996 64682
996 8697
996 8881
996 996
996 983
996 85417
996 891
996 9133
6500 1017
6500 898
6500 9134
6500 1027
6500 1028
6500 1026
8454 1017
8454 898
8454 9134
8454 1027
8454 1028
8454 1026
9978 1017
9978 898
9978 9134
9978 1027
9978 1028
9978 1026
983 5925
983 5347
701 10393
701 246184
701 25847
701 29882
701 29945
701 51433
701 51434
701 51529
701 64682
701 8697
701 8881
701 996
5111 1019
5111 1021
5111 595
5111 894
5111 896
5347 994
5347 995
5347 9088
472 7157
472 1111
472 11200
545 7157
545 1111
545 11200
10926 4176
10926 4175
10926 4174
10926 4173
10926 4172
10926 4171
10459 10393
10459 246184
10459 25847
10459 29882
10459 29945
10459 51433
10459 51434
10459 51529
10459 64682
10459 8697
10459 8881
10459 996
4085 10393
4085 246184
4085 25847
4085 29882
4085 29945
4085 51433
4085 51434
4085 51529
4085 64682
4085 8697
4085 8881
4085 996
699 9184
9184 10393
9184 246184
9184 25847
9184 29882
9184 29945
9184 51433
9184 51434
9184 51529
9184 64682
9184 8697
9184 8881
9184 996
8555 51343
8555 10393
8555 246184
8555 25847
8555 29882
8555 29945
8555 51433
8555 51434
8555 51529
8555 64682
8555 8697
8555 8881
8555 996
8556 51343
8556 10393
8556 246184
8556 25847
8556 29882
8556 29945
8556 51433
8556 51434
8556 51529
8556 64682
8556 8697
8556 8881
8556 996
10971 994
10971 995
7529 994
7529 995
7531 994
7531 995
7532 994
7532 995
7533 994
7533 995
7534 994
7534 995
2810 85417
2810 891
2810 9133
1111 7157
1111 993
1111 994
1111 995
11200 7157
11200 993
11200 994
11200 995
1026 1019
1026 1021
1026 595
1026 894
1026 896
1026 1017
1026 898
1026 9134
1026 890
1026 8900
5591 7157
4193 5925
4193 7157
1387 7157
2033 7157
6502 1017
6502 898
6502 9134
6502 1027
6502 1028
6502 1026
9088 983
494551 983
7465 983
10744 9700
9232 9700
9700 27127
9700 8243
9700 9126
9700 10274
9700 10735
9700 5885
5925 7027
5925 7029
5925 1869
5925 1870
5925 1871
10912 5111
10912 85417
10912 891
10912 9133
1647 5111
1647 85417
1647 891
1647 9133
4616 5111
4616 85417
4616 891
4616 9133
7157 1026
7157 10912
7157 1647
7157 4616
7157 2810
1027 1019
1027 1021
1027 595
1027 894
1027 896
1027 1017
1027 890
1027 8900
1028 1019
1028 1021
1028 595
1028 894
1028 896
1028 1017
1028 890
1028 8900
1030 1019
1030 1021
1030 595
1030 894
1030 896
7040 4087
7040 4088
7042 4087
7042 4088
7043 4087
7043 4088
4089 1030
4089 4609
4089 1026
4087 1030
4087 4609
4087 1026
4088 1030
4088 4609
4088 1026
8317 4176
8317 4175
8317 4174
8317 4173
8317 4172
8317 4171
991 10744
991 9232
991 51343
991 10393
991 246184
991 25847
991 29882
991 29945
991 51433
991 51434
991 51529
991 64682
991 8697
991 8881
991 996
994 983
995 983
8318 4176
8318 4175
8318 4174
8318 4173
8318 4172
8318 4171
990 23595
990 5001
990 5000
990 4999
990 4998
990 23594
993 1019
993 1021
993 1017
993 983
2932 595
2932 894
2932 896
85417 5347
891 5347
9133 5347
890 990
890 5925
890 1869
890 1870
890 1871
8900 990
8900 5925
8900 1869
8900 1870
8900 1871
1022 983
1022 1017
1017 1027
1017 1028
1017 990
1017 5925
1017 1869
1017 1870
1017 1871
1019 5933
1019 5934
1019 5925
1021 5933
1021 5934
1021 5925
902 983
902 1017
898 1027
898 1028
898 5925
9134 1027
9134 1028
9134 5925
595 5933
595 5934
595 5925
894 5933
894 5934
894 5925
896 5933
896 5934
896 5925
8379 10459
8379 4085
7272 8379
1031 1019
1031 1021
1031 595
1031 894
1031 896
1032 1019
1032 1021
1032 595
1032 894
1032 896
5933 7027
5933 7029
5933 1874
5933 1875
5933 4609
1874 4609
1875 4609
4609 7709
7709 1030
25 5925
7027 898
7027 9134
7027 4609
7029 898
7029 9134
7029 4609
1869 898
1869 9134
1870 898
1870 9134
1871 898
1871 9134
3065 5925
3066 5925
5934 7027
5934 7029
5934 1874
5934 1875
