107 5566
107 5567
107 5568
109 5566
109 5567
109 5568
114 5566
114 5567
114 5568
814 163688
814 51806
814 801
814 805
814 808
814 810
814 91860
815 163688
815 51806
815 801
815 805
815 808
815 810
815 91860
816 163688
816 51806
816 801
816 805
816 808
816 810
816 91860
817 163688
817 51806
817 801
817 805
817 808
817 810
817 91860
818 163688
818 51806
818 801
818 805
818 808
818 810
818 91860
5530 163688
5530 51806
5530 801
5530 805
5530 808
5530 810
5530 91860
5532 163688
5532 51806
5532 801
5532 805
5532 808
5532 810
5532 91860
5533 163688
5533 51806
5533 801
5533 805
5533 808
5533 810
5533 91860
5534 163688
5534 51806
5534 801
5534 805
5534 808
5534 810
5534 91860
5535 163688
5535 51806
5535 801
5535 805
5535 808
5535 810
5535 91860
952 6261
952 6262
952 6263
51196 3708
51196 3709
51196 3710
51196 5578
51196 5579
51196 5582
102723407 5335
102723407 5336
1956 5335
1956 5336
2064 5335
2064 5336
2065 5335
2065 5336
2066 5335
2066 5336
5156 5335
5156 5336
5159 5335
5159 5336
2767 23236
2767 5330
2767 5331
2767 5332
2769 23236
2769 5330
2769 5331
2769 5332
2776 23236
2776 5330
2776 5331
2776 5332
9630 23236
9630 5330
9630 5331
9630 5332
5335 3708
5335 3709
5335 3710
5335 5578
5335 5579
5335 5582
5336 3708
5336 3709
5336 3710
5336 5578
5336 5579
5336 5582
89869 3708
89869 3709
89869 3710
89869 5578
89869 5579
89869 5582
113026 3708
113026 3709
113026 3710
113026 5578
113026 5579
113026 5582
5333 3708
5333 3709
5333 3710
5333 5578
5333 5579
5333 5582
84812 3708
84812 3709
84812 3710
84812 5578
84812 5579
84812 5582
5255 163688
5255 51806
5255 801
5255 805
5255 808
5255 810
5255 91860
5256 163688
5256 51806
5256 801
5256 805
5256 808
5256 810
5256 91860
5257 163688
5257 51806
5257 801
5257 805
5257 808
5257 810
5257 91860
5260 163688
5260 51806
5260 801
5260 805
5260 808
5260 810
5260 91860
5261 163688
5261 51806
5261 801
5261 805
5261 808
5261 810
5261 91860
23236 3708
23236 3709
23236 3710
23236 5578
23236 5579
23236 5582
5330 3708
5330 3709
5330 3710
5330 5578
5330 5579
5330 5582
5331 3708
5331 3709
5331 3710
5331 5578
5331 5579
5331 5582
5332 3708
5332 3709
5332 3710
5332 5578
5332 5579
5332 5582
10800 2767
10800 2769
10800 2776
10800 9630
1128 2774
1128 2778
1128 2767
1128 2769
1128 2776
1128 9630
1129 2767
1129 2769
1129 2776
1129 9630
1131 2774
1131 2778
1131 2767
1131 2769
1131 2776
1131 9630
146 2767
146 2769
146 2776
146 9630
147 2767
147 2769
147 2776
147 9630
148 2767
148 2769
148 2776
148 9630
185 2767
185 2769
185 2776
185 9630
1909 2767
1909 2769
1909 2776
1909 9630
1910 2767
1910 2769
1910 2776
1910 9630
2149 2767
2149 2769
2149 2776
2149 9630
2911 2767
2911 2769
2911 2776
2911 9630
2915 2767
2915 2769
2915 2776
2915 9630
2925 2767
2925 2769
2925 2776
2925 9630
3269 2767
3269 2769
3269 2776
3269 9630
3356 2767
3356 2769
3356 2776
3356 9630
3357 2767
3357 2769
3357 2776
3357 9630
3358 2767
3358 2769
3358 2776
3358 9630
3973 2767
3973 2769
3973 2776
3973 9630
4923 2767
4923 2769
4923 2776
4923 9630
5021 2767
5021 2769
5021 2776
5021 9630
552 2767
552 2769
552 2776
552 9630
553 2767
553 2769
553 2776
553 9630
56413 2767
56413 2769
56413 2776
56413 9630
57105 2767
57105 2769
57105 2776
57105 9630
5724 2767
5724 2769
5724 2776
5724 9630
5731 2767
5731 2769
5731 2776
5731 9630
5733 2767
5733 2769
5733 2776
5733 9630
5737 2767
5737 2769
5737 2776
5737 9630
623 2767
623 2769
623 2776
623 9630
624 2767
624 2769
624 2776
624 9630
6865 2767
6865 2769
6865 2776
6865 9630
6869 2767
6869 2769
6869 2776
6869 9630
6870 2767
6870 2769
6870 2776
6870 9630
6915 2767
6915 2769
6915 2776
6915 9630
7201 2767
7201 2769
7201 2776
7201 9630
886 2767
886 2769
886 2776
886 9630
887 2767
887 2769
887 2776
887 9630
163688 340156
163688 4638
163688 85366
163688 91807
163688 5136
163688 5137
163688 5153
163688 107
163688 109
163688 114
163688 4842
163688 4843
163688 4846
51806 340156
51806 4638
51806 85366
51806 91807
51806 5136
51806 5137
51806 5153
51806 107
51806 109
51806 114
51806 4842
51806 4843
51806 4846
801 340156
801 4638
801 85366
801 91807
801 5136
801 5137
801 5153
801 107
801 109
801 114
801 4842
801 4843
801 4846
805 340156
805 4638
805 85366
805 91807
805 5136
805 5137
805 5153
805 107
805 109
805 114
805 4842
805 4843
805 4846
808 340156
808 4638
808 85366
808 91807
808 5136
808 5137
808 5153
808 107
808 109
808 114
808 4842
808 4843
808 4846
810 340156
810 4638
810 85366
810 91807
810 5136
810 5137
810 5153
810 107
810 109
810 114
810 4842
810 4843
810 4846
91860 340156
91860 4638
91860 85366
91860 91807
91860 5136
91860 5137
91860 5153
91860 107
91860 109
91860 114
91860 4842
91860 4843
91860 4846
108 5566
108 5567
108 5568
113 5566
113 5567
113 5568
115 5566
115 5567
115 5568
196883 5566
196883 5567
196883 5568
1133 2774
1133 2778
135 2774
135 2778
136 2774
136 2778
153 2774
153 2778
154 2774
154 2778
155 2774
155 2778
1812 2774
1812 2778
1816 2774
1816 2778
3274 2774
3274 2778
3360 2774
3360 2778
3361 2774
3361 2778
3362 2774
3362 2778
3363 2774
3363 2778
5350 487
5350 488
5350 489
5566 5350
5567 5350
5568 5350
2774 107
2774 108
2774 109
2774 113
2774 114
2774 115
2774 196883
2778 107
2778 108
2778 109
2778 113
2778 114
2778 115
2778 196883
57620 80228
57620 84876
57620 93129
6786 80228
6786 84876
6786 93129
