5578 369
5578 5894
5578 673
5579 369
5579 5894
5579 673
5582 369
5582 5894
5582 673
10000 572
10000 842
10000 2309
207 572
207 842
207 2309
208 572
208 842
208 2309
5170 10000
5170 207
5170 208
5290 10000
5290 207
5290 208
5290 5170
5291 10000
5291 207
5291 208
5291 5170
5293 10000
5293 207
5293 208
5293 5170
5295 10000
5295 207
5295 208
5295 5170
5296 10000
5296 207
5296 208
5296 5170
8503 10000
8503 207
8503 208
8503 5170
1019 5925
1021 5925
595 5925
1869 5925
1870 5925
1871 5925
3265 369
3265 5894
3265 673
3845 11186
3845 5290
3845 5291
3845 5293
3845 5295
3845 5296
3845 8503
3845 369
3845 5894
3845 673
4893 369
4893 5894
4893 673
5335 1956
5336 1956
7039 1956
7039 2064
1956 2885
1956 5290
1956 5291
1956 5293
1956 5335
1956 5336
2064 2885
2064 5290
2064 5291
2064 5293
2064 5335
2064 5336
1950 1956
1950 2064
6654 3265
6654 3845
6654 4893
6655 3265
6655 3845
6655 4893
2885 6654
2885 6655
11186 83593
11186 595
11186 6789
83593 6789
1029 1019
1029 1021
1029 595
5594 595
5595 595
5604 5594
5604 5595
5605 5594
5605 5595
369 5604
369 5605
5894 5604
5894 5605
673 5604
673 5605
238 5290
238 5291
238 5293
238 3265
238 3845
238 4893
238 3718
27436 5290
27436 5291
27436 5293
27436 3265
27436 3845
27436 4893
27436 3718
3718 6774
3718 6776
3718 6777
7157 1026
7157 10912
7157 1647
7157 4616
7157 581
7157 578
7157 1643
7157 51426
