10000 2475
207 2475
208 2475
5290 10000
5290 207
5290 208
5291 10000
5291 207
5291 208
5293 10000
5293 207
5293 208
5295 10000
5295 207
5295 208
5296 10000
5296 207
5296 208
8503 10000
8503 207
8503 208
6654 3265
6655 3265
2885 6654
2885 6655
1154 6772
1154 6773
1154 6774
1154 6775
1154 6776
1154 6777
1154 6778
122809 3716
122809 3717
122809 3718
122809 7297
30837 3716
30837 3717
30837 3718
30837 7297
8651 3716
8651 3717
8651 3718
8651 7297
8835 3716
8835 3717
8835 3718
8835 7297
9021 3716
9021 3717
9021 3718
9021 7297
9306 3716
9306 3717
9306 3718
9306 7297
9655 3716
9655 3717
9655 3718
9655 7297
1387 6772
1387 6773
1387 6774
1387 6775
1387 6776
1387 6777
1387 6778
2033 6772
2033 6773
2033 6774
2033 6775
2033 6776
2033 6777
2033 6778
6772 6772
6772 6773
6772 6774
6772 6775
6772 6776
6772 6777
6772 6778
6772 1154
6772 596
6772 598
6772 4609
6772 1026
6772 316
6772 2670
6772 122809
6772 30837
6772 8651
6772 8835
6772 9021
6772 9306
6772 9655
6772 4170
6772 5292
6772 595
6772 894
6772 896
6772 10379
6773 6772
6773 6773
6773 6774
6773 6775
6773 6776
6773 6777
6773 6778
6773 1154
6773 596
6773 598
6773 4609
6773 1026
6773 316
6773 2670
6773 122809
6773 30837
6773 8651
6773 8835
6773 9021
6773 9306
6773 9655
6773 4170
6773 5292
6773 595
6773 894
6773 896
6773 10379
6774 6772
6774 6773
6774 6774
6774 6775
6774 6776
6774 6777
6774 6778
6774 1154
6774 596
6774 598
6774 4609
6774 1026
6774 316
6774 2670
6774 122809
6774 30837
6774 8651
6774 8835
6774 9021
6774 9306
6774 9655
6774 4170
6774 5292
6774 595
6774 894
6774 896
6774 10379
6775 6772
6775 6773
6775 6774
6775 6775
6775 6776
6775 6777
6775 6778
6775 1154
6775 596
6775 598
6775 4609
6775 1026
6775 316
6775 2670
6775 122809
6775 30837
6775 8651
6775 8835
6775 9021
6775 9306
6775 9655
6775 4170
6775 5292
6775 595
6775 894
6775 896
6775 10379
6776 6772
6776 6773
6776 6774
6776 6775
6776 6776
6776 6777
6776 6778
6776 1154
6776 596
6776 598
6776 4609
6776 1026
6776 316
6776 2670
6776 122809
6776 30837
6776 8651
6776 8835
6776 9021
6776 9306
6776 9655
6776 4170
6776 5292
6776 595
6776 894
6776 896
6776 10379
6777 6772
6777 6773
6777 6774
6777 6775
6777 6776
6777 6777
6777 6778
6777 1154
6777 596
6777 598
6777 4609
6777 1026
6777 316
6777 2670
6777 122809
6777 30837
6777 8651
6777 8835
6777 9021
6777 9306
6777 9655
6777 4170
6777 5292
6777 595
6777 894
6777 896
6777 10379
6778 6772
6778 6773
6778 6774
6778 6775
6778 6776
6778 6777
6778 6778
6778 1154
6778 596
6778 598
6778 4609
6778 1026
6778 316
6778 2670
6778 122809
6778 30837
6778 8651
6778 8835
6778 9021
6778 9306
6778 9655
6778 4170
6778 5292
6778 595
6778 894
6778 896
6778 10379
10401 6772
10401 6773
10401 6774
10401 6775
10401 6776
10401 6777
10401 6778
51588 6772
51588 6773
51588 6774
51588 6775
51588 6776
51588 6777
51588 6778
8554 6772
8554 6773
8554 6774
8554 6775
8554 6776
8554 6777
8554 6778
9063 6772
9063 6773
9063 6774
9063 6775
9063 6776
9063 6777
9063 6778
5777 3716
5777 3717
5777 3718
5777 7297
10254 3716
10254 3717
10254 3718
10254 7297
8027 3716
8027 3717
8027 3718
8027 7297
3716 6772
3716 6773
3716 6774
3716 6775
3716 6776
3716 6777
3716 6778
3716 5781
3716 5290
3716 5291
3716 5293
3716 5295
3716 5296
3716 8503
3717 6772
3717 6773
3717 6774
3717 6775
3717 6776
3717 6777
3717 6778
3717 5781
3717 5290
3717 5291
3717 5293
3717 5295
3717 5296
3717 8503
3718 6772
3718 6773
3718 6774
3718 6775
3718 6776
3718 6777
3718 6778
3718 5781
3718 5290
3718 5291
3718 5293
3718 5295
3718 5296
3718 8503
7297 6772
7297 6773
7297 6774
7297 6775
7297 6776
7297 6777
7297 6778
7297 5781
7297 5290
7297 5291
7297 5293
7297 5295
7297 5296
7297 8503
2273 6772
2273 6773
2273 6774
2273 6775
2273 6776
2273 6777
2273 6778
116379 3716
116379 3717
116379 3718
116379 7297
1271 3716
1271 3717
1271 3718
1271 7297
1438 3716
1438 3717
1438 3718
1438 7297
1439 3716
1439 3717
1439 3718
1439 7297
1441 3716
1441 3717
1441 3718
1441 7297
149233 3716
149233 3717
149233 3718
149233 7297
163702 3716
163702 3717
163702 3718
163702 7297
1956 3716
1956 3717
1956 3718
1956 7297
2057 3716
2057 3717
2057 3718
2057 7297
2690 3716
2690 3717
2690 3718
2690 7297
3454 3716
3454 3717
3454 3718
3454 7297
3455 3716
3455 3717
3455 3718
3455 7297
3459 3716
3459 3717
3459 3718
3459 7297
3460 3716
3460 3717
3460 3718
3460 7297
3559 3716
3559 3717
3559 3718
3559 7297
3560 3716
3560 3717
3560 3718
3560 7297
3561 3716
3561 3717
3561 3718
3561 7297
3563 3716
3563 3717
3563 3718
3563 7297
3566 3716
3566 3717
3566 3718
3566 7297
3568 3716
3568 3717
3568 3718
3568 7297
3570 3716
3570 3717
3570 3718
3570 7297
3572 3716
3572 3717
3572 3718
3572 7297
3575 3716
3575 3717
3575 3718
3575 7297
3581 3716
3581 3717
3581 3718
3581 7297
3587 3716
3587 3717
3587 3718
3587 7297
3588 3716
3588 3717
3588 3718
3588 7297
3590 3716
3590 3717
3590 3718
3590 7297
3594 3716
3594 3717
3594 3718
3594 7297
3595 3716
3595 3717
3595 3718
3595 7297
3597 3716
3597 3717
3597 3718
3597 7297
3598 3716
3598 3717
3598 3718
3598 7297
3601 3716
3601 3717
3601 3718
3601 7297
3953 3716
3953 3717
3953 3718
3953 7297
3977 3716
3977 3717
3977 3718
3977 7297
4352 3716
4352 3717
4352 3718
4352 7297
50615 3716
50615 3717
50615 3718
50615 7297
5156 3716
5156 3717
5156 3718
5156 7297
5159 3716
5159 3717
5159 3718
5159 7297
53832 3716
53832 3717
53832 3718
53832 7297
53833 3716
53833 3717
53833 3718
53833 7297
5618 3716
5618 3717
5618 3718
5618 7297
58985 3716
58985 3717
58985 3718
58985 7297
64109 3716
64109 3717
64109 3718
64109 7297
9180 3716
9180 3717
9180 3718
9180 7297
9466 3716
9466 3717
9466 3718
9466 7297
5771 3716
5771 3717
5771 3718
5771 7297
5771 6772
5771 6773
5771 6774
5771 6775
5771 6776
5771 6777
5771 6778
5781 6654
5781 6655
3265 5894
11009 116379
11009 1271
11009 1438
11009 1439
11009 1441
11009 149233
11009 163702
11009 1956
11009 2057
11009 2690
11009 3454
11009 3455
11009 3459
11009 3460
11009 3559
11009 3560
11009 3561
11009 3563
11009 3566
11009 3568
11009 3570
11009 3572
11009 3575
11009 3581
11009 3587
11009 3588
11009 3590
11009 3594
11009 3595
11009 3597
11009 3598
11009 3601
11009 3953
11009 3977
11009 4352
11009 50615
11009 5156
11009 5159
11009 53832
11009 53833
11009 5618
11009 58985
11009 64109
11009 9180
11009 9466
1437 116379
1437 1271
1437 1438
1437 1439
1437 1441
1437 149233
1437 163702
1437 1956
1437 2057
1437 2690
1437 3454
1437 3455
1437 3459
1437 3460
1437 3559
1437 3560
1437 3561
1437 3563
1437 3566
1437 3568
1437 3570
1437 3572
1437 3575
1437 3581
1437 3587
1437 3588
1437 3590
1437 3594
1437 3595
1437 3597
1437 3598
1437 3601
1437 3953
1437 3977
1437 4352
1437 50615
1437 5156
1437 5159
1437 53832
1437 53833
1437 5618
1437 58985
1437 64109
1437 9180
1437 9466
1489 116379
1489 1271
1489 1438
1489 1439
1489 1441
1489 149233
1489 163702
1489 1956
1489 2057
1489 2690
1489 3454
1489 3455
1489 3459
1489 3460
1489 3559
1489 3560
1489 3561
1489 3563
1489 3566
1489 3568
1489 3570
1489 3572
1489 3575
1489 3581
1489 3587
1489 3588
1489 3590
1489 3594
1489 3595
1489 3597
1489 3598
1489 3601
1489 3953
1489 3977
1489 4352
1489 50615
1489 5156
1489 5159
1489 53832
1489 53833
1489 5618
1489 58985
1489 64109
1489 9180
1489 9466
282616 116379
282616 1271
282616 1438
282616 1439
282616 1441
282616 149233
282616 163702
282616 1956
282616 2057
282616 2690
282616 3454
282616 3455
282616 3459
282616 3460
282616 3559
282616 3560
282616 3561
282616 3563
282616 3566
282616 3568
282616 3570
282616 3572
282616 3575
282616 3581
282616 3587
282616 3588
282616 3590
282616 3594
282616 3595
282616 3597
282616 3598
282616 3601
282616 3953
282616 3977
282616 4352
282616 50615
282616 5156
282616 5159
282616 53832
282616 53833
282616 5618
282616 58985
282616 64109
282616 9180
282616 9466
282617 116379
282617 1271
282617 1438
282617 1439
282617 1441
282617 149233
282617 163702
282617 1956
282617 2057
282617 2690
282617 3454
282617 3455
282617 3459
282617 3460
282617 3559
282617 3560
282617 3561
282617 3563
282617 3566
282617 3568
282617 3570
282617 3572
282617 3575
282617 3581
282617 3587
282617 3588
282617 3590
282617 3594
282617 3595
282617 3597
282617 3598
282617 3601
282617 3953
282617 3977
282617 4352
282617 50615
282617 5156
282617 5159
282617 53832
282617 53833
282617 5618
282617 58985
282617 64109
282617 9180
282617 9466
282618 116379
282618 1271
282618 1438
282618 1439
282618 1441
282618 149233
282618 163702
282618 1956
282618 2057
282618 2690
282618 3454
282618 3455
282618 3459
282618 3460
282618 3559
282618 3560
282618 3561
282618 3563
282618 3566
282618 3568
282618 3570
282618 3572
282618 3575
282618 3581
282618 3587
282618 3588
282618 3590
282618 3594
282618 3595
282618 3597
282618 3598
282618 3601
282618 3953
282618 3977
282618 4352
282618 50615
282618 5156
282618 5159
282618 53832
282618 53833
282618 5618
282618 58985
282618 64109
282618 9180
282618 9466
29949 116379
29949 1271
29949 1438
29949 1439
29949 1441
29949 149233
29949 163702
29949 1956
29949 2057
29949 2690
29949 3454
29949 3455
29949 3459
29949 3460
29949 3559
29949 3560
29949 3561
29949 3563
29949 3566
29949 3568
29949 3570
29949 3572
29949 3575
29949 3581
29949 3587
29949 3588
29949 3590
29949 3594
29949 3595
29949 3597
29949 3598
29949 3601
29949 3953
29949 3977
29949 4352
29949 50615
29949 5156
29949 5159
29949 53832
29949 53833
29949 5618
29949 58985
29949 64109
29949 9180
29949 9466
338376 116379
338376 1271
338376 1438
338376 1439
338376 1441
338376 149233
338376 163702
338376 1956
338376 2057
338376 2690
338376 3454
338376 3455
338376 3459
338376 3460
338376 3559
338376 3560
338376 3561
338376 3563
338376 3566
338376 3568
338376 3570
338376 3572
338376 3575
338376 3581
338376 3587
338376 3588
338376 3590
338376 3594
338376 3595
338376 3597
338376 3598
338376 3601
338376 3953
338376 3977
338376 4352
338376 50615
338376 5156
338376 5159
338376 53832
338376 53833
338376 5618
338376 58985
338376 64109
338376 9180
338376 9466
3439 116379
3439 1271
3439 1438
3439 1439
3439 1441
3439 149233
3439 163702
3439 1956
3439 2057
3439 2690
3439 3454
3439 3455
3439 3459
3439 3460
3439 3559
3439 3560
3439 3561
3439 3563
3439 3566
3439 3568
3439 3570
3439 3572
3439 3575
3439 3581
3439 3587
3439 3588
3439 3590
3439 3594
3439 3595
3439 3597
3439 3598
3439 3601
3439 3953
3439 3977
3439 4352
3439 50615
3439 5156
3439 5159
3439 53832
3439 53833
3439 5618
3439 58985
3439 64109
3439 9180
3439 9466
3440 116379
3440 1271
3440 1438
3440 1439
3440 1441
3440 149233
3440 163702
3440 1956
3440 2057
3440 2690
3440 3454
3440 3455
3440 3459
3440 3460
3440 3559
3440 3560
3440 3561
3440 3563
3440 3566
3440 3568
3440 3570
3440 3572
3440 3575
3440 3581
3440 3587
3440 3588
3440 3590
3440 3594
3440 3595
3440 3597
3440 3598
3440 3601
3440 3953
3440 3977
3440 4352
3440 50615
3440 5156
3440 5159
3440 53832
3440 53833
3440 5618
3440 58985
3440 64109
3440 9180
3440 9466
3441 116379
3441 1271
3441 1438
3441 1439
3441 1441
3441 149233
3441 163702
3441 1956
3441 2057
3441 2690
3441 3454
3441 3455
3441 3459
3441 3460
3441 3559
3441 3560
3441 3561
3441 3563
3441 3566
3441 3568
3441 3570
3441 3572
3441 3575
3441 3581
3441 3587
3441 3588
3441 3590
3441 3594
3441 3595
3441 3597
3441 3598
3441 3601
3441 3953
3441 3977
3441 4352
3441 50615
3441 5156
3441 5159
3441 53832
3441 53833
3441 5618
3441 58985
3441 64109
3441 9180
3441 9466
3442 116379
3442 1271
3442 1438
3442 1439
3442 1441
3442 149233
3442 163702
3442 1956
3442 2057
3442 2690
3442 3454
3442 3455
3442 3459
3442 3460
3442 3559
3442 3560
3442 3561
3442 3563
3442 3566
3442 3568
3442 3570
3442 3572
3442 3575
3442 3581
3442 3587
3442 3588
3442 3590
3442 3594
3442 3595
3442 3597
3442 3598
3442 3601
3442 3953
3442 3977
3442 4352
3442 50615
3442 5156
3442 5159
3442 53832
3442 53833
3442 5618
3442 58985
3442 64109
3442 9180
3442 9466
3443 116379
3443 1271
3443 1438
3443 1439
3443 1441
3443 149233
3443 163702
3443 1956
3443 2057
3443 2690
3443 3454
3443 3455
3443 3459
3443 3460
3443 3559
3443 3560
3443 3561
3443 3563
3443 3566
3443 3568
3443 3570
3443 3572
3443 3575
3443 3581
3443 3587
3443 3588
3443 3590
3443 3594
3443 3595
3443 3597
3443 3598
3443 3601
3443 3953
3443 3977
3443 4352
3443 50615
3443 5156
3443 5159
3443 53832
3443 53833
3443 5618
3443 58985
3443 64109
3443 9180
3443 9466
3444 116379
3444 1271
3444 1438
3444 1439
3444 1441
3444 149233
3444 163702
3444 1956
3444 2057
3444 2690
3444 3454
3444 3455
3444 3459
3444 3460
3444 3559
3444 3560
3444 3561
3444 3563
3444 3566
3444 3568
3444 3570
3444 3572
3444 3575
3444 3581
3444 3587
3444 3588
3444 3590
3444 3594
3444 3595
3444 3597
3444 3598
3444 3601
3444 3953
3444 3977
3444 4352
3444 50615
3444 5156
3444 5159
3444 53832
3444 53833
3444 5618
3444 58985
3444 64109
3444 9180
3444 9466
3445 116379
3445 1271
3445 1438
3445 1439
3445 1441
3445 149233
3445 163702
3445 1956
3445 2057
3445 2690
3445 3454
3445 3455
3445 3459
3445 3460
3445 3559
3445 3560
3445 3561
3445 3563
3445 3566
3445 3568
3445 3570
3445 3572
3445 3575
3445 3581
3445 3587
3445 3588
3445 3590
3445 3594
3445 3595
3445 3597
3445 3598
3445 3601
3445 3953
3445 3977
3445 4352
3445 50615
3445 5156
3445 5159
3445 53832
3445 53833
3445 5618
3445 58985
3445 64109
3445 9180
3445 9466
3446 116379
3446 1271
3446 1438
3446 1439
3446 1441
3446 149233
3446 163702
3446 1956
3446 2057
3446 2690
3446 3454
3446 3455
3446 3459
3446 3460
3446 3559
3446 3560
3446 3561
3446 3563
3446 3566
3446 3568
3446 3570
3446 3572
3446 3575
3446 3581
3446 3587
3446 3588
3446 3590
3446 3594
3446 3595
3446 3597
3446 3598
3446 3601
3446 3953
3446 3977
3446 4352
3446 50615
3446 5156
3446 5159
3446 53832
3446 53833
3446 5618
3446 58985
3446 64109
3446 9180
3446 9466
3447 116379
3447 1271
3447 1438
3447 1439
3447 1441
3447 149233
3447 163702
3447 1956
3447 2057
3447 2690
3447 3454
3447 3455
3447 3459
3447 3460
3447 3559
3447 3560
3447 3561
3447 3563
3447 3566
3447 3568
3447 3570
3447 3572
3447 3575
3447 3581
3447 3587
3447 3588
3447 3590
3447 3594
3447 3595
3447 3597
3447 3598
3447 3601
3447 3953
3447 3977
3447 4352
3447 50615
3447 5156
3447 5159
3447 53832
3447 53833
3447 5618
3447 58985
3447 64109
3447 9180
3447 9466
3448 116379
3448 1271
3448 1438
3448 1439
3448 1441
3448 149233
3448 163702
3448 1956
3448 2057
3448 2690
3448 3454
3448 3455
3448 3459
3448 3460
3448 3559
3448 3560
3448 3561
3448 3563
3448 3566
3448 3568
3448 3570
3448 3572
3448 3575
3448 3581
3448 3587
3448 3588
3448 3590
3448 3594
3448 3595
3448 3597
3448 3598
3448 3601
3448 3953
3448 3977
3448 4352
3448 50615
3448 5156
3448 5159
3448 53832
3448 53833
3448 5618
3448 58985
3448 64109
3448 9180
3448 9466
3449 116379
3449 1271
3449 1438
3449 1439
3449 1441
3449 149233
3449 163702
3449 1956
3449 2057
3449 2690
3449 3454
3449 3455
3449 3459
3449 3460
3449 3559
3449 3560
3449 3561
3449 3563
3449 3566
3449 3568
3449 3570
3449 3572
3449 3575
3449 3581
3449 3587
3449 3588
3449 3590
3449 3594
3449 3595
3449 3597
3449 3598
3449 3601
3449 3953
3449 3977
3449 4352
3449 50615
3449 5156
3449 5159
3449 53832
3449 53833
3449 5618
3449 58985
3449 64109
3449 9180
3449 9466
3451 116379
3451 1271
3451 1438
3451 1439
3451 1441
3451 149233
3451 163702
3451 1956
3451 2057
3451 2690
3451 3454
3451 3455
3451 3459
3451 3460
3451 3559
3451 3560
3451 3561
3451 3563
3451 3566
3451 3568
3451 3570
3451 3572
3451 3575
3451 3581
3451 3587
3451 3588
3451 3590
3451 3594
3451 3595
3451 3597
3451 3598
3451 3601
3451 3953
3451 3977
3451 4352
3451 50615
3451 5156
3451 5159
3451 53832
3451 53833
3451 5618
3451 58985
3451 64109
3451 9180
3451 9466
3452 116379
3452 1271
3452 1438
3452 1439
3452 1441
3452 149233
3452 163702
3452 1956
3452 2057
3452 2690
3452 3454
3452 3455
3452 3459
3452 3460
3452 3559
3452 3560
3452 3561
3452 3563
3452 3566
3452 3568
3452 3570
3452 3572
3452 3575
3452 3581
3452 3587
3452 3588
3452 3590
3452 3594
3452 3595
3452 3597
3452 3598
3452 3601
3452 3953
3452 3977
3452 4352
3452 50615
3452 5156
3452 5159
3452 53832
3452 53833
3452 5618
3452 58985
3452 64109
3452 9180
3452 9466
3456 116379
3456 1271
3456 1438
3456 1439
3456 1441
3456 149233
3456 163702
3456 1956
3456 2057
3456 2690
3456 3454
3456 3455
3456 3459
3456 3460
3456 3559
3456 3560
3456 3561
3456 3563
3456 3566
3456 3568
3456 3570
3456 3572
3456 3575
3456 3581
3456 3587
3456 3588
3456 3590
3456 3594
3456 3595
3456 3597
3456 3598
3456 3601
3456 3953
3456 3977
3456 4352
3456 50615
3456 5156
3456 5159
3456 53832
3456 53833
3456 5618
3456 58985
3456 64109
3456 9180
3456 9466
3458 116379
3458 1271
3458 1438
3458 1439
3458 1441
3458 149233
3458 163702
3458 1956
3458 2057
3458 2690
3458 3454
3458 3455
3458 3459
3458 3460
3458 3559
3458 3560
3458 3561
3458 3563
3458 3566
3458 3568
3458 3570
3458 3572
3458 3575
3458 3581
3458 3587
3458 3588
3458 3590
3458 3594
3458 3595
3458 3597
3458 3598
3458 3601
3458 3953
3458 3977
3458 4352
3458 50615
3458 5156
3458 5159
3458 53832
3458 53833
3458 5618
3458 58985
3458 64109
3458 9180
3458 9466
3467 116379
3467 1271
3467 1438
3467 1439
3467 1441
3467 149233
3467 163702
3467 1956
3467 2057
3467 2690
3467 3454
3467 3455
3467 3459
3467 3460
3467 3559
3467 3560
3467 3561
3467 3563
3467 3566
3467 3568
3467 3570
3467 3572
3467 3575
3467 3581
3467 3587
3467 3588
3467 3590
3467 3594
3467 3595
3467 3597
3467 3598
3467 3601
3467 3953
3467 3977
3467 4352
3467 50615
3467 5156
3467 5159
3467 53832
3467 53833
3467 5618
3467 58985
3467 64109
3467 9180
3467 9466
3558 116379
3558 1271
3558 1438
3558 1439
3558 1441
3558 149233
3558 163702
3558 1956
3558 2057
3558 2690
3558 3454
3558 3455
3558 3459
3558 3460
3558 3559
3558 3560
3558 3561
3558 3563
3558 3566
3558 3568
3558 3570
3558 3572
3558 3575
3558 3581
3558 3587
3558 3588
3558 3590
3558 3594
3558 3595
3558 3597
3558 3598
3558 3601
3558 3953
3558 3977
3558 4352
3558 50615
3558 5156
3558 5159
3558 53832
3558 53833
3558 5618
3558 58985
3558 64109
3558 9180
3558 9466
3562 116379
3562 1271
3562 1438
3562 1439
3562 1441
3562 149233
3562 163702
3562 1956
3562 2057
3562 2690
3562 3454
3562 3455
3562 3459
3562 3460
3562 3559
3562 3560
3562 3561
3562 3563
3562 3566
3562 3568
3562 3570
3562 3572
3562 3575
3562 3581
3562 3587
3562 3588
3562 3590
3562 3594
3562 3595
3562 3597
3562 3598
3562 3601
3562 3953
3562 3977
3562 4352
3562 50615
3562 5156
3562 5159
3562 53832
3562 53833
3562 5618
3562 58985
3562 64109
3562 9180
3562 9466
3565 116379
3565 1271
3565 1438
3565 1439
3565 1441
3565 149233
3565 163702
3565 1956
3565 2057
3565 2690
3565 3454
3565 3455
3565 3459
3565 3460
3565 3559
3565 3560
3565 3561
3565 3563
3565 3566
3565 3568
3565 3570
3565 3572
3565 3575
3565 3581
3565 3587
3565 3588
3565 3590
3565 3594
3565 3595
3565 3597
3565 3598
3565 3601
3565 3953
3565 3977
3565 4352
3565 50615
3565 5156
3565 5159
3565 53832
3565 53833
3565 5618
3565 58985
3565 64109
3565 9180
3565 9466
3567 116379
3567 1271
3567 1438
3567 1439
3567 1441
3567 149233
3567 163702
3567 1956
3567 2057
3567 2690
3567 3454
3567 3455
3567 3459
3567 3460
3567 3559
3567 3560
3567 3561
3567 3563
3567 3566
3567 3568
3567 3570
3567 3572
3567 3575
3567 3581
3567 3587
3567 3588
3567 3590
3567 3594
3567 3595
3567 3597
3567 3598
3567 3601
3567 3953
3567 3977
3567 4352
3567 50615
3567 5156
3567 5159
3567 53832
3567 53833
3567 5618
3567 58985
3567 64109
3567 9180
3567 9466
3569 116379
3569 1271
3569 1438
3569 1439
3569 1441
3569 149233
3569 163702
3569 1956
3569 2057
3569 2690
3569 3454
3569 3455
3569 3459
3569 3460
3569 3559
3569 3560
3569 3561
3569 3563
3569 3566
3569 3568
3569 3570
3569 3572
3569 3575
3569 3581
3569 3587
3569 3588
3569 3590
3569 3594
3569 3595
3569 3597
3569 3598
3569 3601
3569 3953
3569 3977
3569 4352
3569 50615
3569 5156
3569 5159
3569 53832
3569 53833
3569 5618
3569 58985
3569 64109
3569 9180
3569 9466
3574 116379
3574 1271
3574 1438
3574 1439
3574 1441
3574 149233
3574 163702
3574 1956
3574 2057
3574 2690
3574 3454
3574 3455
3574 3459
3574 3460
3574 3559
3574 3560
3574 3561
3574 3563
3574 3566
3574 3568
3574 3570
3574 3572
3574 3575
3574 3581
3574 3587
3574 3588
3574 3590
3574 3594
3574 3595
3574 3597
3574 3598
3574 3601
3574 3953
3574 3977
3574 4352
3574 50615
3574 5156
3574 5159
3574 53832
3574 53833
3574 5618
3574 58985
3574 64109
3574 9180
3574 9466
3578 116379
3578 1271
3578 1438
3578 1439
3578 1441
3578 149233
3578 163702
3578 1956
3578 2057
3578 2690
3578 3454
3578 3455
3578 3459
3578 3460
3578 3559
3578 3560
3578 3561
3578 3563
3578 3566
3578 3568
3578 3570
3578 3572
3578 3575
3578 3581
3578 3587
3578 3588
3578 3590
3578 3594
3578 3595
3578 3597
3578 3598
3578 3601
3578 3953
3578 3977
3578 4352
3578 50615
3578 5156
3578 5159
3578 53832
3578 53833
3578 5618
3578 58985
3578 64109
3578 9180
3578 9466
3586 116379
3586 1271
3586 1438
3586 1439
3586 1441
3586 149233
3586 163702
3586 1956
3586 2057
3586 2690
3586 3454
3586 3455
3586 3459
3586 3460
3586 3559
3586 3560
3586 3561
3586 3563
3586 3566
3586 3568
3586 3570
3586 3572
3586 3575
3586 3581
3586 3587
3586 3588
3586 3590
3586 3594
3586 3595
3586 3597
3586 3598
3586 3601
3586 3953
3586 3977
3586 4352
3586 50615
3586 5156
3586 5159
3586 53832
3586 53833
3586 5618
3586 58985
3586 64109
3586 9180
3586 9466
3589 116379
3589 1271
3589 1438
3589 1439
3589 1441
3589 149233
3589 163702
3589 1956
3589 2057
3589 2690
3589 3454
3589 3455
3589 3459
3589 3460
3589 3559
3589 3560
3589 3561
3589 3563
3589 3566
3589 3568
3589 3570
3589 3572
3589 3575
3589 3581
3589 3587
3589 3588
3589 3590
3589 3594
3589 3595
3589 3597
3589 3598
3589 3601
3589 3953
3589 3977
3589 4352
3589 50615
3589 5156
3589 5159
3589 53832
3589 53833
3589 5618
3589 58985
3589 64109
3589 9180
3589 9466
3592 116379
3592 1271
3592 1438
3592 1439
3592 1441
3592 149233
3592 163702
3592 1956
3592 2057
3592 2690
3592 3454
3592 3455
3592 3459
3592 3460
3592 3559
3592 3560
3592 3561
3592 3563
3592 3566
3592 3568
3592 3570
3592 3572
3592 3575
3592 3581
3592 3587
3592 3588
3592 3590
3592 3594
3592 3595
3592 3597
3592 3598
3592 3601
3592 3953
3592 3977
3592 4352
3592 50615
3592 5156
3592 5159
3592 53832
3592 53833
3592 5618
3592 58985
3592 64109
3592 9180
3592 9466
3593 116379
3593 1271
3593 1438
3593 1439
3593 1441
3593 149233
3593 163702
3593 1956
3593 2057
3593 2690
3593 3454
3593 3455
3593 3459
3593 3460
3593 3559
3593 3560
3593 3561
3593 3563
3593 3566
3593 3568
3593 3570
3593 3572
3593 3575
3593 3581
3593 3587
3593 3588
3593 3590
3593 3594
3593 3595
3593 3597
3593 3598
3593 3601
3593 3953
3593 3977
3593 4352
3593 50615
3593 5156
3593 5159
3593 53832
3593 53833
3593 5618
3593 58985
3593 64109
3593 9180
3593 9466
3596 116379
3596 1271
3596 1438
3596 1439
3596 1441
3596 149233
3596 163702
3596 1956
3596 2057
3596 2690
3596 3454
3596 3455
3596 3459
3596 3460
3596 3559
3596 3560
3596 3561
3596 3563
3596 3566
3596 3568
3596 3570
3596 3572
3596 3575
3596 3581
3596 3587
3596 3588
3596 3590
3596 3594
3596 3595
3596 3597
3596 3598
3596 3601
3596 3953
3596 3977
3596 4352
3596 50615
3596 5156
3596 5159
3596 53832
3596 53833
3596 5618
3596 58985
3596 64109
3596 9180
3596 9466
3600 116379
3600 1271
3600 1438
3600 1439
3600 1441
3600 149233
3600 163702
3600 1956
3600 2057
3600 2690
3600 3454
3600 3455
3600 3459
3600 3460
3600 3559
3600 3560
3600 3561
3600 3563
3600 3566
3600 3568
3600 3570
3600 3572
3600 3575
3600 3581
3600 3587
3600 3588
3600 3590
3600 3594
3600 3595
3600 3597
3600 3598
3600 3601
3600 3953
3600 3977
3600 4352
3600 50615
3600 5156
3600 5159
3600 53832
3600 53833
3600 5618
3600 58985
3600 64109
3600 9180
3600 9466
3976 116379
3976 1271
3976 1438
3976 1439
3976 1441
3976 149233
3976 163702
3976 1956
3976 2057
3976 2690
3976 3454
3976 3455
3976 3459
3976 3460
3976 3559
3976 3560
3976 3561
3976 3563
3976 3566
3976 3568
3976 3570
3976 3572
3976 3575
3976 3581
3976 3587
3976 3588
3976 3590
3976 3594
3976 3595
3976 3597
3976 3598
3976 3601
3976 3953
3976 3977
3976 4352
3976 50615
3976 5156
3976 5159
3976 53832
3976 53833
3976 5618
3976 58985
3976 64109
3976 9180
3976 9466
5008 116379
5008 1271
5008 1438
5008 1439
5008 1441
5008 149233
5008 163702
5008 1956
5008 2057
5008 2690
5008 3454
5008 3455
5008 3459
5008 3460
5008 3559
5008 3560
5008 3561
5008 3563
5008 3566
5008 3568
5008 3570
5008 3572
5008 3575
5008 3581
5008 3587
5008 3588
5008 3590
5008 3594
5008 3595
5008 3597
5008 3598
5008 3601
5008 3953
5008 3977
5008 4352
5008 50615
5008 5156
5008 5159
5008 53832
5008 53833
5008 5618
5008 58985
5008 64109
5008 9180
5008 9466
50604 116379
50604 1271
50604 1438
50604 1439
50604 1441
50604 149233
50604 163702
50604 1956
50604 2057
50604 2690
50604 3454
50604 3455
50604 3459
50604 3460
50604 3559
50604 3560
50604 3561
50604 3563
50604 3566
50604 3568
50604 3570
50604 3572
50604 3575
50604 3581
50604 3587
50604 3588
50604 3590
50604 3594
50604 3595
50604 3597
50604 3598
50604 3601
50604 3953
50604 3977
50604 4352
50604 50615
50604 5156
50604 5159
50604 53832
50604 53833
50604 5618
50604 58985
50604 64109
50604 9180
50604 9466
50616 116379
50616 1271
50616 1438
50616 1439
50616 1441
50616 149233
50616 163702
50616 1956
50616 2057
50616 2690
50616 3454
50616 3455
50616 3459
50616 3460
50616 3559
50616 3560
50616 3561
50616 3563
50616 3566
50616 3568
50616 3570
50616 3572
50616 3575
50616 3581
50616 3587
50616 3588
50616 3590
50616 3594
50616 3595
50616 3597
50616 3598
50616 3601
50616 3953
50616 3977
50616 4352
50616 50615
50616 5156
50616 5159
50616 53832
50616 53833
50616 5618
50616 58985
50616 64109
50616 9180
50616 9466
51561 116379
51561 1271
51561 1438
51561 1439
51561 1441
51561 149233
51561 163702
51561 1956
51561 2057
51561 2690
51561 3454
51561 3455
51561 3459
51561 3460
51561 3559
51561 3560
51561 3561
51561 3563
51561 3566
51561 3568
51561 3570
51561 3572
51561 3575
51561 3581
51561 3587
51561 3588
51561 3590
51561 3594
51561 3595
51561 3597
51561 3598
51561 3601
51561 3953
51561 3977
51561 4352
51561 50615
51561 5156
51561 5159
51561 53832
51561 53833
51561 5618
51561 58985
51561 64109
51561 9180
51561 9466
53342 116379
53342 1271
53342 1438
53342 1439
53342 1441
53342 149233
53342 163702
53342 1956
53342 2057
53342 2690
53342 3454
53342 3455
53342 3459
53342 3460
53342 3559
53342 3560
53342 3561
53342 3563
53342 3566
53342 3568
53342 3570
53342 3572
53342 3575
53342 3581
53342 3587
53342 3588
53342 3590
53342 3594
53342 3595
53342 3597
53342 3598
53342 3601
53342 3953
53342 3977
53342 4352
53342 50615
53342 5156
53342 5159
53342 53832
53342 53833
53342 5618
53342 58985
53342 64109
53342 9180
53342 9466
56832 116379
56832 1271
56832 1438
56832 1439
56832 1441
56832 149233
56832 163702
56832 1956
56832 2057
56832 2690
56832 3454
56832 3455
56832 3459
56832 3460
56832 3559
56832 3560
56832 3561
56832 3563
56832 3566
56832 3568
56832 3570
56832 3572
56832 3575
56832 3581
56832 3587
56832 3588
56832 3590
56832 3594
56832 3595
56832 3597
56832 3598
56832 3601
56832 3953
56832 3977
56832 4352
56832 50615
56832 5156
56832 5159
56832 53832
56832 53833
56832 5618
56832 58985
56832 64109
56832 9180
56832 9466
59067 116379
59067 1271
59067 1438
59067 1439
59067 1441
59067 149233
59067 163702
59067 1956
59067 2057
59067 2690
59067 3454
59067 3455
59067 3459
59067 3460
59067 3559
59067 3560
59067 3561
59067 3563
59067 3566
59067 3568
59067 3570
59067 3572
59067 3575
59067 3581
59067 3587
59067 3588
59067 3590
59067 3594
59067 3595
59067 3597
59067 3598
59067 3601
59067 3953
59067 3977
59067 4352
59067 50615
59067 5156
59067 5159
59067 53832
59067 53833
59067 5618
59067 58985
59067 64109
59067 9180
59067 9466
85480 116379
85480 1271
85480 1438
85480 1439
85480 1441
85480 149233
85480 163702
85480 1956
85480 2057
85480 2690
85480 3454
85480 3455
85480 3459
85480 3460
85480 3559
85480 3560
85480 3561
85480 3563
85480 3566
85480 3568
85480 3570
85480 3572
85480 3575
85480 3581
85480 3587
85480 3588
85480 3590
85480 3594
85480 3595
85480 3597
85480 3598
85480 3601
85480 3953
85480 3977
85480 4352
85480 50615
85480 5156
85480 5159
85480 53832
85480 53833
85480 5618
85480 58985
85480 64109
85480 9180
85480 9466
1270 116379
1270 1271
1270 1438
1270 1439
1270 1441
1270 149233
1270 163702
1270 1956
1270 2057
1270 2690
1270 3454
1270 3455
1270 3459
1270 3460
1270 3559
1270 3560
1270 3561
1270 3563
1270 3566
1270 3568
1270 3570
1270 3572
1270 3575
1270 3581
1270 3587
1270 3588
1270 3590
1270 3594
1270 3595
1270 3597
1270 3598
1270 3601
1270 3953
1270 3977
1270 4352
1270 50615
1270 5156
1270 5159
1270 53832
1270 53833
1270 5618
1270 58985
1270 64109
1270 9180
1270 9466
1440 116379
1440 1271
1440 1438
1440 1439
1440 1441
1440 149233
1440 163702
1440 1956
1440 2057
1440 2690
1440 3454
1440 3455
1440 3459
1440 3460
1440 3559
1440 3560
1440 3561
1440 3563
1440 3566
1440 3568
1440 3570
1440 3572
1440 3575
1440 3581
1440 3587
1440 3588
1440 3590
1440 3594
1440 3595
1440 3597
1440 3598
1440 3601
1440 3953
1440 3977
1440 4352
1440 50615
1440 5156
1440 5159
1440 53832
1440 53833
1440 5618
1440 58985
1440 64109
1440 9180
1440 9466
1442 116379
1442 1271
1442 1438
1442 1439
1442 1441
1442 149233
1442 163702
1442 1956
1442 2057
1442 2690
1442 3454
1442 3455
1442 3459
1442 3460
1442 3559
1442 3560
1442 3561
1442 3563
1442 3566
1442 3568
1442 3570
1442 3572
1442 3575
1442 3581
1442 3587
1442 3588
1442 3590
1442 3594
1442 3595
1442 3597
1442 3598
1442 3601
1442 3953
1442 3977
1442 4352
1442 50615
1442 5156
1442 5159
1442 53832
1442 53833
1442 5618
1442 58985
1442 64109
1442 9180
1442 9466
1443 116379
1443 1271
1443 1438
1443 1439
1443 1441
1443 149233
1443 163702
1443 1956
1443 2057
1443 2690
1443 3454
1443 3455
1443 3459
1443 3460
1443 3559
1443 3560
1443 3561
1443 3563
1443 3566
1443 3568
1443 3570
1443 3572
1443 3575
1443 3581
1443 3587
1443 3588
1443 3590
1443 3594
1443 3595
1443 3597
1443 3598
1443 3601
1443 3953
1443 3977
1443 4352
1443 50615
1443 5156
1443 5159
1443 53832
1443 53833
1443 5618
1443 58985
1443 64109
1443 9180
1443 9466
2056 116379
2056 1271
2056 1438
2056 1439
2056 1441
2056 149233
2056 163702
2056 1956
2056 2057
2056 2690
2056 3454
2056 3455
2056 3459
2056 3460
2056 3559
2056 3560
2056 3561
2056 3563
2056 3566
2056 3568
2056 3570
2056 3572
2056 3575
2056 3581
2056 3587
2056 3588
2056 3590
2056 3594
2056 3595
2056 3597
2056 3598
2056 3601
2056 3953
2056 3977
2056 4352
2056 50615
2056 5156
2056 5159
2056 53832
2056 53833
2056 5618
2056 58985
2056 64109
2056 9180
2056 9466
2688 116379
2688 1271
2688 1438
2688 1439
2688 1441
2688 149233
2688 163702
2688 1956
2688 2057
2688 2690
2688 3454
2688 3455
2688 3459
2688 3460
2688 3559
2688 3560
2688 3561
2688 3563
2688 3566
2688 3568
2688 3570
2688 3572
2688 3575
2688 3581
2688 3587
2688 3588
2688 3590
2688 3594
2688 3595
2688 3597
2688 3598
2688 3601
2688 3953
2688 3977
2688 4352
2688 50615
2688 5156
2688 5159
2688 53832
2688 53833
2688 5618
2688 58985
2688 64109
2688 9180
2688 9466
2689 116379
2689 1271
2689 1438
2689 1439
2689 1441
2689 149233
2689 163702
2689 1956
2689 2057
2689 2690
2689 3454
2689 3455
2689 3459
2689 3460
2689 3559
2689 3560
2689 3561
2689 3563
2689 3566
2689 3568
2689 3570
2689 3572
2689 3575
2689 3581
2689 3587
2689 3588
2689 3590
2689 3594
2689 3595
2689 3597
2689 3598
2689 3601
2689 3953
2689 3977
2689 4352
2689 50615
2689 5156
2689 5159
2689 53832
2689 53833
2689 5618
2689 58985
2689 64109
2689 9180
2689 9466
3952 116379
3952 1271
3952 1438
3952 1439
3952 1441
3952 149233
3952 163702
3952 1956
3952 2057
3952 2690
3952 3454
3952 3455
3952 3459
3952 3460
3952 3559
3952 3560
3952 3561
3952 3563
3952 3566
3952 3568
3952 3570
3952 3572
3952 3575
3952 3581
3952 3587
3952 3588
3952 3590
3952 3594
3952 3595
3952 3597
3952 3598
3952 3601
3952 3953
3952 3977
3952 4352
3952 50615
3952 5156
3952 5159
3952 53832
3952 53833
3952 5618
3952 58985
3952 64109
3952 9180
3952 9466
5617 116379
5617 1271
5617 1438
5617 1439
5617 1441
5617 149233
5617 163702
5617 1956
5617 2057
5617 2690
5617 3454
5617 3455
5617 3459
5617 3460
5617 3559
5617 3560
5617 3561
5617 3563
5617 3566
5617 3568
5617 3570
5617 3572
5617 3575
5617 3581
5617 3587
5617 3588
5617 3590
5617 3594
5617 3595
5617 3597
5617 3598
5617 3601
5617 3953
5617 3977
5617 4352
5617 50615
5617 5156
5617 5159
5617 53832
5617 53833
5617 5618
5617 58985
5617 64109
5617 9180
5617 9466
7066 116379
7066 1271
7066 1438
7066 1439
7066 1441
7066 149233
7066 163702
7066 1956
7066 2057
7066 2690
7066 3454
7066 3455
7066 3459
7066 3460
7066 3559
7066 3560
7066 3561
7066 3563
7066 3566
7066 3568
7066 3570
7066 3572
7066 3575
7066 3581
7066 3587
7066 3588
7066 3590
7066 3594
7066 3595
7066 3597
7066 3598
7066 3601
7066 3953
7066 3977
7066 4352
7066 50615
7066 5156
7066 5159
7066 53832
7066 53833
7066 5618
7066 58985
7066 64109
7066 9180
7066 9466
1950 116379
1950 1271
1950 1438
1950 1439
1950 1441
1950 149233
1950 163702
1950 1956
1950 2057
1950 2690
1950 3454
1950 3455
1950 3459
1950 3460
1950 3559
1950 3560
1950 3561
1950 3563
1950 3566
1950 3568
1950 3570
1950 3572
1950 3575
1950 3581
1950 3587
1950 3588
1950 3590
1950 3594
1950 3595
1950 3597
1950 3598
1950 3601
1950 3953
1950 3977
1950 4352
1950 50615
1950 5156
1950 5159
1950 53832
1950 53833
1950 5618
1950 58985
1950 64109
1950 9180
1950 9466
5154 116379
5154 1271
5154 1438
5154 1439
5154 1441
5154 149233
5154 163702
5154 1956
5154 2057
5154 2690
5154 3454
5154 3455
5154 3459
5154 3460
5154 3559
5154 3560
5154 3561
5154 3563
5154 3566
5154 3568
5154 3570
5154 3572
5154 3575
5154 3581
5154 3587
5154 3588
5154 3590
5154 3594
5154 3595
5154 3597
5154 3598
5154 3601
5154 3953
5154 3977
5154 4352
5154 50615
5154 5156
5154 5159
5154 53832
5154 53833
5154 5618
5154 58985
5154 64109
5154 9180
5154 9466
5155 116379
5155 1271
5155 1438
5155 1439
5155 1441
5155 149233
5155 163702
5155 1956
5155 2057
5155 2690
5155 3454
5155 3455
5155 3459
5155 3460
5155 3559
5155 3560
5155 3561
5155 3563
5155 3566
5155 3568
5155 3570
5155 3572
5155 3575
5155 3581
5155 3587
5155 3588
5155 3590
5155 3594
5155 3595
5155 3597
5155 3598
5155 3601
5155 3953
5155 3977
5155 4352
5155 50615
5155 5156
5155 5159
5155 53832
5155 53833
5155 5618
5155 58985
5155 64109
5155 9180
5155 9466
