2778 111
2778 112
5566 1385
5566 3778
5567 1385
5567 3778
5568 1385
5568 3778
153 2778
154 2778
155 2778
2770 111
2770 112
2771 111
2771 112
2773 111
2773 112
134 2770
134 2771
134 2773
185 2776
2776 23236
2776 5330
2776 5331
2776 5332
1385 5972
5732 2778
5734 2778
1909 2776
1909 3759
163688 5530
163688 5532
163688 5533
163688 5534
163688 5535
51806 5530
51806 5532
51806 5533
51806 5534
51806 5535
801 5530
801 5532
801 5533
801 5534
801 5535
805 5530
805 5532
805 5533
805 5534
805 5535
808 5530
808 5532
808 5533
808 5534
808 5535
810 5530
810 5532
810 5533
810 5534
810 5535
91860 5530
91860 5532
91860 5533
91860 5534
91860 5535
358 5732
358 5734
117 2778
116 117
