55577 5973
55577 51005
55577 64841
55577 5238
5238 6675
5238 91373
6675 10020
91373 10020
10020 80896
10020 10020
10020 54187
54187 10020
54187 140838
54187 55907
140838 55907
10007 3098
10007 3099
10007 3101
10007 80201
10007 2821
10007 4351
132789 3098
132789 3099
132789 3101
132789 80201
132789 2821
132789 4351
51005 5238
51005 3098
51005 3099
51005 3101
51005 80201
51005 10007
51005 132789
51005 2673
51005 9945
2673 3098
2673 3099
2673 3101
2673 80201
2673 2821
2673 4351
9945 3098
9945 3099
9945 3101
9945 80201
9945 2821
9945 4351
64841 5238
64841 3098
64841 3099
64841 3101
64841 80201
64841 10007
64841 132789
64841 2673
64841 9945
5973 10020
5973 80896
5973 54187
3073 55577
3073 5973
3074 55577
3074 5973
1118 3073
1118 3074
1118 55577
1118 5973
27159 3073
27159 3074
27159 55577
27159 5973
80896 10020
80896 54187
3098 10007
3098 132789
3098 2673
3098 9945
3098 2821
3098 4351
3098 5236
3098 55276
3098 5372
3098 5373
3099 10007
3099 132789
3099 2673
3099 9945
3099 2821
3099 4351
3099 5236
3099 55276
3099 5372
3099 5373
3101 10007
3101 132789
3101 2673
3101 9945
3101 2821
3101 4351
3101 5236
3101 55276
3101 5372
3101 5373
80201 10007
80201 132789
80201 2673
80201 9945
80201 2821
80201 4351
80201 5236
80201 55276
80201 5372
80201 5373
2592 2584
2582 2592
7358 7360
7358 2582
80146 7358
4351 3098
4351 3099
4351 3101
4351 80201
4351 5372
4351 5373
5372 29925
5372 29926
5373 29925
5373 29926
5236 7360
55276 7360
29925 2762
29926 2762
8790 7264
197258 8790
2762 7264
2821 4351
2821 3098
2821 3099
2821 3101
2821 80201
2821 2645
2821 5236
2821 55276
7360 2582
2645 5236
2645 55276
