1499 51176
1499 6932
1499 6934
1499 83439
3265 369
3265 5894
3265 673
3845 369
3845 5894
3845 673
4893 369
4893 5894
4893 673
10297 1499
324 1499
8312 1499
8313 1499
2932 1499
3611 10000
3611 207
3611 208
51176 4609
51176 595
6932 4609
6932 595
6934 4609
6934 595
83439 4609
83439 595
5170 10000
5170 207
5170 208
6654 3265
6654 3845
6654 4893
6655 3265
6655 3845
6655 4893
2885 6654
2885 6655
1956 5290
1956 5291
1956 5293
1956 5295
1956 5296
1956 8503
1956 2885
10000 842
10000 572
10000 2309
207 842
207 572
207 2309
208 842
208 572
208 2309
5290 5170
5290 3611
5291 5170
5291 3611
5293 5170
5293 3611
5295 5170
5295 3611
5296 5170
5296 3611
8503 5170
8503 3611
1950 1956
5594 2002
5595 2002
5604 5594
5604 5595
5605 5594
5605 5595
369 5604
369 5605
5894 5604
5894 5605
673 5604
673 5605
7157 1026
7157 10912
7157 1647
7157 4616
7157 581
7157 578
7157 1643
7157 51426
