5604 5594
5604 5595
5605 5594
5605 5595
5894 5604
5894 5605
22800 5900
22800 5337
22800 5338
22808 5900
3265 5900
3845 5900
4893 5900
6237 5900
6237 5337
6237 5338
2885 6654
2885 6655
6654 22800
6654 22808
6654 3265
6654 3845
6654 4893
6654 6237
6655 22800
6655 22808
6655 3265
6655 3845
6655 4893
6655 6237
10000 7248
10000 7249
207 7248
207 7249
208 7248
208 7249
25759 6654
25759 6655
399694 6654
399694 6655
53358 6654
53358 6655
6464 6654
6464 6655
4254 1956
4254 3643
4254 3815
4254 5156
4254 5159
1956 2885
1956 25759
1956 399694
1956 53358
1956 6464
1956 2549
1956 9846
1956 5781
1956 5290
1956 5291
1956 5293
1956 5295
1956 5296
1956 8503
3643 2885
3643 25759
3643 399694
3643 53358
3643 6464
3643 2549
3643 9846
3643 5781
3643 5290
3643 5291
3643 5293
3643 5295
3643 5296
3643 8503
3815 2885
3815 25759
3815 399694
3815 53358
3815 6464
3815 2549
3815 9846
3815 5781
3815 5290
3815 5291
3815 5293
3815 5295
3815 5296
3815 8503
5156 2885
5156 25759
5156 399694
5156 53358
5156 6464
5156 2549
5156 9846
5156 5781
5156 5290
5156 5291
5156 5293
5156 5295
5156 5296
5156 8503
5159 2885
5159 25759
5159 399694
5159 53358
5159 6464
5159 2549
5159 9846
5159 5781
5159 5290
5159 5291
5159 5293
5159 5295
5159 5296
5159 8503
2549 6654
2549 6655
9846 6654
9846 6655
9846 5290
9846 5291
9846 5293
9846 5295
9846 5296
9846 8503
5781 6654
5781 6655
5900 5898
5900 5899
5898 5337
5898 5338
5899 5337
5899 5338
387 5337
387 5338
10161 23236
10161 5330
10161 5331
10161 5332
10161 2768
10161 10672
10161 2778
185 23236
185 5330
185 5331
185 5332
185 2768
185 10672
185 2778
1902 23236
1902 5330
1902 5331
1902 5332
1902 2768
1902 10672
1902 2778
2149 23236
2149 5330
2149 5331
2149 5332
2149 2768
2149 10672
2149 2778
23566 23236
23566 5330
23566 5331
23566 5332
23566 2768
23566 10672
23566 2778
2846 23236
2846 5330
2846 5331
2846 5332
2846 2768
2846 10672
2846 2778
2911 23236
2911 5330
2911 5331
2911 5332
2911 2768
2911 10672
2911 2778
2912 23236
2912 5330
2912 5331
2912 5332
2912 2768
2912 10672
2912 2778
2913 23236
2913 5330
2913 5331
2913 5332
2913 2768
2913 10672
2913 2778
2914 23236
2914 5330
2914 5331
2914 5332
2914 2768
2914 10672
2914 2778
2915 23236
2915 5330
2915 5331
2915 5332
2915 2768
2915 10672
2915 2778
2916 23236
2916 5330
2916 5331
2916 5332
2916 2768
2916 10672
2916 2778
2917 23236
2917 5330
2917 5331
2917 5332
2917 2768
2917 10672
2917 2778
2918 23236
2918 5330
2918 5331
2918 5332
2918 2768
2918 10672
2918 2778
3577 23236
3577 5330
3577 5331
3577 5332
3577 2768
3577 10672
3577 2778
3579 23236
3579 5330
3579 5331
3579 5332
3579 2768
3579 10672
3579 2778
552 23236
552 5330
552 5331
552 5332
552 2768
552 10672
552 2778
553 23236
553 5330
553 5331
553 5332
553 2768
553 10672
553 2778
554 23236
554 5330
554 5331
554 5332
554 2768
554 10672
554 2778
57121 23236
57121 5330
57121 5331
57121 5332
57121 2768
57121 10672
57121 2778
5737 23236
5737 5330
5737 5331
5737 5332
5737 2768
5737 10672
5737 2778
9170 23236
9170 5330
9170 5331
9170 5332
9170 2768
9170 10672
9170 2778
10411 22800
10411 6237
11069 22800
11069 6237
5578 5337
5578 5338
7248 6009
7249 6009
6009 2475
10672 146850
10672 23533
10672 5294
27128 375
9265 375
9266 375
9267 375
375 5337
375 5338
2778 107
2778 108
2778 109
2778 111
2778 112
2778 113
2778 114
2778 115
2778 196883
2185 387
2768 2185
5154 1956
5154 3643
5154 3815
5154 5156
5154 5159
5155 1956
5155 3643
5155 3815
5155 5156
5155 5159
56034 1956
56034 3643
56034 3815
56034 5156
56034 5159
80310 1956
80310 3643
80310 3815
80310 5156
80310 5159
3630 1956
3630 3643
3630 3815
3630 5156
3630 5159
1950 1956
1950 3643
1950 3815
1950 5156
1950 5159
3576 10161
3576 185
3576 1902
3576 2149
3576 23566
3576 2846
3576 2911
3576 2912
3576 2913
3576 2914
3576 2915
3576 2916
3576 2917
3576 2918
3576 3577
3576 3579
3576 552
3576 553
3576 554
3576 57121
3576 5737
3576 9170
102723407 2205
102723407 2206
102723407 2207
2534 9846
2205 2534
2205 6850
2206 2534
2206 6850
2207 2534
2207 6850
6850 9846
551 10161
551 185
551 1902
551 2149
551 23566
551 2846
551 2911
551 2912
551 2913
551 2914
551 2915
551 2916
551 2917
551 2918
551 3577
551 3579
551 552
551 553
551 554
551 57121
551 5737
551 9170
382 5337
382 5338
