2683 6487
2683 135152
2683 27087
2683 10690
2683 2526
8703 6487
8703 135152
8703 27087
8703 10690
8703 2526
8704 6487
8704 135152
8704 27087
8704 10690
8704 2526
10585 55624
10585 84892
29954 55624
29954 84892
55624 2683
55624 8703
55624 8704
55624 146664
135152 9486
27087 9486
146664 2683
146664 8703
146664 8704
84892 148789
148789 84197
84197 2218
120071 120071
120071 9215
9215 120071
9215 9215
11041 120071
11041 9215
729920 2218
2218 79147
79147 10329
10329 11041
