5923 22800
5923 22808
5923 3265
5923 3845
5923 4893
5923 6237
5924 22800
5924 22808
5924 3265
5924 3845
5924 4893
5924 6237
11221 5594
11221 5595
11221 5599
11221 5601
11221 5602
11221 1432
11221 5600
11221 5603
11221 6300
1843 5594
1843 5595
1844 5594
1844 5595
1844 5599
1844 5601
1844 5602
1844 1432
1844 5600
1844 5603
1844 6300
1846 5594
1846 5595
1846 5599
1846 5601
1846 5602
1846 1432
1846 5600
1846 5603
1846 6300
1847 5594
1847 5595
1847 5599
1847 5601
1847 5602
1847 1432
1847 5600
1847 5603
1847 6300
1848 5594
1848 5595
1849 5594
1849 5595
1849 5599
1849 5601
1849 5602
1849 1432
1849 5600
1849 5603
1849 6300
1850 5594
1850 5595
1850 5599
1850 5601
1850 5602
1850 1432
1850 5600
1850 5603
1850 6300
1852 5594
1852 5595
1852 5599
1852 5601
1852 5602
1852 1432
1852 5600
1852 5603
1852 6300
80824 5594
80824 5595
80824 5599
80824 5601
80824 5602
80824 1432
80824 5600
80824 5603
80824 6300
1845 5594
1845 5595
1845 5599
1845 5601
1845 5602
1845 1432
1845 5600
1845 5603
1845 6300
5778 5594
5778 5595
5778 5599
5778 5601
5778 5602
5778 1432
5778 5600
5778 5603
5778 6300
5801 5594
5801 5595
5801 5599
5801 5601
5801 5602
5801 1432
5801 5600
5801 5603
5801 6300
84867 5594
84867 5595
84867 5599
84867 5601
84867 5602
84867 1432
84867 5600
84867 5603
84867 6300
5495 6885
356 355
9448 4214
1147 4790
1147 4791
1147 5970
1147 5971
3551 4790
3551 4791
3551 5970
3551 5971
8517 4790
8517 4791
8517 5970
8517 5971
9020 4790
9020 4791
9020 5970
9020 5971
9020 1147
9020 3551
9020 8517
5594 8649
5594 4137
5594 3925
5594 100137049
5594 123745
5594 255189
5594 283748
5594 5321
5594 8605
5594 8681
5594 2872
5594 8569
5594 27330
5594 6195
5594 6196
5594 6197
5594 2002
5594 2005
5594 4609
5595 8649
5595 4137
5595 3925
5595 100137049
5595 123745
5595 255189
5595 283748
5595 5321
5595 8605
5595 8681
5595 2872
5595 8569
5595 27330
5595 6195
5595 6196
5595 6197
5595 2002
5595 2005
5595 4609
8649 5604
8649 5605
5605 5594
5605 5595
5604 5594
5604 5595
5894 5604
5894 5605
673 5604
673 5605
5921 22800
5921 22808
5921 3265
5921 3845
5921 4893
5921 6237
4763 22800
4763 22808
4763 3265
4763 3845
4763 4893
4763 6237
5578 22800
5578 22808
5578 3265
5578 3845
5578 4893
5578 6237
5578 5894
5579 22800
5579 22808
5579 3265
5579 3845
5579 4893
5579 6237
5579 5894
5582 22800
5582 22808
5582 3265
5582 3845
5582 4893
5582 6237
5582 5894
5906 673
5908 673
5566 5906
5566 5908
5567 5906
5567 5908
5568 5906
5568 5908
9693 22800
9693 22808
9693 3265
9693 3845
9693 4893
9693 6237
5922 22800
5922 22808
5922 3265
5922 3845
5922 4893
5922 6237
22800 673
22800 5894
22800 369
22808 673
22808 5894
22808 369
3265 673
3265 5894
3265 369
3845 673
3845 5894
3845 369
4893 673
4893 5894
4893 369
6237 673
6237 5894
6237 369
10125 22800
10125 22808
10125 3265
10125 3845
10125 4893
10125 6237
10235 22800
10235 22808
10235 3265
10235 3845
10235 4893
10235 6237
115727 22800
115727 22808
115727 3265
115727 3845
115727 4893
115727 6237
25780 22800
25780 22808
25780 3265
25780 3845
25780 4893
25780 6237
6654 2885
6654 22800
6654 22808
6654 3265
6654 3845
6654 4893
6654 6237
6655 2885
6655 22800
6655 22808
6655 3265
6655 3845
6655 4893
6655 6237
2768 5922
55970 5922
2885 1436
2885 1956
2885 1969
2885 2064
2885 2065
2885 2066
2885 2260
2885 2261
2885 2263
2885 2264
2885 2321
2885 2322
2885 2324
2885 3480
2885 3643
2885 3791
2885 3815
2885 4233
2885 4804
2885 4914
2885 4915
2885 5156
2885 5159
2885 7010
10368 5923
10368 5924
10368 10125
10368 10235
10368 115727
10368 25780
10369 5923
10369 5924
10369 10125
10369 10235
10369 115727
10369 25780
27091 5923
27091 5924
27091 10125
27091 10235
27091 115727
27091 25780
27092 5923
27092 5924
27092 10125
27092 10235
27092 115727
27092 25780
55799 5923
55799 5924
55799 10125
55799 10235
55799 115727
55799 25780
59283 5923
59283 5924
59283 10125
59283 10235
59283 115727
59283 25780
59284 5923
59284 5924
59284 10125
59284 10235
59284 115727
59284 25780
59285 5923
59285 5924
59285 10125
59285 10235
59285 115727
59285 25780
773 5923
773 5924
773 10125
773 10235
773 115727
773 25780
774 5923
774 5924
774 10125
774 10235
774 115727
774 25780
775 5923
775 5924
775 10125
775 10235
775 115727
775 25780
776 5923
776 5924
776 10125
776 10235
776 115727
776 25780
777 5923
777 5924
777 10125
777 10235
777 115727
777 25780
778 5923
778 5924
778 10125
778 10235
778 115727
778 25780
779 5923
779 5924
779 10125
779 10235
779 115727
779 25780
781 5923
781 5924
781 10125
781 10235
781 115727
781 25780
782 5923
782 5924
782 10125
782 10235
782 115727
782 25780
783 5923
783 5924
783 10125
783 10235
783 115727
783 25780
784 5923
784 5924
784 10125
784 10235
784 115727
784 25780
785 5923
785 5924
785 10125
785 10235
785 115727
785 25780
786 5923
786 5924
786 10125
786 10235
786 115727
786 25780
8911 5923
8911 5924
8911 10125
8911 10235
8911 115727
8911 25780
8912 5923
8912 5924
8912 10125
8912 10235
8912 115727
8912 25780
8913 5923
8913 5924
8913 10125
8913 10235
8913 115727
8913 25780
9254 5923
9254 5924
9254 10125
9254 10235
9254 115727
9254 25780
93589 5923
93589 5924
93589 10125
93589 10235
93589 115727
93589 25780
5598 3164
5607 5598
8986 468
9252 468
7867 3315
7867 468
9261 3315
9261 468
2005 2353
2002 2353
1432 1386
1432 2002
1432 7157
1432 2005
1432 1649
1432 4149
1432 4208
1432 8550
1432 7867
1432 9261
1432 8986
1432 9252
1432 994
5600 1386
5600 2002
5600 7157
5600 2005
5600 1649
5600 4149
5600 4208
5600 8550
5600 7867
5600 9261
5600 8986
5600 9252
5600 994
5603 1386
5603 2002
5603 7157
5603 2005
5603 1649
5603 4149
5603 4208
5603 8550
5603 7867
5603 9261
5603 8986
5603 9252
5603 994
6300 1386
6300 2002
6300 7157
6300 2005
6300 1649
6300 4149
6300 4208
6300 8550
6300 7867
6300 9261
6300 8986
6300 9252
6300 994
100506012 4217
5536 4217
5608 1432
5608 5600
5608 5603
5608 6300
5606 1432
5606 5600
5606 5603
5606 6300
5494 5606
5494 5608
5494 5609
5494 6416
10000 4217
10000 6416
207 4217
207 6416
208 4217
208 6416
51347 5606
51347 5608
57551 5606
57551 5608
9344 5606
9344 5608
4216 5606
4216 5608
6885 9020
6885 1147
6885 3551
6885 8517
6885 5606
6885 5608
6885 51701
4217 5606
4217 5608
9064 5606
9064 5608
51776 5609
7786 5609
9175 5609
51295 7189
23118 7189
23118 6885
10454 6885
10912 4216
1647 4216
4616 4216
7189 10454
1616 4217
7186 5871
7186 4217
7186 4214
7186 10454
836 6788
836 6789
836 5058
836 5062
836 4214
929 10454
7046 1616
7048 1616
355 1616
3554 4615
3556 4615
7132 8717
7040 7046
7040 7048
7042 7046
7042 7048
7043 7046
7043 7048
3552 3554
3552 3556
3553 3554
3553 3556
7124 7132
8550 3315
5879 4214
5879 5058
5879 5062
5880 4214
5880 5058
5880 5062
5881 4214
5881 5058
5881 5062
998 4214
998 5058
998 5062
5058 10746
5058 4215
5062 10746
5062 4215
23542 5599
23542 5601
23542 5602
23542 5609
23542 4296
23542 11184
9479 5599
9479 5601
9479 5602
9479 5609
9479 4296
9479 11184
4296 23162
4296 5609
5609 23162
5609 5599
5609 5601
5609 5602
5599 23162
5599 1398
5599 1399
5599 3725
5599 3727
5599 2002
5599 7157
5599 4772
5599 4775
5601 23162
5601 1398
5601 1399
5601 3725
5601 3727
5601 2002
5601 7157
5601 4772
5601 4775
5602 23162
5602 1398
5602 1399
5602 3725
5602 3727
5602 2002
5602 7157
5602 4772
5602 4775
6416 23162
6416 1398
6416 1399
6416 2316
6416 2317
6416 2318
6416 408
6416 409
6416 5599
6416 5601
6416 5602
2122 5599
2122 5601
2122 5602
3303 5599
3303 5601
3303 5602
3304 5599
3304 5601
3304 5602
3305 5599
3305 5601
3305 5602
3306 5599
3306 5601
3306 5602
3310 5599
3310 5601
3310 5602
3312 5599
3312 5601
3312 5602
5530 4772
5530 4775
5532 4772
5532 4775
5533 4772
5533 4775
5534 4772
5534 4775
5535 4772
5535 4775
23162 4214
4214 1147
4214 3551
4214 8517
4214 6416
4214 5604
4214 5605
1326 9020
1326 1147
1326 3551
1326 8517
1326 5604
1326 5605
11184 4296
8491 4214
6722 2002
6722 2005
6722 2353
27330 468
6195 468
6196 468
6197 468
2872 468
8569 468
1435 1436
1435 1956
1435 1969
1435 2064
1435 2065
1435 2066
1435 2260
1435 2261
1435 2263
1435 2264
1435 2321
1435 2322
1435 2324
1435 3480
1435 3643
1435 3791
1435 3815
1435 4233
1435 4804
1435 4914
1435 4915
1435 5156
1435 5159
1435 7010
1942 1436
1942 1956
1942 1969
1942 2064
1942 2065
1942 2066
1942 2260
1942 2261
1942 2263
1942 2264
1942 2321
1942 2322
1942 2324
1942 3480
1942 3643
1942 3791
1942 3815
1942 4233
1942 4804
1942 4914
1942 4915
1942 5156
1942 5159
1942 7010
1943 1436
1943 1956
1943 1969
1943 2064
1943 2065
1943 2066
1943 2260
1943 2261
1943 2263
1943 2264
1943 2321
1943 2322
1943 2324
1943 3480
1943 3643
1943 3791
1943 3815
1943 4233
1943 4804
1943 4914
1943 4915
1943 5156
1943 5159
1943 7010
1944 1436
1944 1956
1944 1969
1944 2064
1944 2065
1944 2066
1944 2260
1944 2261
1944 2263
1944 2264
1944 2321
1944 2322
1944 2324
1944 3480
1944 3643
1944 3791
1944 3815
1944 4233
1944 4804
1944 4914
1944 4915
1944 5156
1944 5159
1944 7010
1945 1436
1945 1956
1945 1969
1945 2064
1945 2065
1945 2066
1945 2260
1945 2261
1945 2263
1945 2264
1945 2321
1945 2322
1945 2324
1945 3480
1945 3643
1945 3791
1945 3815
1945 4233
1945 4804
1945 4914
1945 4915
1945 5156
1945 5159
1945 7010
1946 1436
1946 1956
1946 1969
1946 2064
1946 2065
1946 2066
1946 2260
1946 2261
1946 2263
1946 2264
1946 2321
1946 2322
1946 2324
1946 3480
1946 3643
1946 3791
1946 3815
1946 4233
1946 4804
1946 4914
1946 4915
1946 5156
1946 5159
1946 7010
1950 1436
1950 1956
1950 1969
1950 2064
1950 2065
1950 2066
1950 2260
1950 2261
1950 2263
1950 2264
1950 2321
1950 2322
1950 2324
1950 3480
1950 3643
1950 3791
1950 3815
1950 4233
1950 4804
1950 4914
1950 4915
1950 5156
1950 5159
1950 7010
2069 1436
2069 1956
2069 1969
2069 2064
2069 2065
2069 2066
2069 2260
2069 2261
2069 2263
2069 2264
2069 2321
2069 2322
2069 2324
2069 3480
2069 3643
2069 3791
2069 3815
2069 4233
2069 4804
2069 4914
2069 4915
2069 5156
2069 5159
2069 7010
2246 1436
2246 1956
2246 1969
2246 2064
2246 2065
2246 2066
2246 2260
2246 2261
2246 2263
2246 2264
2246 2321
2246 2322
2246 2324
2246 3480
2246 3643
2246 3791
2246 3815
2246 4233
2246 4804
2246 4914
2246 4915
2246 5156
2246 5159
2246 7010
2247 1436
2247 1956
2247 1969
2247 2064
2247 2065
2247 2066
2247 2260
2247 2261
2247 2263
2247 2264
2247 2321
2247 2322
2247 2324
2247 3480
2247 3643
2247 3791
2247 3815
2247 4233
2247 4804
2247 4914
2247 4915
2247 5156
2247 5159
2247 7010
2248 1436
2248 1956
2248 1969
2248 2064
2248 2065
2248 2066
2248 2260
2248 2261
2248 2263
2248 2264
2248 2321
2248 2322
2248 2324
2248 3480
2248 3643
2248 3791
2248 3815
2248 4233
2248 4804
2248 4914
2248 4915
2248 5156
2248 5159
2248 7010
2249 1436
2249 1956
2249 1969
2249 2064
2249 2065
2249 2066
2249 2260
2249 2261
2249 2263
2249 2264
2249 2321
2249 2322
2249 2324
2249 3480
2249 3643
2249 3791
2249 3815
2249 4233
2249 4804
2249 4914
2249 4915
2249 5156
2249 5159
2249 7010
2250 1436
2250 1956
2250 1969
2250 2064
2250 2065
2250 2066
2250 2260
2250 2261
2250 2263
2250 2264
2250 2321
2250 2322
2250 2324
2250 3480
2250 3643
2250 3791
2250 3815
2250 4233
2250 4804
2250 4914
2250 4915
2250 5156
2250 5159
2250 7010
2251 1436
2251 1956
2251 1969
2251 2064
2251 2065
2251 2066
2251 2260
2251 2261
2251 2263
2251 2264
2251 2321
2251 2322
2251 2324
2251 3480
2251 3643
2251 3791
2251 3815
2251 4233
2251 4804
2251 4914
2251 4915
2251 5156
2251 5159
2251 7010
2252 1436
2252 1956
2252 1969
2252 2064
2252 2065
2252 2066
2252 2260
2252 2261
2252 2263
2252 2264
2252 2321
2252 2322
2252 2324
2252 3480
2252 3643
2252 3791
2252 3815
2252 4233
2252 4804
2252 4914
2252 4915
2252 5156
2252 5159
2252 7010
2253 1436
2253 1956
2253 1969
2253 2064
2253 2065
2253 2066
2253 2260
2253 2261
2253 2263
2253 2264
2253 2321
2253 2322
2253 2324
2253 3480
2253 3643
2253 3791
2253 3815
2253 4233
2253 4804
2253 4914
2253 4915
2253 5156
2253 5159
2253 7010
2254 1436
2254 1956
2254 1969
2254 2064
2254 2065
2254 2066
2254 2260
2254 2261
2254 2263
2254 2264
2254 2321
2254 2322
2254 2324
2254 3480
2254 3643
2254 3791
2254 3815
2254 4233
2254 4804
2254 4914
2254 4915
2254 5156
2254 5159
2254 7010
2255 1436
2255 1956
2255 1969
2255 2064
2255 2065
2255 2066
2255 2260
2255 2261
2255 2263
2255 2264
2255 2321
2255 2322
2255 2324
2255 3480
2255 3643
2255 3791
2255 3815
2255 4233
2255 4804
2255 4914
2255 4915
2255 5156
2255 5159
2255 7010
2277 1436
2277 1956
2277 1969
2277 2064
2277 2065
2277 2066
2277 2260
2277 2261
2277 2263
2277 2264
2277 2321
2277 2322
2277 2324
2277 3480
2277 3643
2277 3791
2277 3815
2277 4233
2277 4804
2277 4914
2277 4915
2277 5156
2277 5159
2277 7010
2323 1436
2323 1956
2323 1969
2323 2064
2323 2065
2323 2066
2323 2260
2323 2261
2323 2263
2323 2264
2323 2321
2323 2322
2323 2324
2323 3480
2323 3643
2323 3791
2323 3815
2323 4233
2323 4804
2323 4914
2323 4915
2323 5156
2323 5159
2323 7010
26281 1436
26281 1956
26281 1969
26281 2064
26281 2065
26281 2066
26281 2260
26281 2261
26281 2263
26281 2264
26281 2321
26281 2322
26281 2324
26281 3480
26281 3643
26281 3791
26281 3815
26281 4233
26281 4804
26281 4914
26281 4915
26281 5156
26281 5159
26281 7010
26291 1436
26291 1956
26291 1969
26291 2064
26291 2065
26291 2066
26291 2260
26291 2261
26291 2263
26291 2264
26291 2321
26291 2322
26291 2324
26291 3480
26291 3643
26291 3791
26291 3815
26291 4233
26291 4804
26291 4914
26291 4915
26291 5156
26291 5159
26291 7010
27006 1436
27006 1956
27006 1969
27006 2064
27006 2065
27006 2066
27006 2260
27006 2261
27006 2263
27006 2264
27006 2321
27006 2322
27006 2324
27006 3480
27006 3643
27006 3791
27006 3815
27006 4233
27006 4804
27006 4914
27006 4915
27006 5156
27006 5159
27006 7010
284 1436
284 1956
284 1969
284 2064
284 2065
284 2066
284 2260
284 2261
284 2263
284 2264
284 2321
284 2322
284 2324
284 3480
284 3643
284 3791
284 3815
284 4233
284 4804
284 4914
284 4915
284 5156
284 5159
284 7010
285 1436
285 1956
285 1969
285 2064
285 2065
285 2066
285 2260
285 2261
285 2263
285 2264
285 2321
285 2322
285 2324
285 3480
285 3643
285 3791
285 3815
285 4233
285 4804
285 4914
285 4915
285 5156
285 5159
285 7010
3082 1436
3082 1956
3082 1969
3082 2064
3082 2065
3082 2066
3082 2260
3082 2261
3082 2263
3082 2264
3082 2321
3082 2322
3082 2324
3082 3480
3082 3643
3082 3791
3082 3815
3082 4233
3082 4804
3082 4914
3082 4915
3082 5156
3082 5159
3082 7010
3479 1436
3479 1956
3479 1969
3479 2064
3479 2065
3479 2066
3479 2260
3479 2261
3479 2263
3479 2264
3479 2321
3479 2322
3479 2324
3479 3480
3479 3643
3479 3791
3479 3815
3479 4233
3479 4804
3479 4914
3479 4915
3479 5156
3479 5159
3479 7010
3481 1436
3481 1956
3481 1969
3481 2064
3481 2065
3481 2066
3481 2260
3481 2261
3481 2263
3481 2264
3481 2321
3481 2322
3481 2324
3481 3480
3481 3643
3481 3791
3481 3815
3481 4233
3481 4804
3481 4914
3481 4915
3481 5156
3481 5159
3481 7010
3630 1436
3630 1956
3630 1969
3630 2064
3630 2065
3630 2066
3630 2260
3630 2261
3630 2263
3630 2264
3630 2321
3630 2322
3630 2324
3630 3480
3630 3643
3630 3791
3630 3815
3630 4233
3630 4804
3630 4914
3630 4915
3630 5156
3630 5159
3630 7010
374 1436
374 1956
374 1969
374 2064
374 2065
374 2066
374 2260
374 2261
374 2263
374 2264
374 2321
374 2322
374 2324
374 3480
374 3643
374 3791
374 3815
374 4233
374 4804
374 4914
374 4915
374 5156
374 5159
374 7010
4254 1436
4254 1956
4254 1969
4254 2064
4254 2065
4254 2066
4254 2260
4254 2261
4254 2263
4254 2264
4254 2321
4254 2322
4254 2324
4254 3480
4254 3643
4254 3791
4254 3815
4254 4233
4254 4804
4254 4914
4254 4915
4254 5156
4254 5159
4254 7010
4803 1436
4803 1956
4803 1969
4803 2064
4803 2065
4803 2066
4803 2260
4803 2261
4803 2263
4803 2264
4803 2321
4803 2322
4803 2324
4803 3480
4803 3643
4803 3791
4803 3815
4803 4233
4803 4804
4803 4914
4803 4915
4803 5156
4803 5159
4803 7010
4908 1436
4908 1956
4908 1969
4908 2064
4908 2065
4908 2066
4908 2260
4908 2261
4908 2263
4908 2264
4908 2321
4908 2322
4908 2324
4908 3480
4908 3643
4908 3791
4908 3815
4908 4233
4908 4804
4908 4914
4908 4915
4908 5156
4908 5159
4908 7010
4909 1436
4909 1956
4909 1969
4909 2064
4909 2065
4909 2066
4909 2260
4909 2261
4909 2263
4909 2264
4909 2321
4909 2322
4909 2324
4909 3480
4909 3643
4909 3791
4909 3815
4909 4233
4909 4804
4909 4914
4909 4915
4909 5156
4909 5159
4909 7010
51378 1436
51378 1956
51378 1969
51378 2064
51378 2065
51378 2066
51378 2260
51378 2261
51378 2263
51378 2264
51378 2321
51378 2322
51378 2324
51378 3480
51378 3643
51378 3791
51378 3815
51378 4233
51378 4804
51378 4914
51378 4915
51378 5156
51378 5159
51378 7010
5154 1436
5154 1956
5154 1969
5154 2064
5154 2065
5154 2066
5154 2260
5154 2261
5154 2263
5154 2264
5154 2321
5154 2322
5154 2324
5154 3480
5154 3643
5154 3791
5154 3815
5154 4233
5154 4804
5154 4914
5154 4915
5154 5156
5154 5159
5154 7010
5155 1436
5155 1956
5155 1969
5155 2064
5155 2065
5155 2066
5155 2260
5155 2261
5155 2263
5155 2264
5155 2321
5155 2322
5155 2324
5155 3480
5155 3643
5155 3791
5155 3815
5155 4233
5155 4804
5155 4914
5155 4915
5155 5156
5155 5159
5155 7010
5228 1436
5228 1956
5228 1969
5228 2064
5228 2065
5228 2066
5228 2260
5228 2261
5228 2263
5228 2264
5228 2321
5228 2322
5228 2324
5228 3480
5228 3643
5228 3791
5228 3815
5228 4233
5228 4804
5228 4914
5228 4915
5228 5156
5228 5159
5228 7010
56034 1436
56034 1956
56034 1969
56034 2064
56034 2065
56034 2066
56034 2260
56034 2261
56034 2263
56034 2264
56034 2321
56034 2322
56034 2324
56034 3480
56034 3643
56034 3791
56034 3815
56034 4233
56034 4804
56034 4914
56034 4915
56034 5156
56034 5159
56034 7010
627 1436
627 1956
627 1969
627 2064
627 2065
627 2066
627 2260
627 2261
627 2263
627 2264
627 2321
627 2322
627 2324
627 3480
627 3643
627 3791
627 3815
627 4233
627 4804
627 4914
627 4915
627 5156
627 5159
627 7010
7039 1436
7039 1956
7039 1969
7039 2064
7039 2065
7039 2066
7039 2260
7039 2261
7039 2263
7039 2264
7039 2321
7039 2322
7039 2324
7039 3480
7039 3643
7039 3791
7039 3815
7039 4233
7039 4804
7039 4914
7039 4915
7039 5156
7039 5159
7039 7010
7422 1436
7422 1956
7422 1969
7422 2064
7422 2065
7422 2066
7422 2260
7422 2261
7422 2263
7422 2264
7422 2321
7422 2322
7422 2324
7422 3480
7422 3643
7422 3791
7422 3815
7422 4233
7422 4804
7422 4914
7422 4915
7422 5156
7422 5159
7422 7010
7423 1436
7423 1956
7423 1969
7423 2064
7423 2065
7423 2066
7423 2260
7423 2261
7423 2263
7423 2264
7423 2321
7423 2322
7423 2324
7423 3480
7423 3643
7423 3791
7423 3815
7423 4233
7423 4804
7423 4914
7423 4915
7423 5156
7423 5159
7423 7010
7424 1436
7424 1956
7424 1969
7424 2064
7424 2065
7424 2066
7424 2260
7424 2261
7424 2263
7424 2264
7424 2321
7424 2322
7424 2324
7424 3480
7424 3643
7424 3791
7424 3815
7424 4233
7424 4804
7424 4914
7424 4915
7424 5156
7424 5159
7424 7010
80310 1436
80310 1956
80310 1969
80310 2064
80310 2065
80310 2066
80310 2260
80310 2261
80310 2263
80310 2264
80310 2321
80310 2322
80310 2324
80310 3480
80310 3643
80310 3791
80310 3815
80310 4233
80310 4804
80310 4914
80310 4915
80310 5156
80310 5159
80310 7010
8074 1436
8074 1956
8074 1969
8074 2064
8074 2065
8074 2066
8074 2260
8074 2261
8074 2263
8074 2264
8074 2321
8074 2322
8074 2324
8074 3480
8074 3643
8074 3791
8074 3815
8074 4233
8074 4804
8074 4914
8074 4915
8074 5156
8074 5159
8074 7010
8817 1436
8817 1956
8817 1969
8817 2064
8817 2065
8817 2066
8817 2260
8817 2261
8817 2263
8817 2264
8817 2321
8817 2322
8817 2324
8817 3480
8817 3643
8817 3791
8817 3815
8817 4233
8817 4804
8817 4914
8817 4915
8817 5156
8817 5159
8817 7010
8822 1436
8822 1956
8822 1969
8822 2064
8822 2065
8822 2066
8822 2260
8822 2261
8822 2263
8822 2264
8822 2321
8822 2322
8822 2324
8822 3480
8822 3643
8822 3791
8822 3815
8822 4233
8822 4804
8822 4914
8822 4915
8822 5156
8822 5159
8822 7010
8823 1436
8823 1956
8823 1969
8823 2064
8823 2065
8823 2066
8823 2260
8823 2261
8823 2263
8823 2264
8823 2321
8823 2322
8823 2324
8823 3480
8823 3643
8823 3791
8823 3815
8823 4233
8823 4804
8823 4914
8823 4915
8823 5156
8823 5159
8823 7010
9965 1436
9965 1956
9965 1969
9965 2064
9965 2065
9965 2066
9965 2260
9965 2261
9965 2263
9965 2264
9965 2321
9965 2322
9965 2324
9965 3480
9965 3643
9965 3791
9965 3815
9965 4233
9965 4804
9965 4914
9965 4915
9965 5156
9965 5159
9965 7010
8717 7186
8717 836
4615 3654
4615 51135
3654 7189
51135 7189
369 5604
369 5605
