10482 29107
10482 55916
55998 29107
55998 55916
56000 29107
56000 55916
56001 29107
56001 55916
728343 29107
728343 55916
4686 22916
4686 5976
65109 23708
65109 2935
65110 23708
65110 2935
5976 23708
5976 2935
26019 23708
26019 2935
23049 28227
23049 55012
23049 5515
23049 5516
23049 5518
23049 5519
23049 5520
23049 5521
23049 5522
23049 5523
23049 5525
23049 5526
23049 5527
23049 5528
23049 5529
23049 55844
23049 9887
23049 5976
23381 5976
9887 23381
9887 5976
23293 5976
2107 5976
2107 26019
2107 65109
2107 65110
23708 132430
23708 140886
23708 26986
23708 340529
23708 5042
23708 645974
23708 80336
23708 8761
2935 132430
2935 140886
2935 26986
2935 340529
2935 5042
2935 645974
2935 80336
2935 8761
11051 11052
11051 79869
10978 51585
81608 55339
81608 80335
81608 5499
81608 5500
81608 5501
81608 29101
51692 55339
51692 80335
51692 5499
51692 5500
51692 5501
51692 29101
53981 55339
53981 80335
53981 5499
53981 5500
53981 5501
53981 29101
29894 55339
29894 80335
29894 5499
29894 5500
29894 5501
29894 29101
10898 55339
10898 80335
10898 5499
10898 5500
10898 5501
10898 29101
8189 1477
8189 1478
8189 23283
8189 1479
28227 23381
28227 23293
55012 23381
55012 23293
5515 23381
5515 23293
5516 23381
5516 23293
5518 23381
5518 23293
5519 23381
5519 23293
5520 23381
5520 23293
5521 23381
5521 23293
5522 23381
5522 23293
5523 23381
5523 23293
5525 23381
5525 23293
5526 23381
5526 23293
5527 23381
5527 23293
5528 23381
5528 23293
5529 23381
5529 23293
55844 23381
55844 23293
10767 53918
124540 132430
124540 140886
124540 26986
124540 340529
124540 5042
124540 645974
124540 80336
124540 8761
26528 132430
26528 140886
26528 26986
26528 340529
26528 5042
26528 645974
26528 80336
26528 8761
4440 132430
4440 140886
4440 26986
4440 340529
4440 5042
4440 645974
4440 80336
4440 8761
