5914 8900
5914 3728
5914 6688
5914 1053
5914 597
5914 1848
5914 5914
5914 7704
5914 4609
7704 8900
7704 3728
7704 1848
3845 5290
3845 5291
3845 5293
3845 5295
3845 5296
3845 8503
3845 369
3845 5894
3845 673
4893 5290
4893 5291
4893 5293
4893 5295
4893 5296
4893 8503
4893 369
4893 5894
4893 673
2322 5290
2322 5291
2322 5293
2322 5295
2322 5296
2322 8503
2322 2885
2322 6774
2322 6776
2322 6777
2322 1050
2322 6688
6688 1436
6688 929
6688 3684
6688 2209
1050 8864
861 1050
861 6688
861 3728
861 1436
861 4353
861 1437
861 3562
862 1050
862 6688
862 3728
6774 5292
6774 11040
6776 5292
6776 11040
6777 5292
6777 11040
3728 595
3728 4609
3728 5467
3728 51176
3728 6932
3728 6934
3728 83439
5371 8900
5371 3728
5371 6688
5371 1053
5371 597
5371 5914
5371 7704
5371 4609
3265 5290
3265 5291
3265 5293
3265 5295
3265 5296
3265 8503
3265 369
3265 5894
3265 673
1147 4790
1147 5970
3551 4790
3551 5970
8517 4790
8517 5970
6654 3265
6654 3845
6654 4893
6655 3265
6655 3845
6655 4893
2885 6654
2885 6655
3815 5290
3815 5291
3815 5293
3815 5295
3815 5296
3815 8503
3815 2885
3815 6774
3815 6776
3815 6777
2475 6198
2475 6199
2475 1978
10000 1147
10000 3551
10000 8517
10000 2475
10000 572
207 1147
207 3551
207 8517
207 2475
207 572
208 1147
208 3551
208 8517
208 2475
208 572
5290 10000
5290 207
5290 208
5291 10000
5291 207
5291 208
5293 10000
5293 207
5293 208
5295 10000
5295 207
5295 208
5296 10000
5296 207
5296 208
8503 10000
8503 207
8503 208
5604 5594
5604 5595
5605 5594
5605 5595
369 5604
369 5605
5894 5604
5894 5605
673 5604
673 5605
