2053 1555
2053 1573
2053 1559
2053 1558
1555 100137049
1555 11145
1555 123745
1555 151056
1555 255189
1555 26279
1555 283748
1555 30814
1555 391013
1555 50487
1555 5319
1555 5320
1555 5321
1555 5322
1555 64600
1555 81579
1555 8398
1555 8399
1555 84647
1555 8605
1555 8681
1555 113612
1555 4051
1555 8529
1555 1579
1555 240
1555 5742
1555 5743
1555 246
1555 247
1555 239
1555 242
1555 1571
1555 1573
1573 246
1573 247
1573 257202
1573 2876
1573 2877
1573 2878
1573 2880
1573 2882
1573 493869
1573 100137049
1573 11145
1573 123745
1573 151056
1573 255189
1573 26279
1573 283748
1573 30814
1573 391013
1573 50487
1573 5319
1573 5320
1573 5321
1573 5322
1573 64600
1573 81579
1573 8398
1573 8399
1573 84647
1573 8605
1573 8681
1573 113612
1573 4051
1573 8529
1573 1579
1573 240
1573 5742
1573 5743
1573 239
1573 242
1573 1571
1573 1573
1559 100137049
1559 11145
1559 123745
1559 151056
1559 255189
1559 26279
1559 283748
1559 30814
1559 391013
1559 50487
1559 5319
1559 5320
1559 5321
1559 5322
1559 64600
1559 81579
1559 8398
1559 8399
1559 84647
1559 8605
1559 8681
1559 113612
1559 4051
1559 8529
1559 1579
1559 240
1559 5742
1559 5743
1559 246
1559 247
1559 239
1559 242
1559 1571
1559 1573
1558 246
1558 247
1558 257202
1558 2876
1558 2877
1558 2878
1558 2880
1558 2882
1558 493869
1558 100137049
1558 11145
1558 123745
1558 151056
1558 255189
1558 26279
1558 283748
1558 30814
1558 391013
1558 50487
1558 5319
1558 5320
1558 5321
1558 5322
1558 64600
1558 81579
1558 8398
1558 8399
1558 84647
1558 8605
1558 8681
1558 113612
1558 4051
1558 8529
1558 1579
1558 240
1558 5742
1558 5743
1558 239
1558 242
1558 1571
1558 1573
247 100137049
247 11145
247 123745
247 151056
247 255189
247 26279
247 283748
247 30814
247 391013
247 50487
247 5319
247 5320
247 5321
247 5322
247 64600
247 81579
247 8398
247 8399
247 84647
247 8605
247 8681
247 113612
247 4051
247 8529
247 1579
247 1571
247 240
247 5742
247 5743
247 246
247 247
247 239
247 242
247 1573
242 100137049
242 11145
242 123745
242 151056
242 255189
242 26279
242 283748
242 30814
242 391013
242 50487
242 5319
242 5320
242 5321
242 5322
242 64600
242 81579
242 8398
242 8399
242 84647
242 8605
242 8681
242 113612
242 4051
242 8529
242 1579
242 1571
242 240
242 5742
242 5743
242 246
242 247
242 239
242 1573
113612 100137049
113612 11145
113612 123745
113612 151056
113612 255189
113612 26279
113612 283748
113612 30814
113612 391013
113612 50487
113612 5319
113612 5320
113612 5321
113612 5322
113612 64600
113612 81579
113612 8398
113612 8399
113612 84647
113612 8605
113612 8681
113612 1571
113612 113612
113612 240
113612 5742
113612 5743
113612 246
113612 247
113612 239
113612 4051
113612 8529
113612 1579
113612 1573
113612 11283
257202 246
257202 247
257202 240
2876 246
2876 247
2876 240
2877 246
2877 247
2877 240
2878 246
2878 247
2878 240
2880 246
2880 247
2880 240
2882 246
2882 247
2882 240
493869 246
493869 247
493869 240
4051 100137049
4051 11145
4051 123745
4051 151056
4051 255189
4051 26279
4051 283748
4051 30814
4051 391013
4051 50487
4051 5319
4051 5320
4051 5321
4051 5322
4051 64600
4051 81579
4051 8398
4051 8399
4051 84647
4051 8605
4051 8681
4051 1571
4051 240
4051 5742
4051 5743
4051 246
4051 247
4051 239
4051 1573
4051 11283
8529 100137049
8529 11145
8529 123745
8529 151056
8529 255189
8529 26279
8529 283748
8529 30814
8529 391013
8529 50487
8529 5319
8529 5320
8529 5321
8529 5322
8529 64600
8529 81579
8529 8398
8529 8399
8529 84647
8529 8605
8529 8681
8529 1571
8529 240
8529 5742
8529 5743
8529 246
8529 247
8529 239
8529 1573
8529 11283
1579 100137049
1579 11145
1579 123745
1579 151056
1579 255189
1579 26279
1579 283748
1579 30814
1579 391013
1579 50487
1579 5319
1579 5320
1579 5321
1579 5322
1579 64600
1579 81579
1579 8398
1579 8399
1579 84647
1579 8605
1579 8681
1579 240
1579 5742
1579 5743
1579 246
1579 247
1579 239
1579 1573
1579 113612
1579 1579
1579 4051
1579 8529
1579 242
1579 11283
239 100137049
239 11145
239 123745
239 151056
239 255189
239 26279
239 283748
239 30814
239 391013
239 50487
239 5319
239 5320
239 5321
239 5322
239 64600
239 81579
239 8398
239 8399
239 84647
239 8605
239 8681
239 240
239 5742
239 5743
239 246
239 247
239 1573
246 100137049
246 11145
246 123745
246 151056
246 255189
246 26279
246 283748
246 30814
246 391013
246 50487
246 5319
246 5320
246 5321
246 5322
246 64600
246 81579
246 8398
246 8399
246 84647
246 8605
246 8681
246 240
246 5742
246 5743
246 1573
246 1579
5742 6916
5742 10728
5742 80142
5742 9536
5742 27306
5742 5730
5742 5740
5742 1573
5742 127281
5742 1579
5743 6916
5743 10728
5743 80142
5743 9536
5743 27306
5743 5730
5743 5740
5743 1573
5743 127281
5743 1579
100137049 240
100137049 5742
100137049 5743
100137049 1573
11145 240
11145 5742
11145 5743
11145 1573
123745 240
123745 5742
123745 5743
123745 1573
151056 240
151056 5742
151056 5743
151056 1573
255189 240
255189 5742
255189 5743
255189 1573
26279 240
26279 5742
26279 5743
26279 1573
283748 240
283748 5742
283748 5743
283748 1573
30814 240
30814 5742
30814 5743
30814 1573
391013 240
391013 5742
391013 5743
391013 1573
50487 240
50487 5742
50487 5743
50487 1573
5319 240
5319 5742
5319 5743
5319 1573
5320 240
5320 5742
5320 5743
5320 1573
5321 240
5321 5742
5321 5743
5321 1573
5322 240
5322 5742
5322 5743
5322 1573
64600 240
64600 5742
64600 5743
64600 1573
81579 240
81579 5742
81579 5743
81579 1573
8398 240
8398 5742
8398 5743
8398 1573
8399 240
8399 5742
8399 5743
8399 1573
84647 240
84647 5742
84647 5743
84647 1573
8605 240
8605 5742
8605 5743
8605 1573
8681 240
8681 5742
8681 5743
8681 1573
240 4056
240 4048
240 5742
240 5743
240 1573
240 1579
4048 4051
4048 8529
4048 4056
4056 2678
4056 2687
5740 6916
5740 10728
5740 80142
5740 9536
5740 27306
5740 5730
5740 127281
10728 873
10728 874
10728 6916
10728 27306
10728 5730
10728 127281
80142 873
80142 874
80142 6916
80142 27306
80142 5730
80142 127281
9536 873
9536 874
9536 6916
9536 27306
9536 5730
9536 127281
6916 27306
6916 5730
6916 127281
8644 27306
8644 5730
27306 127281
5730 127281
873 127281
874 127281
1557 240
1557 5742
1557 5743
1557 246
1557 247
1557 1555
1557 1558
1557 1559
1557 1573
1557 239
1557 242
1557 100137049
1557 11145
1557 123745
1557 151056
1557 255189
1557 26279
1557 283748
1557 30814
1557 391013
1557 50487
1557 5319
1557 5320
1557 5321
1557 5322
1557 64600
1557 81579
1557 8398
1557 8399
1557 84647
1557 8605
1557 8681
1557 113612
1557 4051
1557 8529
1557 1579
11283 240
11283 5742
11283 5743
11283 246
11283 247
11283 1555
11283 1558
11283 1559
11283 1573
11283 242
11283 239
11283 100137049
11283 11145
11283 123745
11283 151056
11283 255189
11283 26279
11283 283748
11283 30814
11283 391013
11283 50487
11283 5319
11283 5320
11283 5321
11283 5322
11283 64600
11283 81579
11283 8398
11283 8399
11283 84647
11283 8605
11283 8681
1571 100137049
1571 11145
1571 123745
1571 151056
1571 255189
1571 26279
1571 283748
1571 30814
1571 391013
1571 50487
1571 5319
1571 5320
1571 5321
1571 5322
1571 64600
1571 81579
1571 8398
1571 8399
1571 84647
1571 8605
1571 8681
1571 1579
1571 240
1571 5742
1571 5743
1571 246
1571 247
1571 239
