35 1892
35 1962
35 3030
35 2639
35 38
35 39
35 10449
35 30
35 3032
1962 1892
1962 1962
1962 3030
1962 34
1962 2639
1962 35
1962 33
1962 3033
1962 51
1962 8310
1962 36
1962 37
3033 1892
3033 1962
3033 3030
1892 34
1892 2639
1892 3030
1892 35
1892 33
1892 1962
1892 3033
1892 51
1892 8310
1892 36
1892 37
3030 34
3030 2639
3030 3030
3030 35
3030 33
3030 1962
3030 3033
3030 51
3030 8310
3030 36
3030 37
34 2639
34 1376
34 38
34 39
34 10449
34 30
34 3032
38 1962
38 3033
38 3030
38 36
38 51
38 8310
38 10449
38 30
38 3032
39 1962
39 3033
39 3030
39 36
39 51
39 8310
39 10449
39 30
39 3032
10449 3030
10449 1962
10449 3033
10449 36
10449 51
10449 8310
30 3030
30 1962
30 3033
30 36
30 51
30 8310
3032 3030
3032 1962
3032 3033
3032 36
3032 51
3032 8310
33 1376
33 10449
33 30
33 3032
124 217
124 219
124 223
124 224
124 501
125 217
125 219
125 223
125 224
125 501
126 217
126 219
126 223
126 224
126 501
127 217
127 219
127 223
127 224
127 501
128 217
128 219
128 223
128 224
128 501
130 217
130 219
130 223
130 224
130 501
131 217
131 219
131 223
131 224
131 501
2639 51
2639 8310
2639 36
37 1892
37 1962
37 3030
37 1376
37 10449
37 30
37 3032
126129 2180
126129 2181
126129 2182
126129 23205
126129 23305
126129 51703
126129 81616
1374 2180
1374 2181
1374 2182
1374 23205
1374 23305
1374 51703
1374 81616
1375 2180
1375 2181
1375 2182
1375 23205
1375 23305
1375 51703
1375 81616
1376 51
1376 8310
1376 126129
1376 1374
1376 1375
217 1579
217 284541
219 1579
219 284541
223 1579
223 284541
224 1579
224 284541
501 1579
501 284541
