3973 2778
1081 3973
3972 3973
2778 107
2778 108
2778 109
2778 111
2778 112
2778 113
2778 114
2778 115
2778 196883
2778 100137049
2778 123745
2778 255189
2778 283748
2778 5321
2778 8605
2778 8681
2488 2492
2492 2778
5566 6770
5566 1586
5566 3283
5566 3284
5566 1588
5566 3294
5566 8644
5566 3292
5566 51478
5567 6770
5567 1586
5567 3283
5567 3284
5567 1588
5567 3294
5567 8644
5567 3292
5567 51478
5568 6770
5568 1586
5568 3283
5568 3284
5568 1588
5568 3294
5568 8644
5568 3292
5568 51478
3630 3643
3479 3480
