102723407 2214
102723407 2215
4772 7124
4772 1437
4773 7124
4773 1437
5530 4772
5530 4773
5532 4772
5532 4773
5533 4772
5533 4773
5534 4772
5534 4773
5535 4772
5535 4773
2534 7305
2534 2207
2534 919
2534 51744
8743 8795
8743 8797
3459 355
3459 8743
3460 355
3460 8743
5335 5530
5335 5532
5335 5533
5335 5534
5335 5535
5335 5578
5335 5579
5335 5582
5335 10451
5335 7409
5335 7410
5336 5530
5336 5532
5336 5533
5336 5534
5336 5535
5336 5578
5336 5579
5336 5582
5336 10451
5336 7409
5336 7410
27040 2885
27040 5335
27040 5336
3133 3824
3133 3821
3133 3822
3133 3823
3458 3459
3458 3460
3458 3454
3458 3455
6452 10451
6452 7409
6452 7410
6452 5335
6452 5336
2185 5879
2185 5880
2185 5881
3937 2885
6850 5290
6850 5291
6850 5293
6850 5295
6850 5296
6850 8503
6850 25759
6850 399694
6850 53358
6850 6464
6850 3937
6850 27040
7535 5290
7535 5291
7535 5293
7535 5295
7535 5296
7535 8503
7535 25759
7535 399694
7535 53358
7535 6464
7535 3937
7535 27040
3932 7305
4068 2534
10870 5335
10870 5336
10870 5290
10870 5291
10870 5293
10870 5295
10870 5296
10870 8503
10870 2885
10870 100528032
10870 22914
919 7535
919 6850
919 9437
919 2214
919 2215
919 259197
2207 7535
2207 6850
2207 9437
2207 2214
2207 2215
2207 259197
7305 7535
7305 6850
7305 100132285
7305 3806
7305 3808
7305 3809
7305 3810
7305 9436
7305 3824
7305 3822
7305 3823
5781 10451
5781 7409
5781 7410
5781 3937
5781 27040
5777 10451
5777 7409
5777 7410
5777 3937
5777 27040
3439 3454
3439 3455
3439 3459
3439 3460
3440 3454
3440 3455
3440 3459
3440 3460
3441 3454
3441 3455
3441 3459
3441 3460
3442 3454
3442 3455
3442 3459
3442 3460
3443 3454
3443 3455
3443 3459
3443 3460
3444 3454
3444 3455
3444 3459
3444 3460
3445 3454
3445 3455
3445 3459
3445 3460
3446 3454
3446 3455
3446 3459
3446 3460
3447 3454
3447 3455
3447 3459
3447 3460
3448 3454
3448 3455
3448 3459
3448 3460
3449 3454
3449 3455
3449 3459
3449 3460
3451 3454
3451 3455
3451 3459
3451 3460
3452 3454
3452 3455
3452 3459
3452 3460
3456 3454
3456 3455
3456 3459
3456 3460
3002 836
3002 637
962 51744
79465 100528032
79465 22914
80328 100528032
80328 22914
80329 100528032
80329 22914
4277 100528032
4277 22914
100507436 100528032
100507436 22914
3383 3689
3383 3683
3384 3689
3384 3683
3107 3802
3107 3803
3107 3804
3107 3805
3107 57292
3107 100132285
3107 3806
3107 3808
3107 3809
3107 3810
3106 3811
3106 3812
3135 3812
3105 3812
5290 10451
5290 7409
5290 7410
5290 5879
5290 5880
5290 5881
5291 10451
5291 7409
5291 7410
5291 5879
5291 5880
5291 5881
5293 10451
5293 7409
5293 7410
5293 5879
5293 5880
5293 5881
5295 10451
5295 7409
5295 7410
5295 5879
5295 5880
5295 5881
5296 10451
5296 7409
5296 7410
5296 5879
5296 5880
5296 5881
8503 10451
8503 7409
8503 7410
8503 5879
8503 5880
8503 5881
5594 7124
5594 1437
5594 3458
5595 7124
5595 1437
5595 3458
5604 5594
5604 5595
5605 5594
5605 5595
369 5604
369 5605
5894 5604
5894 5605
673 5604
673 5605
3265 369
3265 5894
3265 673
3845 369
3845 5894
3845 673
4893 369
4893 5894
4893 673
6654 3265
6654 3845
6654 4893
6655 3265
6655 3845
6655 4893
2885 6654
2885 6655
25759 2885
399694 2885
53358 2885
6464 2885
5058 5604
5058 5605
5879 5058
5880 5058
5881 5058
10451 5879
10451 5880
10451 5881
7409 5879
7409 5880
7409 5881
7410 5879
7410 5880
7410 5881
356 355
3824 5777
3824 5781
3454 8743
3455 8743
51744 117157
51744 4068
51744 27040
3689 2185
3689 10451
3689 7409
3689 7410
3683 2185
3683 10451
3683 7409
3683 7410
3821 5777
3821 5781
3802 5777
3802 5781
3803 5777
3803 5781
3804 5777
3804 5781
3805 5777
3805 5781
57292 5777
57292 5781
3812 5777
3812 5781
3811 5777
3811 5781
135250 100528032
135250 22914
154064 100528032
154064 22914
353091 100528032
353091 22914
