3456 3454
3456 3455
1147 3665
1147 4790
7189 6885
7189 3663
7189 3665
3654 3665
3654 7189
51135 7189
51135 3654
4615 8772
4615 3654
4615 51135
4615 7189
5594 2353
5594 3725
5595 2353
5595 3725
1326 4790
1326 5604
1326 5605
4790 7124
4790 3553
4790 3569
4790 3592
4790 3593
4790 3576
4790 6352
4790 414062
4790 6348
4790 6349
4790 388372
4790 6351
4790 9560
6696 3665
7187 29110
7187 9641
8737 7189
8737 6885
3665 3439
3665 3440
3665 3441
3665 3442
3665 3443
3665 3444
3665 3445
3665 3446
3665 3447
3665 3448
3665 3449
3665 3451
3665 3452
3665 3456
3663 7124
3663 3553
3663 3569
3663 3592
3663 3593
3663 3576
3663 6352
3663 414062
3663 6348
3663 6349
3663 388372
3663 6351
3663 9560
3551 4792
3551 4790
6885 3551
6885 5606
6885 5608
6885 5609
6885 6416
1432 2353
1432 3725
5600 2353
5600 3725
5603 2353
5603 3725
6300 2353
6300 3725
114609 7189
5879 5290
5879 5291
5879 5293
5879 5295
5879 5296
5879 8503
5599 2353
5599 3725
5601 2353
5601 3725
5602 2353
5602 3725
29110 3665
29110 3661
9641 3665
9641 3661
8772 841
10454 23118
10454 6885
10000 4790
10000 5970
207 4790
207 5970
208 4790
208 5970
6772 3627
6772 6373
6772 4283
4792 4790
4792 5970
3661 958
3661 941
3661 942
3661 3456
3661 3627
3661 6373
3661 4283
7097 5879
7097 4615
7097 54472
7097 114609
23643 7099
7100 4615
7098 148022
7096 7097
10333 7097
54106 4615
7099 4615
7099 353376
353376 148022
148022 7187
148022 8737
148022 7189
929 7099
8517 4790
5290 10000
5290 207
5290 208
5291 10000
5291 207
5291 208
5293 10000
5293 207
5293 208
5295 10000
5295 207
5295 208
5296 10000
5296 207
5296 208
8503 10000
8503 207
8503 208
3454 6772
3455 6772
51284 4615
51311 4615
5609 5599
5609 5601
5609 5602
6416 5599
6416 5601
6416 5602
5970 7124
5970 3553
5970 3569
5970 3592
5970 3593
5970 3576
5970 6352
5970 414062
5970 6348
5970 6349
5970 388372
5970 6351
5970 9560
5606 1432
5606 5600
5606 5603
5606 6300
5608 1432
5608 5600
5608 5603
5608 6300
5604 5594
5604 5595
5605 5594
5605 5595
2353 7124
2353 3553
2353 3569
2353 3592
2353 3593
2353 3576
2353 6352
2353 414062
2353 6348
2353 6349
2353 388372
2353 6351
2353 9560
3725 7124
3725 3553
3725 3569
3725 3592
3725 3593
3725 3576
3725 6352
3725 414062
3725 6348
3725 6349
3725 388372
3725 6351
3725 9560
