551 554
554 2778
2778 109
2778 112
2778 115
5566 396
5566 397
5566 398
5566 10488
5566 1385
5566 148327
5566 64764
5566 84699
5566 90993
5566 9586
5566 359
5567 396
5567 397
5567 398
5567 10488
5567 1385
5567 148327
5567 64764
5567 84699
5567 90993
5567 9586
5567 359
5568 396
5568 397
5568 398
5568 10488
5568 1385
5568 148327
5568 64764
5568 84699
5568 90993
5568 9586
5568 359
10488 359
1385 359
148327 359
64764 359
84699 359
90993 359
9586 359
6844 6810
