3480 3667
3480 8471
3480 8660
3480 22800
3480 22808
3480 3265
3480 3845
3480 4893
3480 6237
3630 3667
3630 8471
3630 8660
3630 22800
3630 22808
3630 3265
3630 3845
3630 4893
3630 6237
3667 5290
3667 5291
3667 5293
3667 5295
3667 5296
3667 8503
8471 5290
8471 5291
8471 5293
8471 5295
8471 5296
8471 8503
8660 5290
8660 5291
8660 5293
8660 5295
8660 5296
8660 8503
5170 10000
5170 207
5170 208
10000 7249
10000 7248
207 7249
207 7248
208 7249
208 7248
22800 5170
22800 5894
22808 5170
22808 5894
3265 5170
3265 5894
3845 5170
3845 5894
4893 5170
4893 5894
6237 5170
6237 5894
5894 5604
5894 5605
5604 5594
5604 5595
5605 5594
5605 5595
5594 7249
5594 7248
5595 7249
5595 7248
3091 54541
3091 664
54541 7249
54541 7248
664 6009
664 596
664 598
5580 5599
5580 5601
5580 5602
7249 6009
7248 6009
6009 57521
6009 64798
6009 2475
6009 84335
6009 64223
57521 2475
57521 3476
57521 6198
57521 6199
57521 8408
57521 9706
57521 9776
64798 2475
64798 3476
64798 6198
64798 6199
64798 8408
64798 9706
64798 9776
2475 3476
2475 6198
2475 6199
2475 8408
2475 9706
2475 9776
84335 2475
84335 57521
84335 3476
84335 6198
84335 6199
84335 8408
84335 9706
84335 9776
64223 2475
64223 3476
64223 6198
64223 6199
64223 8408
64223 9706
64223 9776
6198 3667
6198 8471
6198 8660
6199 3667
6199 8471
6199 8660
5515 8408
5515 9706
5516 8408
5516 9706
3476 5515
3476 5516
8408 23130
8408 55102
8408 9821
8408 9776
8408 22863
8408 60673
8408 441925
8408 8678
8408 55626
9706 23130
9706 55102
9706 9821
9706 9776
9706 22863
9706 60673
9706 441925
9706 8678
9706 55626
9776 285973
9776 79065
9776 9821
9776 60673
9776 22863
9776 81671
9821 55054
9821 89849
23130 26100
23130 55062
55102 26100
55102 55062
26100 55054
26100 89849
55062 55054
55062 89849
10325 57521
10325 64798
10325 2475
10325 84335
10325 64223
10670 57521
10670 64798
10670 2475
10670 84335
10670 64223
58528 57521
58528 64798
58528 2475
58528 84335
58528 64223
64121 57521
64121 64798
64121 2475
64121 84335
64121 64223
6794 5562
6794 5563
5562 57521
5562 7249
5562 7248
5563 57521
5563 7249
5563 7248
10645 5562
10645 5563
6885 5562
6885 5563
2081 5599
2081 5601
2081 5602
5599 596
5599 598
5601 596
5601 598
5602 596
5602 598
5566 5562
5566 5563
5566 84335
5566 8408
5566 9706
5566 9776
5566 11337
5566 11345
5566 23710
5567 5562
5567 5563
5567 84335
5567 8408
5567 9706
5567 9776
5567 11337
5567 11345
5567 23710
5568 5562
5568 5563
5568 84335
5568 8408
5568 9706
5568 9776
5568 11337
5568 11345
5568 23710
58476 81671
58476 11337
58476 11345
58476 23710
7189 8408
7189 9706
55626 441925
55626 8678
55626 7189
3708 441925
3708 8678
596 441925
596 8678
598 441925
598 8678
55578 285973
55578 79065
55014 22863
55014 8673
441925 29982
441925 5289
8678 29982
8678 5289
30849 5289
29982 5289
22863 29982
22863 441925
22863 8678
22863 9342
22863 55014
7405 22863
7405 9711
7405 441925
7405 8678
51100 7405
51100 285973
51100 79065
9711 5289
572 596
572 598
3146 441925
3146 8678
118471 6794
9451 1965
440275 1965
1612 441925
1612 8678
1613 441925
1613 8678
23604 441925
23604 8678
1965 9140
9140 9474
9140 64422
9140 11337
9140 11345
9140 23710
9474 64422
9474 11337
9474 11345
9474 23710
83452 55054
83452 89849
10533 9140
10533 11337
10533 11345
10533 23710
83734 9140
55054 9474
55054 9140
55054 64422
55054 11337
55054 11345
55054 23710
89849 9474
89849 9140
89849 64422
89849 11337
89849 11345
89849 23710
8837 64422
64422 11337
64422 11345
64422 23710
5588 11337
5588 11345
5588 23710
115201 11337
115201 11345
115201 23710
23192 11337
23192 11345
23192 23710
84938 11337
84938 11345
84938 23710
84971 11337
84971 11345
84971 23710
9342 8673
81671 441925
81671 8678
