1675 718
1675 629
718 727
718 719
727 728
716 720
716 721
715 720
715 721
712 720
712 721
713 720
713 721
714 720
714 721
720 718
721 718
717 718
4153 10747
4153 5648
10747 720
10747 721
5648 720
5648 721
5340 102723407
5340 718
102723407 2204
102723407 2209
102723407 2212
102723407 2213
102723407 2214
102723407 2215
102723407 9103
102723407 716
102723407 715
102723407 712
102723407 713
102723407 714
3426 718
3075 718
3075 629
3383 3689
3383 3683
3383 3684
6403 6404
5724 3586
