22925 3586
22925 7040
22925 7042
22925 7043
4360 3586
4360 7040
4360 7042
4360 7043
9902 3586
9902 7040
9902 7042
9902 7043
10332 3586
10332 7040
10332 7042
10332 7043
10332 23365
10332 387
10332 4046
10332 8844
10332 1263
30835 3586
30835 7040
30835 7042
30835 7043
30835 23365
30835 387
30835 4046
30835 8844
30835 1263
5894 4790
5894 5970
3586 3588
3586 3587
5868 7879
5869 7879
5878 7879
8411 7879
7879 1509
7879 10312
7879 23545
7879 245972
7879 50617
7879 51606
7879 527
7879 533
7879 535
7879 537
7879 9114
7879 3916
7879 3920
163688 815
163688 816
163688 817
163688 818
163688 5530
163688 5532
163688 5533
163688 5534
163688 5535
51806 815
51806 816
51806 817
51806 818
51806 5530
51806 5532
51806 5533
51806 5534
51806 5535
801 815
801 816
801 817
801 818
801 5530
801 5532
801 5533
801 5534
801 5535
805 815
805 816
805 817
805 818
805 5530
805 5532
805 5533
805 5534
805 5535
808 815
808 816
808 817
808 818
808 5530
808 5532
808 5533
808 5534
808 5535
810 815
810 816
810 817
810 818
810 5530
810 5532
810 5533
810 5534
810 5535
91860 815
91860 816
91860 817
91860 818
91860 5530
91860 5532
91860 5533
91860 5534
91860 5535
815 6772
815 5289
816 6772
816 5289
817 6772
817 5289
818 6772
818 5289
6772 4261
6772 4843
3716 6772
3717 6772
3460 3716
3460 3717
3458 3459
5993 3108
5993 3109
5993 3111
5993 3112
5993 3113
5993 3115
5993 3117
5993 3118
5993 3119
5993 3122
5993 3123
5993 3125
5993 3126
5993 3127
5993 972
5994 3108
5994 3109
5994 3111
5994 3112
5994 3113
5994 3115
5994 3117
5994 3118
5994 3119
5994 3122
5994 3123
5994 3125
5994 3126
5994 3127
5994 972
8625 3108
8625 3109
8625 3111
8625 3112
8625 3113
8625 3115
8625 3117
8625 3118
8625 3119
8625 3122
8625 3123
8625 3125
8625 3126
8625 3127
8625 972
1385 3108
1385 3109
1385 3111
1385 3112
1385 3113
1385 3115
1385 3117
1385 3118
1385 3119
1385 3122
1385 3123
1385 3125
1385 3126
1385 3127
1385 972
4800 3108
4800 3109
4800 3111
4800 3112
4800 3113
4800 3115
4800 3117
4800 3118
4800 3119
4800 3122
4800 3123
4800 3125
4800 3126
4800 3127
4800 972
4801 3108
4801 3109
4801 3111
4801 3112
4801 3113
4801 3115
4801 3117
4801 3118
4801 3119
4801 3122
4801 3123
4801 3125
4801 3126
4801 3127
4801 972
4802 3108
4802 3109
4802 3111
4802 3112
4802 3113
4802 3115
4802 3117
4802 3118
4802 3119
4802 3122
4802 3123
4802 3125
4802 3126
4802 3127
4802 972
7097 4615
1051 4261
1054 4261
4261 5993
4261 5994
4261 8625
4261 4800
4261 4801
4261 4802
4261 1385
5594 4843
5594 7124
5594 3569
5594 3592
5594 3593
5594 3606
5594 51561
5594 3552
5594 3553
5595 4843
5595 7124
5595 3569
5595 3592
5595 3593
5595 3606
5595 51561
5595 3552
5595 3553
4790 1051
4790 1054
4790 4843
4790 7124
4790 3569
4790 3592
4790 3593
4790 3606
4790 51561
4790 3552
4790 3553
5970 1051
5970 1054
5970 4843
5970 7124
5970 3569
5970 3592
5970 3593
5970 3606
5970 51561
5970 3552
5970 3553
7189 4790
7189 5970
7189 1432
7189 5600
7189 5603
7189 6300
7189 5594
7189 5595
7189 5599
7189 5601
7189 5602
929 7099
929 7097
4615 3439
4615 3440
4615 3441
4615 3442
4615 3443
4615 3444
4615 3445
4615 3446
4615 3447
4615 3448
4615 3449
4615 3451
4615 3452
4615 3456
4615 51135
4615 8772
4615 1594
4615 7421
51135 3654
51135 3656
7099 4615
10333 4615
7096 4615
7124 7132
7132 8772
8717 841
8772 841
10000 572
207 572
208 572
841 843
841 637
841 836
637 581
54205 836
317 836
572 596
842 836
596 54205
596 317
596 842
581 54205
581 317
581 842
102723407 2209
102723407 2212
102723407 2213
102723407 2214
102723407 2215
102723407 9103
1520 5993
1520 5994
1520 8625
1520 4800
1520 4801
1520 4802
1520 1385
3587 1520
114609 51135
114609 8772
114609 1594
114609 7421
54106 4615
387 5894
4046 5894
8844 5894
1263 5894
7421 820
64127 8767
8767 4790
8767 5970
8767 1432
8767 5600
8767 5603
8767 6300
8767 5594
8767 5595
8767 5599
8767 5601
8767 5602
64581 6850
6850 64170
6714 6850
64170 4790
64170 5970
10892 4790
10892 5970
8915 4790
8915 5970
26253 6850
2207 6850
3329 7099
3313 7099
3313 7097
3313 10333
3313 7096
5599 4843
5599 7124
5599 3569
5599 3592
5599 3593
5599 3606
5599 51561
5599 3552
5599 3553
5601 4843
5601 7124
5601 3569
5601 3592
5601 3593
5601 3606
5601 51561
5601 3552
5601 3553
5602 4843
5602 7124
5602 3569
5602 3592
5602 3593
5602 3606
5602 51561
5602 3552
5602 3553
1432 4843
1432 7124
1432 3569
1432 3592
1432 3593
1432 3606
1432 51561
1432 3552
1432 3553
5600 4843
5600 7124
5600 3569
5600 3592
5600 3593
5600 3606
5600 51561
5600 3552
5600 3553
5603 4843
5603 7124
5603 3569
5603 3592
5603 3593
5603 3606
5603 51561
5603 3552
5603 3553
6300 4843
6300 7124
6300 3569
6300 3592
6300 3593
6300 3606
6300 51561
6300 3552
6300 3553
3654 7189
3656 7189
3588 1520
718 1378
718 3687
718 3689
718 3684
