51104 51102
5538 51102
58489 51102
81926 51102
9374 51102
51102 1892
51102 3030
51102 51104
51102 5538
51102 58489
51102 81926
51102 9374
1892 3033
1892 3030
1892 51102
3030 10449
3030 3032
3030 3033
3030 3030
3030 1892
3030 51102
10449 51102
10449 3033
10449 3030
3032 51102
3032 3033
3032 3030
3033 10449
3033 3032
3033 1892
3033 3030
51144 201562
51144 401494
51144 51495
51144 9200
51144 54898
51144 60481
51144 64834
51144 6785
51144 79071
51144 79993
51144 83401
9524 10965
9524 11332
9524 117145
9524 122970
9524 284486
9524 641371
201562 9524
401494 9524
51495 9524
9200 9524
