2209 5579
2209 1432
2209 5600
2209 5603
2209 6300
2209 5743
2212 5579
2212 1432
2212 5600
2212 5603
2212 6300
2212 5743
2214 5579
2214 1432
2214 5600
2214 5603
2214 6300
2214 5743
2215 5579
2215 1432
2215 5600
2215 5603
2215 6300
2215 5743
9103 5579
9103 1432
9103 5600
9103 5603
9103 6300
9103 5743
718 1378
718 3684
718 3689
5579 5594
5579 5595
5579 4688
5579 4689
5579 653361
653361 1536
653361 1535
1378 5743
3684 5743
3689 5743
3458 3459
3458 3460
3716 6772
3717 6772
7097 4615
7097 4843
7099 4615
7099 4843
4615 3654
4615 51135
4792 4790
4792 5970
4793 4790
4793 5970
3565 4843
3586 4843
7040 4843
7042 4843
7043 4843
5777 5594
5777 5595
5777 3716
5777 3717
5594 2002
5594 3725
5595 2002
5595 3725
3654 7189
51135 7189
7189 10454
7189 23118
7189 6885
10454 4792
10454 4793
23118 4792
23118 4793
6885 4792
6885 4793
3459 3716
3459 3717
3460 3716
3460 3717
4688 1536
4688 1535
4689 1536
4689 1535
102723407 2209
102723407 2212
102723407 2214
102723407 2215
102723407 9103
