1511 2149
1511 2150
1511 2151
1511 56288
1511 9002
2147 2149
2147 2150
2147 2151
2147 56288
2147 9002
3001 2149
3001 2150
3001 2151
3001 56288
3001 9002
5340 2149
5340 2150
5340 2151
5340 56288
5340 9002
5644 2149
5644 2150
5644 2151
5644 56288
5644 9002
5645 2149
5645 2150
5645 2151
5645 56288
5645 9002
5646 2149
5646 2150
5646 2151
5646 56288
5646 9002
1081 2492
1081 3973
1081 7253
7252 7253
3972 3973
2488 2492
5617 5618
3952 3953
1442 2690
1443 2690
2688 2690
2689 2690
