1812 2778
5499 116443
5499 116444
5499 2902
5499 2903
5499 2904
5499 2905
5499 2906
5500 116443
5500 116444
5500 2902
5500 2903
5500 2904
5500 2905
5500 2906
5501 116443
5501 116444
5501 2902
5501 2903
5501 2904
5501 2905
5501 2906
2778 111
84152 5499
84152 5500
84152 5501
5566 84152
5566 116443
5566 116444
5566 2902
5566 2903
5566 2904
5566 2905
5566 2906
5566 10488
5566 1385
5566 1386
5566 1388
5566 148327
5566 468
5566 64764
5566 84699
5566 90993
5566 9586
10488 1392
10488 4852
10488 627
10488 2354
1385 1392
1385 4852
1385 627
1385 2354
1386 1392
1386 4852
1386 627
1386 2354
1388 1392
1388 4852
1388 627
1388 2354
148327 1392
148327 4852
148327 627
148327 2354
468 1392
468 4852
468 627
468 2354
64764 1392
64764 4852
64764 627
64764 2354
84699 1392
84699 4852
84699 627
84699 2354
90993 1392
90993 4852
90993 627
90993 2354
9586 1392
9586 4852
9586 627
9586 2354
814 10488
814 1385
814 1386
814 1388
814 148327
814 468
814 64764
814 84699
814 90993
814 9586
10013 221613
10013 3012
10013 3013
10013 3014
10013 3015
10013 317772
10013 474381
10013 474382
10013 55506
10013 55766
10013 723790
10013 8329
10013 8330
10013 8331
10013 8332
10013 8334
10013 8335
10013 8336
10013 8337
10013 8338
10013 83740
10013 85235
10013 8969
10013 92815
10013 94239
10013 9555
10013 128312
10013 158983
10013 255626
10013 286436
10013 3017
10013 3018
10013 440689
10013 8339
10013 8340
10013 8341
10013 8342
10013 8343
10013 8344
10013 8345
10013 8346
10013 8347
10013 8348
10013 8349
10013 85236
10013 8970
10014 221613
10014 3012
10014 3013
10014 3014
10014 3015
10014 317772
10014 474381
10014 474382
10014 55506
10014 55766
10014 723790
10014 8329
10014 8330
10014 8331
10014 8332
10014 8334
10014 8335
10014 8336
10014 8337
10014 8338
10014 83740
10014 85235
10014 8969
10014 92815
10014 94239
10014 9555
10014 128312
10014 158983
10014 255626
10014 286436
10014 3017
10014 3018
10014 440689
10014 8339
10014 8340
10014 8341
10014 8342
10014 8343
10014 8344
10014 8345
10014 8346
10014 8347
10014 8348
10014 8349
10014 85236
10014 8970
3065 221613
3065 3012
3065 3013
3065 3014
3065 3015
3065 317772
3065 474381
3065 474382
3065 55506
3065 55766
3065 723790
3065 8329
3065 8330
3065 8331
3065 8332
3065 8334
3065 8335
3065 8336
3065 8337
3065 8338
3065 83740
3065 85235
3065 8969
3065 92815
3065 94239
3065 9555
3065 128312
3065 158983
3065 255626
3065 286436
3065 3017
3065 3018
3065 440689
3065 8339
3065 8340
3065 8341
3065 8342
3065 8343
3065 8344
3065 8345
3065 8346
3065 8347
3065 8348
3065 8349
3065 85236
3065 8970
3066 221613
3066 3012
3066 3013
3066 3014
3066 3015
3066 317772
3066 474381
3066 474382
3066 55506
3066 55766
3066 723790
3066 8329
3066 8330
3066 8331
3066 8332
3066 8334
3066 8335
3066 8336
3066 8337
3066 8338
3066 83740
3066 85235
3066 8969
3066 92815
3066 94239
3066 9555
3066 128312
3066 158983
3066 255626
3066 286436
3066 3017
3066 3018
3066 440689
3066 8339
3066 8340
3066 8341
3066 8342
3066 8343
3066 8344
3066 8345
3066 8346
3066 8347
3066 8348
3066 8349
3066 85236
3066 8970
51564 221613
51564 3012
51564 3013
51564 3014
51564 3015
51564 317772
51564 474381
51564 474382
51564 55506
51564 55766
51564 723790
51564 8329
51564 8330
51564 8331
51564 8332
51564 8334
51564 8335
51564 8336
51564 8337
51564 8338
51564 83740
51564 85235
51564 8969
51564 92815
51564 94239
51564 9555
51564 128312
51564 158983
51564 255626
51564 286436
51564 3017
51564 3018
51564 440689
51564 8339
51564 8340
51564 8341
51564 8342
51564 8343
51564 8344
51564 8345
51564 8346
51564 8347
51564 8348
51564 8349
51564 85236
51564 8970
55869 221613
55869 3012
55869 3013
55869 3014
55869 3015
55869 317772
55869 474381
55869 474382
55869 55506
55869 55766
55869 723790
55869 8329
55869 8330
55869 8331
55869 8332
55869 8334
55869 8335
55869 8336
55869 8337
55869 8338
55869 83740
55869 85235
55869 8969
55869 92815
55869 94239
55869 9555
55869 128312
55869 158983
55869 255626
55869 286436
55869 3017
55869 3018
55869 440689
55869 8339
55869 8340
55869 8341
55869 8342
55869 8343
55869 8344
55869 8345
55869 8346
55869 8347
55869 8348
55869 8349
55869 85236
55869 8970
79885 221613
79885 3012
79885 3013
79885 3014
79885 3015
79885 317772
79885 474381
79885 474382
79885 55506
79885 55766
79885 723790
79885 8329
79885 8330
79885 8331
79885 8332
79885 8334
79885 8335
79885 8336
79885 8337
79885 8338
79885 83740
79885 85235
79885 8969
79885 92815
79885 94239
79885 9555
79885 128312
79885 158983
79885 255626
79885 286436
79885 3017
79885 3018
79885 440689
79885 8339
79885 8340
79885 8341
79885 8342
79885 8343
79885 8344
79885 8345
79885 8346
79885 8347
79885 8348
79885 8349
79885 85236
79885 8970
83933 221613
83933 3012
83933 3013
83933 3014
83933 3015
83933 317772
83933 474381
83933 474382
83933 55506
83933 55766
83933 723790
83933 8329
83933 8330
83933 8331
83933 8332
83933 8334
83933 8335
83933 8336
83933 8337
83933 8338
83933 83740
83933 85235
83933 8969
83933 92815
83933 94239
83933 9555
83933 128312
83933 158983
83933 255626
83933 286436
83933 3017
83933 3018
83933 440689
83933 8339
83933 8340
83933 8341
83933 8342
83933 8343
83933 8344
83933 8345
83933 8346
83933 8347
83933 8348
83933 8349
83933 85236
83933 8970
8841 221613
8841 3012
8841 3013
8841 3014
8841 3015
8841 317772
8841 474381
8841 474382
8841 55506
8841 55766
8841 723790
8841 8329
8841 8330
8841 8331
8841 8332
8841 8334
8841 8335
8841 8336
8841 8337
8841 8338
8841 83740
8841 85235
8841 8969
8841 92815
8841 94239
8841 9555
8841 128312
8841 158983
8841 255626
8841 286436
8841 3017
8841 3018
8841 440689
8841 8339
8841 8340
8841 8341
8841 8342
8841 8343
8841 8344
8841 8345
8841 8346
8841 8347
8841 8348
8841 8349
8841 85236
8841 8970
9734 221613
9734 3012
9734 3013
9734 3014
9734 3015
9734 317772
9734 474381
9734 474382
9734 55506
9734 55766
9734 723790
9734 8329
9734 8330
9734 8331
9734 8332
9734 8334
9734 8335
9734 8336
9734 8337
9734 8338
9734 83740
9734 85235
9734 8969
9734 92815
9734 94239
9734 9555
9734 128312
9734 158983
9734 255626
9734 286436
9734 3017
9734 3018
9734 440689
9734 8339
9734 8340
9734 8341
9734 8342
9734 8343
9734 8344
9734 8345
9734 8346
9734 8347
9734 8348
9734 8349
9734 85236
9734 8970
9759 221613
9759 3012
9759 3013
9759 3014
9759 3015
9759 317772
9759 474381
9759 474382
9759 55506
9759 55766
9759 723790
9759 8329
9759 8330
9759 8331
9759 8332
9759 8334
9759 8335
9759 8336
9759 8337
9759 8338
9759 83740
9759 85235
9759 8969
9759 92815
9759 94239
9759 9555
9759 128312
9759 158983
9759 255626
9759 286436
9759 3017
9759 3018
9759 440689
9759 8339
9759 8340
9759 8341
9759 8342
9759 8343
9759 8344
9759 8345
9759 8346
9759 8347
9759 8348
9759 8349
9759 85236
9759 8970
627 4915
163688 10645
163688 84254
163688 3265
163688 3845
163688 4893
51806 10645
51806 84254
51806 3265
51806 3845
51806 4893
801 10645
801 84254
801 3265
801 3845
801 4893
805 10645
805 84254
805 3265
805 3845
805 4893
808 10645
808 84254
808 3265
808 3845
808 4893
810 10645
810 84254
810 3265
810 3845
810 4893
91860 10645
91860 84254
91860 3265
91860 3845
91860 4893
10645 814
84254 814
1813 10681
1813 2770
1813 2771
1813 2773
1813 2775
1813 2782
1813 2783
1813 2784
1813 2785
1813 2786
1813 2787
1813 2788
1813 2790
1813 2791
1813 2792
1813 2793
1813 51764
1813 54331
1813 55970
1813 59345
1813 94235
10681 111
2770 111
2771 111
2773 111
2775 111
2782 111
2783 111
2784 111
2785 111
2786 111
2787 111
2788 111
2790 111
2791 111
2792 111
2793 111
51764 111
54331 111
55970 111
59345 111
94235 111
135 2778
136 2778
3265 369
3265 5894
3265 673
3845 369
3845 5894
3845 673
4893 369
4893 5894
4893 673
369 5604
5894 5604
673 5604
5604 5594
5604 5595
5594 10488
5594 1385
5594 1386
5594 1388
5594 148327
5594 468
5594 64764
5594 84699
5594 90993
5594 9586
5594 5173
5595 10488
5595 1385
5595 1386
5595 1388
5595 148327
5595 468
5595 64764
5595 84699
5595 90993
5595 9586
5595 5173
8520 121504
8520 554313
8520 8294
8520 8359
8520 8360
8520 8361
8520 8362
8520 8363
8520 8364
8520 8365
8520 8366
8520 8367
8520 8368
8520 8369
8520 8370
8520 126961
8520 3020
8520 3021
8520 333932
8520 440093
8520 653604
8520 8290
8520 8350
8520 8351
8520 8352
8520 8353
8520 8354
8520 8355
8520 8356
8520 8357
8520 8358
8520 8968
6654 3265
6654 3845
6654 4893
6655 3265
6655 3845
6655 4893
5569 5566
