6898 27430
6898 4143
6898 4144
6898 55256
55256 55256
55256 58478
51074 84245
51074 58478
84245 4507
6723 4507
262 6723
262 6611
1491 1036
1491 2805
1491 2806
1491 586
1491 587
1491 64902
102724560 1491
875 1491
4548 10768
4548 191
4548 23382
4548 102724560
4548 875
4548 6898
4548 259307
4548 27430
4548 4143
4548 4144
635 10768
635 191
635 23382
635 102724560
635 875
635 6898
635 259307
635 27430
635 4143
635 4144
27430 1786
27430 1788
27430 1789
27430 262
4143 1786
4143 1788
4143 1789
4143 262
4144 1786
4144 1788
4144 1789
4144 262
10768 102724560
10768 875
10768 1786
10768 1788
10768 1789
191 102724560
191 875
191 1786
191 1788
191 1789
23382 102724560
23382 875
23382 1786
23382 1788
23382 1789
1786 262
1788 262
1789 262
259307 27430
259307 4143
259307 4144
259307 55256
23743 10768
23743 191
23743 23382
23743 102724560
23743 875
23743 6898
23743 259307
23743 27430
23743 4143
23743 4144
2805 4357
2805 7263
2805 160287
2805 3939
2805 3945
2805 3948
2805 92483
2805 1036
2805 4190
2805 4191
2806 4357
2806 7263
2806 160287
2806 3939
2806 3945
2806 3948
2806 92483
2806 1036
2806 4190
2806 4191
1036 1491
1036 2805
1036 2806
4357 1491
4357 160287
4357 3939
4357 3945
4357 3948
4357 92483
7263 1491
7263 160287
7263 3939
7263 3945
7263 3948
7263 92483
6611 4507
586 2729
586 2730
587 2729
587 2730
64902 2729
64902 2730
2729 2937
2730 2937
