23586 57506
57506 7187
57506 8517
57506 1147
57506 3551
7187 29110
7187 9641
29110 3661
29110 3665
9641 3661
9641 3665
7098 148022
148022 7187
148022 7189
148022 8737
4792 4790
4792 5970
8517 4792
7189 8517
7189 1147
7189 3551
3456 3454
3456 3455
3439 3454
3439 3455
3440 3454
3440 3455
3441 3454
3441 3455
3442 3454
3442 3455
3443 3454
3443 3455
3444 3454
3444 3455
3445 3454
3445 3455
3446 3454
3446 3455
3447 3454
3447 3455
3448 3454
3448 3455
3449 3454
3449 3455
3451 3454
3451 3455
3452 3454
3452 3455
3454 3716
3454 7297
3455 3716
3455 7297
3716 6772
3716 6773
7297 6772
7297 6773
6772 10379
6773 10379
9021 3716
9021 7297
5515 6772
5515 6773
5516 6772
5516 6773
5518 6772
5518 6773
5519 6772
5519 6773
5520 6772
5520 6773
5521 6772
5521 6773
5522 6772
5522 6773
55844 6772
55844 6773
8554 6772
8554 6773
27102 4792
27102 3659
27102 1965
27102 1432
27102 5600
27102 5603
27102 6300
440275 4792
440275 3659
440275 1965
440275 1432
440275 5600
440275 5603
440275 6300
5610 4792
5610 3659
5610 1965
5610 1432
5610 5600
5610 5603
5610 6300
9451 4792
9451 3659
9451 1965
9451 1432
9451 5600
9451 5603
9451 6300
3434 3646
439996 3646
1956 2885
2885 6654
2885 6655
6654 3265
6654 3845
6654 4893
6655 3265
6655 3845
6655 4893
3265 369
3265 5894
3265 673
3845 369
3845 5894
3845 673
4893 369
4893 5894
4893 673
369 5594
369 5595
369 5599
369 5601
369 5602
369 1432
369 5600
369 5603
369 6300
5894 5594
5894 5595
5894 5599
5894 5601
5894 5602
5894 1432
5894 5600
5894 5603
5894 6300
673 5594
673 5595
673 5599
673 5601
673 5602
673 1432
673 5600
673 5603
673 6300
5290 5170
5291 5170
5293 5170
5295 5170
5296 5170
8503 5170
10000 2932
10000 572
10000 1026
207 2932
207 572
207 1026
208 2932
208 572
208 1026
1950 1956
7157 1026
7124 7132
7132 8717
7132 7186
8717 4792
7186 4792
5170 10000
5170 207
5170 208
