2149 10672
2149 2776
9002 10672
9002 2776
5028 2776
6915 10672
6915 2776
51206 4067
51206 2534
51206 2207
3673 5290
3673 5291
3673 5293
3673 5295
3673 5296
3673 8503
3688 5290
3688 5291
3688 5293
3688 5295
3688 5296
3688 8503
2814 4067
2814 5290
2814 5291
2814 5293
2814 5295
2814 5296
2814 8503
10125 5906
10125 5908
10125 100137049
10125 123745
10125 255189
10125 283748
10125 5321
10125 8605
10125 8681
10235 5906
10235 5908
10235 100137049
10235 123745
10235 255189
10235 283748
10235 5321
10235 8605
10235 8681
5906 54518
5908 54518
54518 7094
54518 83660
7094 3674
7094 3690
83660 3674
83660 3690
3674 10672
3674 2243
3674 2244
3674 2266
3690 10672
3690 2243
3690 2244
3690 2266
5290 10000
5290 207
5290 208
5290 5336
5290 3937
5290 695
5291 10000
5291 207
5291 208
5291 5336
5291 3937
5291 695
5293 10000
5293 207
5293 208
5293 5336
5293 3937
5293 695
5295 10000
5295 207
5295 208
5295 5336
5295 3937
5295 695
5296 10000
5296 207
5296 208
5296 5336
5296 3937
5296 695
8503 10000
8503 207
8503 208
8503 5336
8503 3937
8503 695
10000 4846
207 4846
208 4846
5592 1432
5592 5600
5592 5603
5592 6300
5593 1432
5593 5600
5593 5603
5593 6300
1432 5594
1432 5595
5600 5594
5600 5595
5603 5594
5603 5595
6300 5594
6300 5595
5594 100137049
5594 123745
5594 255189
5594 283748
5594 5321
5594 8605
5594 8681
5595 100137049
5595 123745
5595 255189
5595 283748
5595 5321
5595 8605
5595 8681
2776 23236
2776 5330
2776 5331
2776 5332
10672 23365
10672 9138
10672 6714
23365 387
9138 387
387 6093
387 9475
6093 4659
6093 5499
6093 5500
6093 5501
9475 4659
9475 5499
9475 5500
9475 5501
4659 103910
4659 10627
5499 103910
5499 10627
5500 103910
5500 10627
5501 103910
5501 10627
340156 103910
340156 10627
4638 103910
4638 10627
85366 103910
85366 10627
91807 103910
91807 10627
64805 2770
64805 2771
64805 2773
2770 146850
2770 23533
2770 5294
2770 107
2770 108
2770 109
2770 111
2770 112
2770 113
2770 114
2770 115
2770 196883
2771 146850
2771 23533
2771 5294
2771 107
2771 108
2771 109
2771 111
2771 112
2771 113
2771 114
2771 115
2771 196883
2773 146850
2773 23533
2773 5294
2773 107
2773 108
2773 109
2773 111
2773 112
2773 113
2773 114
2773 115
2773 196883
5739 2778
2778 107
2778 108
2778 109
2778 111
2778 112
2778 113
2778 114
2778 115
2778 196883
6786 84876
7450 2814
7450 2811
7450 2812
7450 2815
5566 7408
5567 7408
5568 7408
7408 60
7408 71
60 3674
60 3690
71 3674
71 3690
1277 51206
1277 3673
1277 3688
1278 51206
1278 3673
1278 3688
1281 51206
1281 3673
1281 3688
83706 3674
83706 3690
2811 4067
2811 5290
2811 5291
2811 5293
2811 5295
2811 5296
2811 8503
2812 4067
2812 5290
2812 5291
2812 5293
2812 5295
2812 5296
2812 8503
2815 4067
2815 5290
2815 5291
2815 5293
2815 5295
2815 5296
2815 8503
2207 6850
2207 5290
2207 5291
2207 5293
2207 5295
2207 5296
2207 8503
4067 2207
2534 2207
6850 5336
5584 5906
5584 5908
5590 5906
5590 5908
6714 2909
6714 2212
2212 6850
2909 387
