5879 1432
5879 5600
5879 5603
5879 6300
5879 5594
5879 5595
5879 5599
5879 5601
5879 5602
5879 10163
5879 8936
5879 7454
5879 8976
5879 7082
998 1432
998 5600
998 5603
998 6300
998 5594
998 5595
998 5599
998 5601
998 5602
998 10163
998 8936
998 7454
998 8976
998 7082
5599 2353
5599 3725
5599 4790
5599 5970
5601 2353
5601 3725
5601 4790
5601 5970
5602 2353
5602 3725
5602 4790
5602 5970
10163 10092
10163 10093
10163 10094
10163 10095
10163 10109
10163 10552
10163 81873
8936 10092
8936 10093
8936 10094
8936 10095
8936 10109
8936 10552
8936 81873
10092 60
10092 71
10093 60
10093 71
10094 60
10094 71
10095 60
10095 71
10109 60
10109 71
10552 60
10552 71
81873 60
81873 71
7454 10092
7454 10093
7454 10094
7454 10095
7454 10109
7454 10552
7454 81873
8976 10092
8976 10093
8976 10094
8976 10095
8976 10109
8976 10552
8976 81873
391 1432
391 5600
391 5603
391 6300
391 5594
391 5595
391 5599
391 5601
391 5602
391 10163
391 8936
391 7454
391 8976
391 7082
7099 4615
929 7099
7100 4615
4615 4790
4615 5970
2316 60
2316 71
2317 60
2317 71
2318 60
2318 71
345456 60
345456 71
375189 60
375189 71
5216 60
5216 71
5217 60
5217 71
23207 147700
23207 3831
23207 64837
23207 89953
338382 83547
7879 83547
83547 1778
83547 1780
83547 1781
83547 1783
83547 51143
83547 79659
58484 3606
58484 3553
29108 3606
29108 3553
834 3606
834 3553
5594 2353
5594 3725
5594 4790
5594 5970
5595 2353
5595 3725
5595 4790
5595 5970
1432 2353
1432 3725
1432 4790
1432 5970
5600 2353
5600 3725
5600 4790
5600 5970
5603 2353
5603 3725
5603 4790
5603 5970
6300 2353
6300 3725
6300 4790
6300 5970
29941 4790
29941 5970
5585 4790
5585 5970
5586 4790
5586 5970
3458 3459
3458 3460
3459 4843
3460 4843
6093 4627
6093 4628
6093 79784
9475 4627
9475 4628
9475 79784
