10000 4846
207 4846
208 4846
59350 2775
59350 2778
59350 2770
59350 2771
59350 2773
4792 4790
4792 5970
4790 2277
4790 7422
4790 7423
4790 7424
4790 4843
4790 4313
4790 4318
5970 2277
5970 7422
5970 7423
5970 7424
5970 4843
5970 4313
5970 4318
5594 2277
5594 7422
5594 7423
5594 7424
5594 4313
5594 4318
5594 4842
5594 2353
5594 3725
5595 2277
5595 7422
5595 7423
5595 7424
5595 4313
5595 4318
5595 4842
5595 2353
5595 3725
5290 5894
5290 6714
5291 5894
5291 6714
5293 5894
5293 6714
5295 5894
5295 6714
5296 5894
5296 6714
8503 5894
8503 6714
10681 5290
10681 5291
10681 5293
10681 5295
10681 5296
10681 8503
10681 23236
10681 5330
10681 5331
10681 5332
2782 5290
2782 5291
2782 5293
2782 5295
2782 5296
2782 8503
2782 23236
2782 5330
2782 5331
2782 5332
2783 5290
2783 5291
2783 5293
2783 5295
2783 5296
2783 8503
2783 23236
2783 5330
2783 5331
2783 5332
2784 5290
2784 5291
2784 5293
2784 5295
2784 5296
2784 8503
2784 23236
2784 5330
2784 5331
2784 5332
2785 5290
2785 5291
2785 5293
2785 5295
2785 5296
2785 8503
2785 23236
2785 5330
2785 5331
2785 5332
2786 5290
2786 5291
2786 5293
2786 5295
2786 5296
2786 8503
2786 23236
2786 5330
2786 5331
2786 5332
2787 5290
2787 5291
2787 5293
2787 5295
2787 5296
2787 8503
2787 23236
2787 5330
2787 5331
2787 5332
2788 5290
2788 5291
2788 5293
2788 5295
2788 5296
2788 8503
2788 23236
2788 5330
2788 5331
2788 5332
2790 5290
2790 5291
2790 5293
2790 5295
2790 5296
2790 8503
2790 23236
2790 5330
2790 5331
2790 5332
2791 5290
2791 5291
2791 5293
2791 5295
2791 5296
2791 8503
2791 23236
2791 5330
2791 5331
2791 5332
2792 5290
2792 5291
2792 5293
2792 5295
2792 5296
2792 8503
2792 23236
2792 5330
2792 5331
2792 5332
2793 5290
2793 5291
2793 5293
2793 5295
2793 5296
2793 8503
2793 23236
2793 5330
2793 5331
2793 5332
51764 5290
51764 5291
51764 5293
51764 5295
51764 5296
51764 8503
51764 23236
51764 5330
51764 5331
51764 5332
54331 5290
54331 5291
54331 5293
54331 5295
54331 5296
54331 8503
54331 23236
54331 5330
54331 5331
54331 5332
55970 5290
55970 5291
55970 5293
55970 5295
55970 5296
55970 8503
55970 23236
55970 5330
55970 5331
55970 5332
59345 5290
59345 5291
59345 5293
59345 5295
59345 5296
59345 8503
59345 23236
59345 5330
59345 5331
59345 5332
94235 5290
94235 5291
94235 5293
94235 5295
94235 5296
94235 8503
94235 23236
94235 5330
94235 5331
94235 5332
10488 2277
10488 7422
10488 7423
10488 7424
1385 2277
1385 7422
1385 7423
1385 7424
1386 2277
1386 7422
1386 7423
1386 7424
1388 2277
1388 7422
1388 7423
1388 7424
148327 2277
148327 7422
148327 7423
148327 7424
468 2277
468 7422
468 7423
468 7424
64764 2277
64764 7422
64764 7423
64764 7424
84699 2277
84699 7422
84699 7423
84699 7424
90993 2277
90993 7422
90993 7423
90993 7424
9586 2277
9586 7422
9586 7423
9586 7424
5590 111
5566 10488
5566 1385
5566 1386
5566 1388
5566 148327
5566 468
5566 64764
5566 84699
5566 90993
5566 9586
5566 4792
5567 10488
5567 1385
5567 1386
5567 1388
5567 148327
5567 468
5567 64764
5567 84699
5567 90993
5567 9586
5567 4792
5568 10488
5568 1385
5568 1386
5568 1388
5568 148327
5568 468
5568 64764
5568 84699
5568 90993
5568 9586
5568 4792
6013 59350
6013 122042
6019 59350
6019 122042
1906 1910
1910 2775
1910 2770
1910 2771
1910 2773
2778 111
2778 10681
2778 2782
2778 2783
2778 2784
2778 2785
2778 2786
2778 2787
2778 2788
2778 2790
2778 2791
2778 2792
2778 2793
2778 51764
2778 54331
2778 55970
2778 59345
2778 94235
2778 107
2778 108
2778 109
2778 112
2778 113
2778 114
2778 115
2778 196883
2775 111
2775 10681
2775 2782
2775 2783
2775 2784
2775 2785
2775 2786
2775 2787
2775 2788
2775 2790
2775 2791
2775 2792
2775 2793
2775 51764
2775 54331
2775 55970
2775 59345
2775 94235
2775 107
2775 108
2775 109
2775 112
2775 113
2775 114
2775 115
2775 196883
2770 10681
2770 2782
2770 2783
2770 2784
2770 2785
2770 2786
2770 2787
2770 2788
2770 2790
2770 2791
2770 2792
2770 2793
2770 51764
2770 54331
2770 55970
2770 59345
2770 94235
2770 107
2770 108
2770 109
2770 111
2770 112
2770 113
2770 114
2770 115
2770 196883
2771 10681
2771 2782
2771 2783
2771 2784
2771 2785
2771 2786
2771 2787
2771 2788
2771 2790
2771 2791
2771 2792
2771 2793
2771 51764
2771 54331
2771 55970
2771 59345
2771 94235
2771 107
2771 108
2771 109
2771 111
2771 112
2771 113
2771 114
2771 115
2771 196883
2773 10681
2773 2782
2773 2783
2773 2784
2773 2785
2773 2786
2773 2787
2773 2788
2773 2790
2773 2791
2773 2792
2773 2793
2773 51764
2773 54331
2773 55970
2773 59345
2773 94235
2773 107
2773 108
2773 109
2773 111
2773 112
2773 113
2773 114
2773 115
2773 196883
4313 1906
4318 1906
7040 7046
7040 7048
4087 59
4087 1277
4087 1278
4087 1281
4087 1282
4087 1284
4087 1285
4087 1286
4087 1287
4087 1288
4088 59
4088 1277
4088 1278
4088 1281
4088 1282
4088 1284
4088 1285
4088 1286
4088 1287
4088 1288
122042 2775
122042 2778
3640 122042
51289 2775
51289 2770
51289 2771
51289 2773
51289 1956
51289 408
51289 409
117579 51289
6714 25759
6714 399694
6714 53358
6714 6464
3265 5894
3845 5894
4893 5894
5894 5604
5894 5605
5604 5594
5604 5595
5605 5594
5605 5595
23236 5578
5330 5578
5331 5578
5332 5578
5578 4792
5578 5609
5578 6416
5578 3265
5578 3845
5578 4893
25759 6654
25759 6655
399694 6654
399694 6655
53358 6654
53358 6655
6464 6654
6464 6655
6654 3265
6654 3845
6654 4893
6655 3265
6655 3845
6655 4893
339403 2775
339403 2770
339403 2771
339403 2773
339403 2769
2769 23236
2769 5330
2769 5331
2769 5332
10022 339403
7046 4087
7046 4088
7048 4087
7048 4088
5609 1432
5609 5600
5609 5603
5609 6300
5609 5599
5609 5601
5609 5602
6416 1432
6416 5600
6416 5603
6416 6300
6416 5599
6416 5601
6416 5602
1432 2353
1432 3725
5600 2353
5600 3725
5603 2353
5603 3725
6300 2353
6300 3725
5599 2353
5599 3725
5601 2353
5601 3725
5602 2353
5602 3725
1956 2885
2885 25759
2885 399694
2885 53358
2885 6464
