5599 3667
5599 8660
5601 3667
5601 8660
5602 3667
5602 8660
7124 7132
7132 5599
7132 5601
7132 5602
7132 3551
3551 4792
3551 3667
3551 8660
2475 6198
2475 6199
6198 3667
6199 3667
3643 3667
3643 8660
3643 8473
3667 5290
3667 5291
3667 5293
3667 5295
3667 5296
3667 8503
5290 5590
5291 5590
5293 5590
5295 5590
5296 5590
8503 5590
208 4846
208 2932
208 2308
2932 2997
2932 2998
5579 3643
5579 3667
5580 3667
5588 3667
3630 27330
3630 6195
3630 6196
3630 6197
3630 3643
3630 10062
3630 7376
3630 6720
5524 208
3569 6774
6774 9021
9021 3667
9021 6720
9021 8660
4792 4790
4792 5970
4790 4846
4790 3569
4790 7124
5970 4846
5970 3569
5970 7124
5499 2997
5499 2998
5499 5834
5499 5836
5499 5837
5500 2997
5500 2998
5500 5834
5500 5836
5500 5837
5501 2997
5501 2998
5501 5834
5501 5836
5501 5837
5506 2997
5506 2998
5506 5834
5506 5836
5506 5837
5507 2997
5507 2998
5507 5834
5507 5836
5507 5837
5509 2997
5509 2998
5509 5834
5509 5836
5509 5837
79660 2997
79660 2998
79660 5834
79660 5836
79660 5837
90673 2997
90673 2998
90673 5834
90673 5836
90673 5837
2997 8473
2998 8473
5770 3643
5770 3667
5781 3643
5781 3667
5792 3643
5792 3667
27330 5499
27330 5500
27330 5501
27330 5506
27330 5507
27330 5509
27330 79660
27330 90673
6195 5499
6195 5500
6195 5501
6195 5506
6195 5507
6195 5509
6195 79660
6195 90673
6196 5499
6196 5500
6196 5501
6196 5506
6196 5507
6196 5509
6196 79660
6196 90673
6197 5499
6197 5500
6197 5501
6197 5506
6197 5507
6197 5509
6197 79660
6197 90673
8660 5290
8660 5291
8660 5293
8660 5295
8660 5296
8660 8503
5581 5599
5581 5601
5581 5602
22877 32
51085 32
6945 32
133522 6720
133522 22877
133522 51085
133522 6945
6720 8660
6720 32
2308 5105
2308 5106
2308 2538
2308 57818
2308 92579
10891 5465
10891 8473
5465 57761
57761 208
10062 6720
7376 6720
5170 10000
5170 207
5170 208
10000 4846
10000 2932
10000 2308
207 4846
207 2932
207 2308
10724 8473
8473 3667
8473 5290
8473 5291
8473 5293
8473 5295
8473 5296
8473 8503
8473 5170
8473 4846
8473 10000
8473 207
8473 208
8473 2932
8473 10062
8473 7376
8473 22877
8473 51085
8473 6945
8473 200186
8473 2308
200186 10488
200186 1385
200186 148327
200186 64764
200186 84699
200186 90993
200186 9586
10488 10891
1385 10891
148327 10891
64764 10891
84699 10891
90993 10891
9586 10891
51422 32
53632 32
5562 32
5563 32
5564 32
5565 32
5571 32
