1499 1495
1499 1496
1499 29119
1499 79658
5879 10163
5879 8936
999 1499
79658 60
79658 71
998 7454
998 8976
6714 2017
6714 3059
6714 5747
2017 1759
2017 1785
2017 26052
3059 1759
3059 1785
3059 26052
3678 3611
3688 3611
10092 60
10092 71
10093 60
10093 71
10094 60
10094 71
10095 60
10095 71
10109 60
10109 71
10552 60
10552 71
81873 60
81873 71
1793 5879
5829 60
5829 71
5747 9564
1398 1793
1399 1793
5290 998
5291 998
5293 998
5295 998
5296 998
8503 998
867 4233
4233 2549
9564 5829
10163 10092
10163 10093
10163 10094
10163 10095
10163 10109
10163 10552
10163 81873
8936 10092
8936 10093
8936 10094
8936 10095
8936 10109
8936 10552
8936 81873
7454 10092
7454 10093
7454 10094
7454 10095
7454 10109
7454 10552
7454 81873
8976 10092
8976 10093
8976 10094
8976 10095
8976 10109
8976 10552
8976 81873
2549 5290
2549 5291
2549 5293
2549 5295
2549 5296
2549 8503
2549 1398
2549 1399
2335 3678
2335 3688
3611 5829
391 63916
391 79767
391 9844
26084 391
7414 60
7414 71
387 60
387 71
63916 1793
79767 1793
9844 1793
