7419 4772
7419 4773
7419 4775
7419 4776
7419 2185
54205 842
10542 842
842 836
317 842
100506742 842
581 54205
332 842
5578 5894
5579 5894
5582 5894
5894 5604
5894 5605
5894 4790
5894 5970
5894 4792
5604 5594
5604 5595
5605 5594
5605 5595
5594 10488
5594 1385
5594 1386
5594 1388
5594 148327
5594 468
5594 64764
5594 84699
5594 90993
5594 9586
5594 2353
5594 4609
5594 2002
5594 6774
5595 10488
5595 1385
5595 1386
5595 1388
5595 148327
5595 468
5595 64764
5595 84699
5595 90993
5595 9586
5595 2353
5595 4609
5595 2002
5595 6774
2353 4318
4790 4790
4790 5970
4790 4792
4790 4318
4790 596
4790 7124
4790 3569
5970 4792
5970 4318
5970 596
5970 4790
5970 5970
5970 7124
5970 3569
10488 3576
10488 5111
1385 3576
1385 5111
1386 3576
1386 5111
1388 3576
1388 5111
148327 3576
148327 5111
468 3576
468 5111
64764 3576
64764 5111
84699 3576
84699 5111
90993 3576
90993 5111
9586 3576
9586 5111
3716 6772
3716 6773
3716 6774
3716 6775
3716 6776
3716 6777
3716 6778
6772 4615
2185 6714
6714 2885
6714 3716
6714 6774
2885 3265
2885 3845
2885 4893
3265 4214
3845 4214
4893 4214
4214 5599
4214 5601
4214 5602
5599 3725
5599 4089
5599 1386
5599 4088
5601 3725
5601 4089
5601 1386
5601 4088
5602 3725
5602 4089
5602 1386
5602 4088
537 5578
537 5579
537 5582
4772 7124
4773 7124
4775 7124
4776 7124
7157 1027
7157 1026
7157 5728
5290 10000
5290 207
5290 208
5291 10000
5291 207
5291 208
5293 10000
5293 207
5293 208
5295 10000
5295 207
5295 208
5296 10000
5296 207
5296 208
8503 10000
8503 207
8503 208
10000 1147
10000 3551
10000 8517
10000 572
207 1147
207 3551
207 8517
207 572
208 1147
208 3551
208 8517
208 572
572 836
1147 4790
1147 5970
3551 4790
3551 5970
8517 4790
8517 5970
596 581
355 8772
356 355
8772 841
8772 843
841 836
843 836
7040 7046
7040 5599
7040 5601
7040 5602
7042 7046
7042 5599
7042 5601
7042 5602
7043 7046
7043 5599
7043 5601
7043 5602
7046 4088
4088 4088
4088 4609
4088 1026
1026 1017
1387 356
1387 10488
1387 1385
1387 1386
1387 1388
1387 148327
1387 468
1387 64764
1387 84699
1387 90993
1387 9586
2033 356
2033 10488
2033 1385
2033 1386
2033 1388
2033 148327
2033 468
2033 64764
2033 84699
2033 90993
2033 9586
1959 356
1960 356
1654 9641
29110 3661
29110 3665
9641 3661
9641 3665
3661 3456
3665 3456
7098 148022
148022 3661
148022 29110
148022 9641
23586 57506
57506 29110
57506 9641
64135 57506
3454 6772
3454 6773
3439 3454
3440 3454
3441 3454
3442 3454
3443 3454
3444 3454
3445 3454
3446 3454
3447 3454
3448 3454
3449 3454
3451 3454
3452 3454
7099 353376
353376 148022
7097 114609
114609 4615
4615 4790
4615 5970
1019 5925
1021 5925
5925 1869
5925 1870
5925 1871
5728 5290
5728 5291
5728 5293
5728 5295
5728 5296
5728 8503
