2099 10498
2099 5469
2099 8202
2099 9611
2100 10498
2100 5469
2100 8202
2100 9611
2852 2778
2852 5747
2852 6714
6714 4313
6714 4318
6714 2099
6714 2100
6714 10498
6714 5469
6714 8202
6714 2353
6714 3725
6714 6667
4313 1839
4318 1839
1839 1839
1839 1956
1956 25759
1956 399694
1956 53358
1956 6464
1956 5290
1956 5291
1956 5293
1956 5295
1956 5296
1956 8503
10498 2353
10498 3725
10498 6667
10498 6714
5469 2353
5469 3725
5469 6667
5469 6714
8202 2353
8202 3725
8202 6667
8202 6714
5566 369
5566 5894
5566 673
5566 2099
5566 2100
5566 10498
5566 5469
5566 8202
5566 2353
5566 3725
5566 6667
5566 6198
5566 6199
5567 369
5567 5894
5567 673
5567 2099
5567 2100
5567 10498
5567 5469
5567 8202
5567 2353
5567 3725
5567 6667
5567 6198
5567 6199
5568 369
5568 5894
5568 673
5568 2099
5568 2100
5568 10498
5568 5469
5568 8202
5568 2353
5568 3725
5568 6667
5568 6198
5568 6199
3265 369
3265 5894
3265 673
3845 369
3845 5894
3845 673
4893 369
4893 5894
4893 673
369 5604
369 5605
5894 5604
5894 5605
673 5604
673 5605
5604 5594
5604 5595
5605 5594
5605 5595
5594 3725
5594 2353
5595 3725
5595 2353
25759 2885
399694 2885
53358 2885
6464 2885
2885 6654
2885 6655
6654 3265
6654 3845
6654 4893
6655 3265
6655 3845
6655 4893
2778 6714
2778 107
2778 108
2778 109
2778 111
2778 112
2778 113
2778 114
2778 115
2778 196883
5290 10000
5290 207
5290 208
5291 10000
5291 207
5291 208
5293 10000
5293 207
5293 208
5295 10000
5295 207
5295 208
5296 10000
5296 207
5296 208
8503 10000
8503 207
8503 208
10000 2475
207 2475
208 2475
1432 2099
1432 2100
1432 10498
1432 5469
1432 8202
1432 2353
1432 3725
1432 6667
5600 2099
5600 2100
5600 10498
5600 5469
5600 8202
5600 2353
5600 3725
5600 6667
5603 2099
5603 2100
5603 10498
5603 5469
5603 8202
5603 2353
5603 3725
5603 6667
6300 2099
6300 2100
6300 10498
6300 5469
6300 8202
6300 2353
6300 3725
6300 6667
5599 2099
5599 2100
5599 10498
5599 5469
5599 8202
5599 2353
5599 3725
5599 6667
5601 2099
5601 2100
5601 10498
5601 5469
5601 8202
5601 2353
5601 3725
5601 6667
5602 2099
5602 2100
5602 10498
5602 5469
5602 8202
5602 2353
5602 3725
5602 6667
182 4851
182 4853
182 4854
182 4855
3714 4851
3714 4853
3714 4854
3714 4855
4193 7157
7157 1029
7157 1031
7157 1026
7157 1027
1029 1019
1031 1019
1026 1019
1027 1019
595 1019
1019 5925
5925 1869
5925 1870
5925 1871
2475 6198
2475 6199
6198 10498
6198 5469
6198 8202
6198 2099
6198 2100
6198 2353
6198 3725
6198 6667
6199 10498
6199 5469
6199 8202
6199 2099
6199 2100
6199 2353
6199 3725
6199 6667
3479 3480
3480 25759
3480 399694
3480 53358
3480 6464
3480 5290
3480 5291
3480 5293
3480 5295
3480 5296
3480 8503
2064 25759
2064 399694
2064 53358
2064 6464
2064 5290
2064 5291
2064 5293
2064 5295
2064 5296
2064 8503
596 581
596 572
596 638
5747 6714
5747 5290
5747 5291
5747 5293
5747 5295
5747 5296
5747 8503
10683 4851
10683 4853
10683 4854
10683 4855
28514 4851
28514 4853
28514 4854
28514 4855
54567 4851
54567 4853
54567 4854
54567 4855
