10000 2309
10000 2932
207 2309
207 2932
208 2309
208 2932
5594 2353
5595 2353
5604 5594
5604 5595
5605 5594
5605 5595
5894 5604
5894 5605
5894 5290
5894 5291
5894 5293
5894 5295
5894 5296
5894 8503
3265 5894
3265 5599
3265 5601
3265 5602
3845 5894
3845 5599
3845 5601
3845 5602
4893 5894
4893 5599
4893 5601
4893 5602
5617 5618
5618 3717
3717 25759
3717 399694
3717 53358
3717 6464
3717 6772
3717 6774
3717 6776
3717 6777
6772 595
6772 1154
6772 8600
6772 2001
6772 1447
6772 3973
6772 2099
6772 2100
6772 3659
6772 7054
6772 5618
6772 6514
6772 2645
6772 894
6772 3630
6774 595
6774 1154
6774 8600
6774 2001
6774 1447
6774 3973
6774 2099
6774 2100
6774 3659
6774 7054
6774 5618
6774 6514
6774 2645
6774 894
6774 3630
6776 595
6776 1154
6776 8600
6776 2001
6776 1447
6776 3973
6776 2099
6776 2100
6776 3659
6776 7054
6776 5618
6776 6514
6776 2645
6776 894
6776 3630
6777 595
6777 1154
6777 8600
6777 2001
6777 1447
6777 3973
6777 2099
6777 2100
6777 3659
6777 7054
6777 5618
6777 6514
6777 2645
6777 894
6777 3630
25759 6714
25759 2885
399694 6714
399694 2885
53358 6714
53358 2885
6464 6714
6464 2885
6714 5290
6714 5291
6714 5293
6714 5295
6714 5296
6714 8503
2885 6654
2885 6655
6654 3265
6654 3845
6654 4893
6655 3265
6655 3845
6655 4893
2309 2592
5599 1432
5599 5600
5599 5603
5599 6300
5601 1432
5601 5600
5601 5603
5601 6300
5602 1432
5602 5600
5602 5603
5602 6300
1432 5594
1432 5595
5600 5594
5600 5595
5603 5594
5603 5595
6300 5594
6300 5595
122809 3717
122809 6772
122809 6774
122809 6776
122809 6777
30837 3717
30837 6772
30837 6774
30837 6776
30837 6777
8651 3717
8651 6772
8651 6774
8651 6776
8651 6777
8835 3717
8835 6772
8835 6774
8835 6776
8835 6777
9021 3717
9021 6772
9021 6774
9021 6776
9021 6777
9306 3717
9306 6772
9306 6774
9306 6776
9306 6777
9655 3717
9655 6772
9655 6774
9655 6776
9655 6777
1154 5618
8600 8792
3973 1586
1081 3973
3972 3973
2932 595
2353 595
8792 4790
8792 5970
4790 595
5970 595
