8411 5289
5868 5289
5869 5289
5878 5289
338382 10376
338382 112714
338382 113457
338382 51807
338382 7277
338382 7278
338382 7846
338382 79861
338382 84790
338382 10381
338382 10382
338382 10383
338382 203068
338382 347688
338382 347733
338382 7280
338382 81027
338382 84617
7879 10376
7879 112714
7879 113457
7879 51807
7879 7277
7879 7278
7879 7846
7879 79861
7879 84790
7879 10381
7879 10382
7879 10383
7879 203068
7879 347688
7879 347733
7879 7280
7879 81027
7879 84617
83547 10376
83547 112714
83547 113457
83547 51807
83547 7277
83547 7278
83547 7846
83547 79861
83547 84790
83547 10381
83547 10382
83547 10383
83547 203068
83547 347688
83547 347733
83547 7280
83547 81027
83547 84617
1778 10376
1778 112714
1778 113457
1778 51807
1778 7277
1778 7278
1778 7846
1778 79861
1778 84790
1778 10381
1778 10382
1778 10383
1778 203068
1778 347688
1778 347733
1778 7280
1778 81027
1778 84617
1780 10376
1780 112714
1780 113457
1780 51807
1780 7277
1780 7278
1780 7846
1780 79861
1780 84790
1780 10381
1780 10382
1780 10383
1780 203068
1780 347688
1780 347733
1780 7280
1780 81027
1780 84617
1781 10376
1781 112714
1781 113457
1781 51807
1781 7277
1781 7278
1781 7846
1781 79861
1781 84790
1781 10381
1781 10382
1781 10383
1781 203068
1781 347688
1781 347733
1781 7280
1781 81027
1781 84617
1783 10376
1783 112714
1783 113457
1783 51807
1783 7277
1783 7278
1783 7846
1783 79861
1783 84790
1783 10381
1783 10382
1783 10383
1783 203068
1783 347688
1783 347733
1783 7280
1783 81027
1783 84617
51143 10376
51143 112714
51143 113457
51143 51807
51143 7277
51143 7278
51143 7846
51143 79861
51143 84790
51143 10381
51143 10382
51143 10383
51143 203068
51143 347688
51143 347733
51143 7280
51143 81027
51143 84617
79659 10376
79659 112714
79659 113457
79659 51807
79659 7277
79659 7278
79659 7846
79659 79861
79659 84790
79659 10381
79659 10382
79659 10383
79659 203068
79659 347688
79659 347733
79659 7280
79659 81027
79659 84617
10376 10381
10376 10382
10376 10383
10376 203068
10376 347688
10376 347733
10376 7280
10376 81027
10376 84617
112714 10381
112714 10382
112714 10383
112714 203068
112714 347688
112714 347733
112714 7280
112714 81027
112714 84617
113457 10381
113457 10382
113457 10383
113457 203068
113457 347688
113457 347733
113457 7280
113457 81027
113457 84617
51807 10381
51807 10382
51807 10383
51807 203068
51807 347688
51807 347733
51807 7280
51807 81027
51807 84617
7277 10381
7277 10382
7277 10383
7277 203068
7277 347688
7277 347733
7277 7280
7277 81027
7277 84617
7278 10381
7278 10382
7278 10383
7278 203068
7278 347688
7278 347733
7278 7280
7278 81027
7278 84617
7846 10381
7846 10382
7846 10383
7846 203068
7846 347688
7846 347733
7846 7280
7846 81027
7846 84617
79861 10381
79861 10382
79861 10383
79861 203068
79861 347688
79861 347733
79861 7280
79861 81027
79861 84617
84790 10381
84790 10382
84790 10383
84790 203068
84790 347688
84790 347733
84790 7280
84790 81027
84790 84617
