8611 10390
8611 56994
8612 10390
8612 56994
8613 10390
8613 56994
10390 254531
10390 54947
10390 79888
10390 8611
10390 8612
10390 8613
10390 10390
10390 56994
10390 100137049
10390 11145
10390 123745
10390 151056
10390 255189
10390 26279
10390 283748
10390 30814
10390 391013
10390 50487
10390 5319
10390 5320
10390 5321
10390 5322
10390 64600
10390 81579
10390 8398
10390 8399
10390 84647
10390 8605
10390 8681
10390 122618
10390 23646
10390 5337
10390 5338
56994 254531
56994 54947
56994 79888
85465 8611
85465 8612
85465 8613
85465 10390
85465 56994
85465 254531
85465 100137049
85465 11145
85465 123745
85465 151056
85465 255189
85465 26279
85465 283748
85465 30814
85465 391013
85465 50487
85465 5319
85465 5320
85465 5321
85465 5322
85465 64600
85465 81579
85465 8398
85465 8399
85465 84647
85465 8605
85465 8681
85465 122618
85465 23646
85465 5337
85465 5338
5048 10390
5048 56994
5048 100137049
5048 11145
5048 123745
5048 151056
5048 255189
5048 26279
5048 283748
5048 30814
5048 391013
5048 50487
5048 5319
5048 5320
5048 5321
5048 5322
5048 64600
5048 81579
5048 8398
5048 8399
5048 84647
5048 8605
5048 8681
5048 54947
5048 79888
5049 10390
5049 56994
5049 100137049
5049 11145
5049 123745
5049 151056
5049 255189
5049 26279
5049 283748
5049 30814
5049 391013
5049 50487
5049 5319
5049 5320
5049 5321
5049 5322
5049 64600
5049 81579
5049 8398
5049 8399
5049 84647
5049 8605
5049 8681
5049 54947
5049 79888
5050 10390
5050 56994
5050 100137049
5050 11145
5050 123745
5050 151056
5050 255189
5050 26279
5050 283748
5050 30814
5050 391013
5050 50487
5050 5319
5050 5320
5050 5321
5050 5322
5050 64600
5050 81579
5050 8398
5050 8399
5050 84647
5050 8605
5050 8681
5050 54947
5050 79888
5051 10390
5051 56994
5051 100137049
5051 11145
5051 123745
5051 151056
5051 255189
5051 26279
5051 283748
5051 30814
5051 391013
5051 50487
5051 5319
5051 5320
5051 5321
5051 5322
5051 64600
5051 81579
5051 8398
5051 8399
5051 84647
5051 8605
5051 8681
5051 54947
5051 79888
7941 10390
7941 56994
7941 100137049
7941 11145
7941 123745
7941 151056
7941 255189
7941 26279
7941 283748
7941 30814
7941 391013
7941 50487
7941 5319
7941 5320
7941 5321
7941 5322
7941 64600
7941 81579
7941 8398
7941 8399
7941 84647
7941 8605
7941 8681
7941 54947
7941 79888
100137049 254531
100137049 54947
100137049 79888
100137049 10390
100137049 56994
100137049 133121
11145 254531
11145 54947
11145 79888
11145 10390
11145 56994
11145 133121
123745 254531
123745 54947
123745 79888
123745 10390
123745 56994
123745 133121
151056 254531
151056 54947
151056 79888
151056 10390
151056 56994
151056 133121
255189 254531
255189 54947
255189 79888
255189 10390
255189 56994
255189 133121
26279 254531
26279 54947
26279 79888
26279 10390
26279 56994
26279 133121
283748 254531
283748 54947
283748 79888
283748 10390
283748 56994
283748 133121
30814 254531
30814 54947
30814 79888
30814 10390
30814 56994
30814 133121
391013 254531
391013 54947
391013 79888
391013 10390
391013 56994
391013 133121
50487 254531
50487 54947
50487 79888
50487 10390
50487 56994
50487 133121
5319 254531
5319 54947
5319 79888
5319 10390
5319 56994
5319 133121
5320 254531
5320 54947
5320 79888
5320 10390
5320 56994
5320 133121
5321 254531
5321 54947
5321 79888
5321 10390
5321 56994
5321 133121
5322 254531
5322 54947
5322 79888
5322 10390
5322 56994
5322 133121
64600 254531
64600 54947
64600 79888
64600 10390
64600 56994
64600 133121
81579 254531
81579 54947
81579 79888
81579 10390
81579 56994
81579 133121
8398 254531
8398 54947
8398 79888
8398 10390
8398 56994
8398 133121
8399 254531
8399 54947
8399 79888
8399 10390
8399 56994
8399 133121
84647 254531
84647 54947
84647 79888
84647 10390
84647 56994
84647 133121
8605 254531
8605 54947
8605 79888
8605 10390
8605 56994
8605 133121
8681 254531
8681 54947
8681 79888
8681 10390
8681 56994
8681 133121
54947 254531
54947 54947
54947 79888
54947 10390
54947 56994
79888 254531
79888 54947
79888 79888
79888 10390
79888 56994
255043 133121
255043 100137049
255043 11145
255043 123745
255043 151056
255043 255189
255043 26279
255043 283748
255043 30814
255043 391013
255043 50487
255043 5319
255043 5320
255043 5321
255043 5322
255043 64600
255043 81579
255043 8398
255043 8399
255043 84647
255043 8605
255043 8681
255043 254531
122618 254531
122618 100137049
122618 11145
122618 123745
122618 151056
122618 255189
122618 26279
122618 283748
122618 30814
122618 391013
122618 50487
122618 5319
122618 5320
122618 5321
122618 5322
122618 64600
122618 81579
122618 8398
122618 8399
122618 84647
122618 8605
122618 8681
23646 254531
23646 100137049
23646 11145
23646 123745
23646 151056
23646 255189
23646 26279
23646 283748
23646 30814
23646 391013
23646 50487
23646 5319
23646 5320
23646 5321
23646 5322
23646 64600
23646 81579
23646 8398
23646 8399
23646 84647
23646 8605
23646 8681
5337 254531
5337 100137049
5337 11145
5337 123745
5337 151056
5337 255189
5337 26279
5337 283748
5337 30814
5337 391013
5337 50487
5337 5319
5337 5320
5337 5321
5337 5322
5337 64600
5337 81579
5337 8398
5337 8399
5337 84647
5337 8605
5337 8681
5338 254531
5338 100137049
5338 11145
5338 123745
5338 151056
5338 255189
5338 26279
5338 283748
5338 30814
5338 391013
5338 50487
5338 5319
5338 5320
5338 5321
5338 5322
5338 64600
5338 81579
5338 8398
5338 8399
5338 84647
5338 8605
5338 8681
284161 255043
284161 133121
284161 100137049
284161 11145
284161 123745
284161 151056
284161 255189
284161 26279
284161 283748
284161 30814
284161 391013
284161 50487
284161 5319
284161 5320
284161 5321
284161 5322
284161 64600
284161 81579
284161 8398
284161 8399
284161 84647
284161 8605
284161 8681
284161 254531
5168 255043
5168 133121
5168 100137049
5168 11145
5168 123745
5168 151056
5168 255189
5168 26279
5168 283748
5168 30814
5168 391013
5168 50487
5168 5319
5168 5320
5168 5321
5168 5322
5168 64600
5168 81579
5168 8398
5168 8399
5168 84647
5168 8605
5168 8681
5168 254531
79153 255043
79153 133121
79153 100137049
79153 11145
79153 123745
79153 151056
79153 255189
79153 26279
79153 283748
79153 30814
79153 391013
79153 50487
79153 5319
79153 5320
79153 5321
79153 5322
79153 64600
79153 81579
79153 8398
79153 8399
79153 84647
79153 8605
79153 8681
79153 254531
133121 254531
7368 8611
7368 8612
7368 8613
7368 10390
7368 85465
7368 56994
7368 9514
