2778 107
2778 108
2778 109
2778 111
2778 112
2778 113
2778 114
2778 115
2778 196883
5566 5346
5566 3991
5567 5346
5567 3991
5568 5346
5568 3991
153 2778
154 2778
155 2778
5592 5346
5592 3991
5593 5346
5593 3991
57104 51099
5733 2770
5733 2771
5733 2773
2770 107
2770 108
2770 109
2770 111
2770 112
2770 113
2770 114
2770 115
2770 196883
2771 107
2771 108
2771 109
2771 111
2771 112
2771 113
2771 114
2771 115
2771 196883
2773 107
2773 108
2773 109
2773 111
2773 112
2773 113
2773 114
2773 115
2773 196883
3630 3643
3643 3667
3643 8471
3643 8660
3643 11145
3643 57104
5290 10000
5290 207
5290 208
5291 10000
5291 207
5291 208
5293 10000
5293 207
5293 208
5295 10000
5295 207
5295 208
5296 10000
5296 207
5296 208
8503 10000
8503 207
8503 208
3667 5290
3667 5291
3667 5293
3667 5295
3667 5296
3667 8503
8471 5290
8471 5291
8471 5293
8471 5295
8471 5296
8471 8503
8660 5290
8660 5291
8660 5293
8660 5295
8660 5296
8660 8503
134 2770
134 2771
134 2773
7253 2778
1081 7253
7252 7253
4886 2770
4886 2771
4886 2773
4852 4886
10000 5140
207 5140
208 5140
