34 1892
34 1962
34 3030
1892 26275
1962 26275
3030 26275
23417 4329
4329 18
18 51733
18 339896
18 2571
18 2572
18 84735
18 57571
18 217
18 219
18 223
18 224
18 501
18 55748
57571 51733
57571 339896
57571 2571
57571 2572
57571 84735
57571 57571
57571 217
57571 219
57571 223
57571 224
57571 501
57571 55748
2571 51733
2571 84735
2571 57571
2571 217
2571 219
2571 223
2571 224
2571 501
2571 55748
2572 51733
2572 84735
2572 57571
2572 217
2572 219
2572 223
2572 224
2572 501
2572 55748
339896 51733
339896 84735
339896 57571
339896 217
339896 219
339896 223
339896 224
339896 501
339896 55748
6611 54498
6723 54498
314 217
314 219
314 223
314 224
314 501
314 54498
8639 217
8639 219
8639 223
8639 224
8639 501
8639 54498
217 51733
217 84735
217 57571
217 54498
219 51733
219 84735
219 57571
219 54498
223 51733
223 84735
223 57571
223 54498
224 51733
224 84735
224 57571
224 54498
501 51733
501 84735
501 57571
501 54498
51733 1807
51733 84735
51733 57571
51733 55748
1807 1806
84735 84735
84735 57571
84735 55748
218 314
218 8639
218 84735
218 57571
218 18
218 51733
218 339896
218 2571
218 2572
218 54498
220 314
220 8639
220 84735
220 57571
220 18
220 51733
220 339896
220 2571
220 2572
220 54498
221 314
221 8639
221 84735
221 57571
221 18
221 51733
221 339896
221 2571
221 2572
221 54498
222 314
222 8639
222 84735
222 57571
222 18
222 51733
222 339896
222 2571
222 2572
222 54498
55748 218
55748 220
55748 221
55748 222
55748 217
55748 219
55748 223
55748 224
55748 501
