23236 5578
23236 5579
23236 5582
23236 3708
23236 3709
23236 3710
5330 5578
5330 5579
5330 5582
5330 3708
5330 3709
5330 3710
5331 5578
5331 5579
5331 5582
5331 3708
5331 3709
5331 3710
5332 5578
5332 5579
5332 5582
5332 3708
5332 3709
5332 3710
2767 23236
2767 5330
2767 5331
2767 5332
2776 23236
2776 5330
2776 5331
2776 5332
2890 4067
2891 4067
2892 4067
6261 773
100137049 5578
100137049 5579
100137049 5582
123745 5578
123745 5579
123745 5582
255189 5578
255189 5579
255189 5582
283748 5578
283748 5579
283748 5582
5321 5578
5321 5579
5321 5582
8605 5578
8605 5579
8605 5582
8681 5578
8681 5579
8681 5582
10672 100137049
10672 123745
10672 255189
10672 283748
10672 5321
10672 8605
10672 8681
2768 100137049
2768 123745
2768 255189
2768 283748
2768 5321
2768 8605
2768 8681
2770 100137049
2770 123745
2770 255189
2770 283748
2770 5321
2770 8605
2770 8681
2771 100137049
2771 123745
2771 255189
2771 283748
2771 5321
2771 8605
2771 8681
2773 100137049
2773 123745
2773 255189
2773 283748
2773 5321
2773 8605
2773 8681
2775 100137049
2775 123745
2775 255189
2775 283748
2775 5321
2775 8605
2775 8681
2778 100137049
2778 123745
2778 255189
2778 283748
2778 5321
2778 8605
2778 8681
2781 100137049
2781 123745
2781 255189
2781 283748
2781 5321
2781 8605
2781 8681
4842 2977
4842 2982
4842 2983
4842 3265
4842 3845
4842 4893
2911 10672
2911 2768
2911 2770
2911 2771
2911 2773
2911 2775
2911 2778
2911 2781
2911 2767
2911 2776
5578 773
5579 773
5582 773
3480 10672
3480 2768
3480 2770
3480 2771
3480 2773
3480 2775
3480 2778
3480 2781
1394 10672
1394 2768
1394 2770
1394 2771
1394 2773
1394 2775
1394 2778
1394 2781
1392 1394
3479 3480
2977 5592
2977 5593
2982 5592
2982 5593
2983 5592
2983 5593
5592 10842
5593 10842
10842 5515
10842 5516
10842 5518
10842 5519
5594 100137049
5594 123745
5594 255189
5594 283748
5594 5321
5594 8605
5594 8681
5595 100137049
5595 123745
5595 255189
5595 283748
5595 5321
5595 8605
5595 8681
5604 5594
5604 5595
5605 5594
5605 5595
369 5604
369 5605
5894 5604
5894 5605
673 5604
673 5605
3265 369
3265 5894
3265 673
3845 369
3845 5894
3845 673
4893 369
4893 5894
4893 673
5515 5604
5515 5605
5515 5594
5515 5595
5515 5578
5515 5579
5515 5582
5516 5604
5516 5605
5516 5594
5516 5595
5516 5578
5516 5579
5516 5582
5518 5604
5518 5605
5518 5594
5518 5595
5518 5578
5518 5579
5518 5582
5519 5604
5519 5605
5519 5594
5519 5595
5519 5578
5519 5579
5519 5582
4067 5578
4067 5579
4067 5582
