1432 2353
1432 3725
5600 2353
5600 3725
5603 2353
5603 3725
6300 2353
6300 3725
2353 4313
2353 4318
2353 1514
2353 6347
2353 7412
2353 3383
2353 6401
2353 7124
2353 3552
2353 3553
2353 3458
2353 5154
2353 5155
2353 1906
2353 7422
3725 4313
3725 4318
3725 1514
3725 6347
3725 7412
3725 3383
3725 6401
3725 7124
3725 3552
3725 3553
3725 3458
3725 5154
3725 5155
3725 1906
3725 7422
10000 4846
207 4846
208 4846
5599 2353
5599 3725
5601 2353
5601 3725
5602 2353
5602 3725
5290 10000
5290 207
5290 208
5290 3674
5290 3685
5290 3690
5291 10000
5291 207
5291 208
5291 3674
5291 3685
5291 3690
5293 10000
5293 207
5293 208
5293 3674
5293 3685
5293 3690
5295 10000
5295 207
5295 208
5295 3674
5295 3685
5295 3690
5296 10000
5296 207
5296 208
5296 3674
5296 3685
5296 3690
8503 10000
8503 207
8503 208
8503 3674
8503 3685
8503 3690
9817 4780
4780 1843
4780 3162
4780 119391
4780 221357
4780 2938
4780 2939
4780 2940
4780 2941
4780 2944
4780 2946
4780 2947
4780 2948
4780 2949
4780 2950
4780 2952
4780 2953
4780 4257
4780 4258
4780 4259
4780 653689
4780 9446
4780 1728
4780 8878
4780 25828
4780 7295
4780 4846
4780 4880
4780 445
4780 7056
4780 5327
5598 4780
4205 10365
4208 10365
10365 3162
10365 119391
10365 221357
10365 2938
10365 2939
10365 2940
10365 2941
10365 2944
10365 2946
10365 2947
10365 2948
10365 2949
10365 2950
10365 2952
10365 2953
10365 4257
10365 4258
10365 4259
10365 653689
10365 9446
10365 1728
10365 8878
10365 25828
10365 7295
10365 4846
10365 4880
10365 445
10365 7056
10365 5327
10365 4790
10365 5970
5609 5599
5609 5601
5609 5602
6416 5599
6416 5601
6416 5602
6416 1432
6416 5600
6416 5603
6416 6300
5608 1432
5608 5600
5608 5603
5608 6300
652 657
652 658
652 659
652 90
652 92
652 93
657 27035
657 1535
657 653361
657 4688
657 5879
657 5880
657 5881
658 27035
658 1535
658 653361
658 4688
658 5879
658 5880
658 5881
659 27035
659 1535
659 653361
659 4688
659 5879
659 5880
659 5881
90 27035
90 1535
90 653361
90 4688
90 5879
90 5880
90 5881
92 27035
92 1535
92 653361
92 4688
92 5879
92 5880
92 5881
93 27035
93 1535
93 653361
93 4688
93 5879
93 5880
93 5881
5590 5598
5590 51588
5590 7157
5590 387082
5590 6612
5590 6613
5590 7341
5607 5598
1003 5562
1003 5563
1003 5290
1003 5291
1003 5293
1003 5295
1003 5296
1003 8503
1003 3685
1003 3690
5175 5290
5175 5291
5175 5293
5175 5295
5175 5296
5175 8503
5175 3685
5175 3690
3791 5562
3791 5563
3791 5290
3791 5291
3791 5293
3791 5295
3791 5296
3791 8503
3791 3685
3791 3690
1499 5562
1499 5563
1499 5290
1499 5291
1499 5293
1499 5295
1499 5296
1499 8503
3674 6714
3685 4790
3685 5970
3685 6714
3690 4790
3690 5970
3690 6714
6714 5747
5747 10000
5747 207
5747 208
5747 9181
387 60
387 71
7157 387082
7157 6612
7157 6613
7157 7341
7157 596
51588 7157
51588 387082
51588 6612
51588 6613
51588 7341
4217 5609
4217 6416
4217 5608
7132 6885
7132 4217
3554 6885
3554 4217
7850 6885
7850 4217
6885 1147
6885 3551
6885 8517
1147 4790
1147 5970
3551 4790
3551 5970
8517 4790
8517 5970
4790 4313
4790 4318
4790 1514
4790 6347
4790 7412
4790 3383
4790 6401
4790 7124
4790 3552
4790 3553
4790 3458
4790 5154
4790 5155
4790 1906
4790 7422
5970 4313
5970 4318
5970 1514
5970 6347
5970 7412
5970 3383
5970 6401
5970 7124
5970 3552
5970 3553
5970 3458
5970 5154
5970 5155
5970 1906
5970 7422
2817 4846
2817 857
2817 858
2817 859
2817 163688
2817 51806
2817 801
2817 805
2817 808
2817 810
2817 91860
2817 3320
2817 3326
2817 7184
6382 4846
6382 857
6382 858
6382 859
6382 163688
6382 51806
6382 801
6382 805
6382 808
6382 810
6382 91860
6382 3320
6382 3326
6382 7184
6383 4846
6383 857
6383 858
6383 859
6383 163688
6383 51806
6383 801
6383 805
6383 808
6383 810
6383 91860
6383 3320
6383 3326
6383 7184
6385 4846
6385 857
6385 858
6385 859
6385 163688
6385 51806
6385 801
6385 805
6385 808
6385 810
6385 91860
6385 3320
6385 3326
6385 7184
1843 5599
1843 5601
1843 5602
1843 1432
1843 5600
1843 5603
1843 6300
9181 387
