3690 113026
3690 23236
3690 51196
3690 5330
3690 5331
3690 5332
3690 5333
3690 5335
3690 5336
3690 84812
3690 89869
3690 3265
3690 3845
3690 4893
3690 6714
3685 113026
3685 23236
3685 51196
3685 5330
3685 5331
3685 5332
3685 5333
3685 5335
3685 5336
3685 84812
3685 89869
3685 3265
3685 3845
3685 4893
3685 6714
10000 4193
10000 9882
10000 5208
10000 2932
10000 7249
10000 572
10000 2308
10000 842
207 4193
207 9882
207 5208
207 2932
207 7249
207 572
207 2308
207 842
208 4193
208 9882
208 5208
208 2932
208 7249
208 572
208 2308
208 842
5170 10000
5170 207
5170 208
5290 23439
5290 476
5290 477
5290 478
5290 480
5290 481
5290 482
5290 483
5290 486
5290 7067
5290 10231
5290 3091
5291 23439
5291 476
5291 477
5291 478
5291 480
5291 481
5291 482
5291 483
5291 486
5291 7067
5291 10231
5291 3091
5293 23439
5293 476
5293 477
5293 478
5293 480
5293 481
5293 482
5293 483
5293 486
5293 7067
5293 10231
5293 3091
5295 23439
5295 476
5295 477
5295 478
5295 480
5295 481
5295 482
5295 483
5295 486
5295 7067
5295 10231
5295 3091
5296 23439
5296 476
5296 477
5296 478
5296 480
5296 481
5296 482
5296 483
5296 486
5296 7067
5296 10231
5296 3091
8503 23439
8503 476
8503 477
8503 478
8503 480
8503 481
8503 482
8503 483
8503 486
8503 7067
8503 10231
8503 3091
5578 5594
5578 5595
5578 6548
5579 5594
5579 5595
5579 6548
5582 5594
5582 5595
5582 6548
2932 1499
3265 5894
3845 5894
4893 5894
5894 5604
5894 5605
5604 5594
5604 5595
5605 5594
5605 5595
7067 4624
7067 488
7067 5350
7067 54361
7067 1499
7067 4851
7067 4853
7067 4854
7067 4855
7067 652
7067 60
7067 71
7068 5290
7068 5291
7068 5293
7068 5295
7068 5296
7068 8503
7068 595
7068 2626
7068 1827
7068 3091
7068 4609
7068 4624
7068 488
7068 5350
7068 54361
7068 1499
3091 6513
3091 5214
5566 5604
5566 5605
5567 5604
5567 5605
5568 5604
5568 5605
5594 6772
5594 7157
5594 2099
5594 7068
5594 23439
5594 476
5594 477
5594 478
5594 480
5594 481
5594 482
5594 483
5594 486
5595 6772
5595 7157
5595 2099
5595 7068
5595 23439
5595 476
5595 477
5595 478
5595 480
5595 481
5595 482
5595 483
5595 486
9611 7067
9611 7068
9611 6256
9611 6257
9611 6258
25942 7067
25942 7068
25942 6256
25942 6257
25942 6258
3065 7067
3065 7068
3065 6256
3065 6257
3065 6258
3066 7067
3066 7068
3066 6256
3066 6257
3066 6258
8841 7067
8841 7068
8841 6256
8841 6257
8841 6258
2648 7067
2648 7068
2648 6256
2648 6257
2648 6258
8850 7067
8850 7068
8850 6256
8850 6257
8850 6258
10499 7067
10499 7068
10499 6256
10499 6257
10499 6258
8202 7067
8202 7068
8202 6256
8202 6257
8202 6258
8648 7067
8648 7068
8648 6256
8648 6257
8648 6258
1387 7067
1387 7068
1387 6256
1387 6257
1387 6258
2033 7067
2033 7068
2033 6256
2033 6257
2033 6258
10025 7067
10025 7068
10025 6256
10025 6257
10025 6258
116931 7067
116931 7068
116931 6256
116931 6257
116931 6258
23389 7067
23389 7068
23389 6256
23389 6257
23389 6258
29079 7067
29079 7068
29079 6256
29079 6257
29079 6258
90390 7067
90390 7068
90390 6256
90390 6257
90390 6258
9282 7067
9282 7068
9282 6256
9282 6257
9282 6258
9440 7067
9440 7068
9440 6256
9440 6257
9440 6258
9442 7067
9442 7068
9442 6256
9442 6257
9442 6258
9862 7067
9862 7068
9862 6256
9862 6257
9862 6258
9968 7067
9968 7068
9968 6256
9968 6257
9968 6258
9969 7067
9969 7068
9969 6256
9969 6257
9969 6258
5469 7067
5469 7068
5469 6256
5469 6257
5469 6258
4193 7157
7249 6009
6009 2475
6714 5290
6714 5291
6714 5293
6714 5295
6714 5296
6714 8503
