7099 353376
7099 5594
7099 5595
7099 2770
7099 2771
7099 2773
7099 4615
7099 114609
4615 3654
4615 51135
10392 3552
10392 3553
3552 4843
3553 4843
2770 1432
2770 5600
2770 5603
2770 6300
2770 5599
2770 5601
2770 5602
2770 5594
2770 5595
2771 1432
2771 5600
2771 5603
2771 6300
2771 5599
2771 5601
2771 5602
2771 5594
2771 5595
2773 1432
2773 5600
2773 5603
2773 6300
2773 5599
2773 5601
2773 5602
2773 5594
2773 5595
387 1072
387 1073
715 720
715 721
715 717
716 720
716 721
716 717
712 720
712 721
712 717
713 720
713 721
713 717
714 720
714 721
714 717
722 720
722 721
725 720
725 721
710 715
710 716
710 712
710 713
710 714
720 718
720 727
721 718
721 727
717 718
717 727
1432 2353
1432 3725
5600 2353
5600 3725
5603 2353
5603 3725
6300 2353
6300 3725
5594 2353
5594 3725
5595 2353
5595 3725
5599 2353
5599 3725
5601 2353
5601 3725
5602 2353
5602 3725
3654 7189
7189 1432
7189 5600
7189 5603
7189 6300
7189 5599
7189 5601
7189 5602
7189 4790
7189 5970
353376 148022
148022 3661
3394 3592
3394 3593
3659 3592
3659 3593
834 3553
114548 3553
29108 3553
51135 7189
