5290 6517
5290 2475
5290 5590
5291 6517
5291 2475
5291 5590
5293 6517
5293 2475
5293 5590
5295 6517
5295 2475
5295 5590
5296 6517
5296 2475
5296 5590
8503 6517
8503 2475
8503 5590
3667 5290
3667 5291
3667 5293
3667 5295
3667 5296
3667 8503
3643 3667
3643 8471
3643 8660
3643 5594
3643 5595
3630 3643
122809 3667
122809 8471
122809 8660
122809 3643
8651 3667
8651 8471
8651 8660
8651 3643
8835 3667
8835 8471
8835 8660
8835 3643
9021 3667
9021 8471
9021 8660
9021 3643
5594 3667
5594 8471
5594 8660
5595 3667
5595 8471
5595 8660
9370 6517
3551 3667
3551 8471
3551 8660
5580 3667
5580 8471
5580 8660
5581 3667
5581 8471
5581 8660
3651 3630
8471 5290
8471 5291
8471 5293
8471 5295
8471 5296
8471 8503
8660 5290
8660 5291
8660 5293
8660 5295
8660 5296
8660 8503
5599 3667
5599 8471
5599 8660
5601 3667
5601 8471
5601 8660
5602 3667
5602 8471
5602 8660
5590 3667
5590 8471
5590 8660
7124 3551
7124 5599
7124 5601
7124 5602
7124 2475
773 3630
774 3630
775 3630
776 3630
777 3630
8913 3630
2645 5313
2645 5315
3098 5313
3098 5315
3099 5313
3099 5315
3101 5313
3101 5315
80201 5313
80201 5315
2475 3667
2475 8471
2475 8660
389692 3630
3767 773
3767 774
3767 775
3767 776
3767 777
3767 8913
6833 773
6833 774
6833 775
6833 776
6833 777
6833 8913
