1543 2052
1543 119391
1543 221357
1543 27306
1543 2938
1543 2939
1543 2940
1543 2941
1543 2944
1543 2946
1543 2947
1543 2948
1543 2949
1543 2950
1543 2952
1543 2953
1543 373156
1543 4257
1543 4258
1543 4259
1543 653689
1543 9446
1543 1543
1543 1545
1543 6822
1544 119391
1544 221357
1544 27306
1544 2938
1544 2939
1544 2940
1544 2941
1544 2944
1544 2946
1544 2947
1544 2948
1544 2949
1544 2950
1544 2952
1544 2953
1544 373156
1544 4257
1544 4258
1544 4259
1544 653689
1544 9446
1571 119391
1571 221357
1571 27306
1571 2938
1571 2939
1571 2940
1571 2941
1571 2944
1571 2946
1571 2947
1571 2948
1571 2949
1571 2950
1571 2952
1571 2953
1571 373156
1571 4257
1571 4258
1571 4259
1571 653689
1571 9446
10720 124
10720 125
10720 126
10720 127
10720 128
10720 130
10720 131
10941 124
10941 125
10941 126
10941 127
10941 128
10941 130
10941 131
54490 124
54490 125
54490 126
54490 127
54490 128
54490 130
54490 131
54575 124
54575 125
54575 126
54575 127
54575 128
54575 130
54575 131
54576 124
54576 125
54576 126
54576 127
54576 128
54576 130
54576 131
54577 124
54577 125
54577 126
54577 127
54577 128
54577 130
54577 131
54578 124
54578 125
54578 126
54578 127
54578 128
54578 130
54578 131
54579 124
54579 125
54579 126
54579 127
54579 128
54579 130
54579 131
54600 124
54600 125
54600 126
54600 127
54600 128
54600 130
54600 131
54657 124
54657 125
54657 126
54657 127
54657 128
54657 130
54657 131
54658 124
54658 125
54658 126
54658 127
54658 128
54658 130
54658 131
54659 124
54659 125
54659 126
54659 127
54659 128
54659 130
54659 131
574537 124
574537 125
574537 126
574537 127
574537 128
574537 130
574537 131
7363 124
7363 125
7363 126
7363 127
7363 128
7363 130
7363 131
7364 124
7364 125
7364 126
7364 127
7364 128
7364 130
7364 131
7365 124
7365 125
7365 126
7365 127
7365 128
7365 130
7365 131
7366 124
7366 125
7366 126
7366 127
7366 128
7366 130
7366 131
7367 124
7367 125
7367 126
7367 127
7367 128
7367 130
7367 131
79799 124
79799 125
79799 126
79799 127
79799 128
79799 130
79799 131
218 124
218 125
218 126
218 127
218 128
218 130
218 131
220 124
220 125
220 126
220 127
220 128
220 130
220 131
221 124
221 125
221 126
221 127
221 128
221 130
221 131
222 124
222 125
222 126
222 127
222 128
222 130
222 131
119391 2052
221357 2052
27306 2052
2938 2052
2939 2052
2940 2052
2941 2052
2944 2052
2946 2052
2947 2052
2948 2052
2949 2052
2950 2052
2952 2052
2953 2052
373156 2052
4257 2052
4258 2052
4259 2052
653689 2052
9446 2052
1576 2052
1576 119391
1576 221357
1576 27306
1576 2938
1576 2939
1576 2940
1576 2941
1576 2944
1576 2946
1576 2947
1576 2948
1576 2949
1576 2950
1576 2952
1576 2953
1576 373156
1576 4257
1576 4258
1576 4259
1576 653689
1576 9446
1545 2052
1545 119391
1545 221357
1545 27306
1545 2938
1545 2939
1545 2940
1545 2941
1545 2944
1545 2946
1545 2947
1545 2948
1545 2949
1545 2950
1545 2952
1545 2953
1545 373156
1545 4257
1545 4258
1545 4259
1545 653689
1545 9446
1545 1543
1545 1545
1545 6822
1557 2052
1557 119391
1557 221357
1557 27306
1557 2938
1557 2939
1557 2940
1557 2941
1557 2944
1557 2946
1557 2947
1557 2948
1557 2949
1557 2950
1557 2952
1557 2953
1557 373156
1557 4257
1557 4258
1557 4259
1557 653689
1557 9446
1558 2052
1558 119391
1558 221357
1558 27306
1558 2938
1558 2939
1558 2940
1558 2941
1558 2944
1558 2946
1558 2947
1558 2948
1558 2949
1558 2950
1558 2952
1558 2953
1558 373156
1558 4257
1558 4258
1558 4259
1558 653689
1558 9446
1559 2052
1559 119391
1559 221357
1559 27306
1559 2938
1559 2939
1559 2940
1559 2941
1559 2944
1559 2946
1559 2947
1559 2948
1559 2949
1559 2950
1559 2952
1559 2953
1559 373156
1559 4257
1559 4258
1559 4259
1559 653689
1559 9446
1562 2052
1562 119391
1562 221357
1562 27306
1562 2938
1562 2939
1562 2940
1562 2941
1562 2944
1562 2946
1562 2947
1562 2948
1562 2949
1562 2950
1562 2952
1562 2953
1562 373156
1562 4257
1562 4258
1562 4259
1562 653689
1562 9446
2052 1543
2052 1545
3290 1548
3290 1553
3290 10720
3290 10941
3290 54490
3290 54575
3290 54576
3290 54577
3290 54578
3290 54579
3290 54600
3290 54657
3290 54658
3290 54659
3290 574537
3290 7363
3290 7364
3290 7365
3290 7366
3290 7367
3290 79799
1646 1548
1646 1553
1646 10720
1646 10941
1646 54490
1646 54575
1646 54576
1646 54577
1646 54578
1646 54579
1646 54600
1646 54657
1646 54658
1646 54659
1646 574537
1646 7363
1646 7364
1646 7365
1646 7366
1646 7367
1646 79799
873 1548
873 1553
873 10720
873 10941
873 54490
873 54575
873 54576
873 54577
873 54578
873 54579
873 54600
873 54657
873 54658
873 54659
873 574537
873 7363
873 7364
873 7365
873 7366
873 7367
873 79799
1548 3290
1548 873
1548 1646
1548 10720
1548 10941
1548 54490
1548 54575
1548 54576
1548 54577
1548 54578
1548 54579
1548 54600
1548 54657
1548 54658
1548 54659
1548 574537
1548 7363
1548 7364
1548 7365
1548 7366
1548 7367
1548 79799
1553 3290
1553 873
1553 1646
1553 10720
1553 10941
1553 54490
1553 54575
1553 54576
1553 54577
1553 54578
1553 54579
1553 54600
1553 54657
1553 54658
1553 54659
1553 574537
1553 7363
1553 7364
1553 7365
1553 7366
1553 7367
1553 79799
