340156 10398
340156 140465
340156 4637
4638 10398
4638 140465
4638 4637
85366 10398
85366 140465
85366 4637
91807 10398
91807 140465
91807 4637
10398 59
10398 72
140465 59
140465 72
4637 59
4637 72
4659 10398
4659 140465
4659 4637
4660 10398
4660 140465
4660 4637
54776 10398
54776 140465
54776 4637
5499 10398
5499 140465
5499 4637
5500 10398
5500 140465
5500 4637
5501 10398
5501 140465
5501 4637
6093 4659
6093 4660
6093 54776
6093 5499
6093 5500
6093 5501
9475 4659
9475 4660
9475 54776
9475 5499
9475 5500
9475 5501
5578 369
5578 5894
5578 673
5579 369
5579 5894
5579 673
5580 369
5580 5894
5580 673
5581 369
5581 5894
5581 673
5582 369
5582 5894
5582 673
5583 369
5583 5894
5583 673
5588 369
5588 5894
5588 673
387 6093
387 9475
23365 387
9138 387
9826 387
146 2767
146 2776
146 10672
146 2768
147 2767
147 2776
147 10672
147 2768
148 2767
148 2776
148 10672
148 2768
2767 100137049
2767 123745
2767 255189
2767 26279
2767 283748
2767 30814
2767 391013
2767 50487
2767 5319
2767 5320
2767 5321
2767 5322
2767 64600
2767 81579
2767 8398
2767 8399
2767 84647
2767 8605
2767 8681
2767 23236
2767 5330
2767 5331
2767 5332
2776 100137049
2776 123745
2776 255189
2776 26279
2776 283748
2776 30814
2776 391013
2776 50487
2776 5319
2776 5320
2776 5321
2776 5322
2776 64600
2776 81579
2776 8398
2776 8399
2776 84647
2776 8605
2776 8681
2776 23236
2776 5330
2776 5331
2776 5332
10672 552
10672 553
10672 23365
10672 9138
10672 9826
2768 552
2768 553
2768 23365
2768 9138
2768 9826
163688 340156
163688 4638
163688 85366
163688 91807
51806 340156
51806 4638
51806 85366
51806 91807
801 340156
801 4638
801 85366
801 91807
805 340156
805 4638
805 85366
805 91807
808 340156
808 4638
808 85366
808 91807
810 340156
810 4638
810 85366
810 91807
91860 340156
91860 4638
91860 85366
91860 91807
94274 4659
94274 4660
94274 54776
94274 5499
94274 5500
94274 5501
369 5604
369 5605
5894 5604
5894 5605
673 5604
673 5605
5604 5594
5604 5595
5605 5594
5605 5595
5594 800
5595 800
135 2778
136 2778
5566 10242
5566 157855
5566 27094
5566 27345
5566 3778
5566 3779
5566 340156
5566 4638
5566 85366
5566 91807
5566 3708
5566 3709
5566 3710
5567 10242
5567 157855
5567 27094
5567 27345
5567 3778
5567 3779
5567 340156
5567 4638
5567 85366
5567 91807
5567 3708
5567 3709
5567 3710
5568 10242
5568 157855
5568 27094
5568 27345
5568 3778
5568 3779
5568 340156
5568 4638
5568 85366
5568 91807
5568 3708
5568 3709
5568 3710
5592 10242
5592 157855
5592 27094
5592 27345
5592 3778
5592 3779
5592 4659
5592 4660
5592 54776
5592 5499
5592 5500
5592 5501
5592 10335
2778 107
2778 108
2778 109
2778 111
2778 112
2778 113
2778 114
2778 115
2778 196883
185 2767
185 2776
185 10672
185 2768
1909 2767
1909 2776
1909 10672
1909 2768
552 2767
552 2776
553 2767
553 2776
5739 2778
10203 2778
10266 2778
10267 2778
10268 2778
4629 59
4629 72
10335 3708
10335 3709
10335 3710
