124 9227
124 158835
124 8694
124 8228
124 216
124 8854
124 316
124 339761
125 9227
125 158835
125 8694
125 8228
125 216
125 8854
125 316
125 339761
126 9227
126 158835
126 8694
126 8228
126 216
126 8854
126 316
126 339761
127 9227
127 158835
127 8694
127 8228
127 216
127 8854
127 316
127 339761
128 9227
128 158835
128 8694
128 8228
128 216
128 8854
128 316
128 339761
130 9227
130 158835
130 8694
130 8228
130 216
130 8854
130 316
130 339761
131 9227
131 158835
131 8694
131 8228
131 216
131 8854
131 316
131 339761
53630 124
53630 125
53630 126
53630 127
53630 128
53630 130
53630 131
53630 145226
53630 157506
53630 50700
53630 51109
53630 8608
53630 10170
53630 10901
53630 317749
53630 728635
53630 9249
53630 216
53630 8854
53630 316
216 1592
216 340665
216 56603
216 1543
216 1544
216 100861540
216 1551
216 1576
216 1577
216 1548
216 1555
216 1558
216 1559
216 1562
216 29785
216 1579
216 10720
216 10941
216 54490
216 54575
216 54576
216 54577
216 54578
216 54579
216 54600
216 54657
216 54658
216 54659
216 574537
216 7363
216 7364
216 7365
216 7366
216 7367
216 79799
8854 1592
8854 340665
8854 56603
8854 1543
8854 1544
8854 100861540
8854 1551
8854 1576
8854 1577
8854 1548
8854 1555
8854 1558
8854 1559
8854 1562
8854 29785
8854 1579
8854 10720
8854 10941
8854 54490
8854 54575
8854 54576
8854 54577
8854 54578
8854 54579
8854 54600
8854 54657
8854 54658
8854 54659
8854 574537
8854 7363
8854 7364
8854 7365
8854 7366
8854 7367
8854 79799
316 1592
316 340665
316 56603
316 1543
316 1544
316 100861540
316 1551
316 1576
316 1577
316 1548
316 1555
316 1558
316 1559
316 1562
316 29785
316 1579
316 10720
316 10941
316 54490
316 54575
316 54576
316 54577
316 54578
316 54579
316 54600
316 54657
316 54658
316 54659
316 574537
316 7363
316 7364
316 7365
316 7366
316 7367
316 79799
9227 6121
9227 157506
9227 51109
9227 5959
9227 195814
9227 8630
9227 339761
157506 9227
157506 158835
157506 8694
157506 8228
157506 216
157506 8854
157506 316
157506 339761
51109 316
51109 216
51109 8854
51109 9227
51109 158835
51109 8694
51109 8228
51109 339761
5959 316
5959 216
5959 8854
54884 1592
54884 124
54884 125
54884 126
54884 127
54884 128
54884 130
54884 131
54884 145226
54884 157506
54884 50700
54884 51109
54884 8608
54884 10170
54884 10901
54884 317749
54884 728635
54884 9249
54884 9227
54884 158835
54884 8694
54884 8228
54884 339761
6121 158835
6121 8694
6121 9227
6121 157506
6121 51109
6121 5959
145226 316
145226 216
145226 8854
145226 9227
145226 158835
145226 8694
145226 8228
145226 339761
158835 6121
158835 157506
158835 51109
158835 5959
158835 195814
158835 8630
158835 339761
8694 6121
8694 157506
8694 51109
8694 5959
8694 195814
8694 8630
8694 339761
1592 124
1592 125
1592 126
1592 127
1592 128
1592 130
1592 131
1592 145226
1592 157506
1592 50700
1592 51109
1592 8608
1592 10170
1592 10901
1592 317749
1592 728635
1592 9249
1592 9227
1592 158835
1592 8694
1592 8228
1592 1543
1592 1548
1592 1555
1592 1558
1592 1559
1592 1562
1592 100861540
1592 1551
1592 1576
1592 1577
1592 1579
1592 29785
1592 10720
1592 10941
1592 54490
1592 54575
1592 54576
1592 54577
1592 54578
1592 54579
1592 54600
1592 54657
1592 54658
1592 54659
1592 574537
1592 7363
1592 7364
1592 7365
1592 7366
1592 7367
1592 79799
1592 1544
1592 195814
1592 8630
1592 339761
340665 1543
340665 1548
340665 1555
340665 1558
340665 1559
340665 1562
340665 100861540
340665 1551
340665 1576
340665 1577
340665 1579
340665 29785
340665 10720
340665 10941
340665 54490
340665 54575
340665 54576
340665 54577
340665 54578
340665 54579
340665 54600
340665 54657
340665 54658
340665 54659
340665 574537
340665 7363
340665 7364
340665 7365
340665 7366
340665 7367
340665 79799
340665 1544
56603 1543
56603 1548
56603 1555
56603 1558
56603 1559
56603 1562
56603 100861540
56603 1551
56603 1576
56603 1577
56603 1579
56603 29785
56603 10720
56603 10941
56603 54490
56603 54575
56603 54576
56603 54577
56603 54578
56603 54579
56603 54600
56603 54657
56603 54658
56603 54659
56603 574537
56603 7363
56603 7364
56603 7365
56603 7366
56603 7367
56603 79799
56603 1544
100861540 1592
100861540 340665
100861540 56603
100861540 1543
100861540 1548
100861540 1555
100861540 1558
100861540 1559
100861540 1562
100861540 1579
100861540 29785
100861540 10720
100861540 10941
100861540 54490
100861540 54575
100861540 54576
100861540 54577
100861540 54578
100861540 54579
100861540 54600
100861540 54657
100861540 54658
100861540 54659
100861540 574537
100861540 7363
100861540 7364
100861540 7365
100861540 7366
100861540 7367
100861540 79799
100861540 1544
1551 1592
1551 340665
1551 56603
1551 1543
1551 1548
1551 1555
1551 1558
1551 1559
1551 1562
1551 1579
1551 29785
1551 10720
1551 10941
1551 54490
1551 54575
1551 54576
1551 54577
1551 54578
1551 54579
1551 54600
1551 54657
1551 54658
1551 54659
1551 574537
1551 7363
1551 7364
1551 7365
1551 7366
1551 7367
1551 79799
1551 1544
1576 1592
1576 340665
1576 56603
1576 1543
1576 1548
1576 1555
1576 1558
1576 1559
1576 1562
1576 1579
1576 29785
1576 10720
1576 10941
1576 54490
1576 54575
1576 54576
1576 54577
1576 54578
1576 54579
1576 54600
1576 54657
1576 54658
1576 54659
1576 574537
1576 7363
1576 7364
1576 7365
1576 7366
1576 7367
1576 79799
1576 1544
1577 1592
1577 340665
1577 56603
1577 1543
1577 1548
1577 1555
1577 1558
1577 1559
1577 1562
1577 1579
1577 29785
1577 10720
1577 10941
1577 54490
1577 54575
1577 54576
1577 54577
1577 54578
1577 54579
1577 54600
1577 54657
1577 54658
1577 54659
1577 574537
1577 7363
1577 7364
1577 7365
1577 7366
1577 7367
1577 79799
1577 1544
1543 1592
1543 340665
1543 56603
1543 1548
1543 1555
1543 1558
1543 1559
1543 1562
1543 100861540
1543 1551
1543 1576
1543 1577
1543 1579
1543 29785
1543 10720
1543 10941
1543 54490
1543 54575
1543 54576
1543 54577
1543 54578
1543 54579
1543 54600
1543 54657
1543 54658
1543 54659
1543 574537
1543 7363
1543 7364
1543 7365
1543 7366
1543 7367
1543 79799
1544 1592
1544 340665
1544 56603
1544 1548
1544 1555
1544 1558
1544 1559
1544 1562
1544 100861540
1544 1551
1544 1576
1544 1577
1544 1579
1544 29785
1544 10720
1544 10941
1544 54490
1544 54575
1544 54576
1544 54577
1544 54578
1544 54579
1544 54600
1544 54657
1544 54658
1544 54659
1544 574537
1544 7363
1544 7364
1544 7365
1544 7366
1544 7367
1544 79799
50700 9227
50700 158835
50700 8694
50700 8228
50700 216
50700 8854
50700 316
50700 339761
8608 9227
8608 158835
8608 8694
8608 8228
8608 216
8608 8854
8608 316
8608 339761
10170 9227
10170 158835
10170 8694
10170 8228
10170 216
10170 8854
10170 316
10170 339761
10901 316
10901 216
10901 8854
10901 9227
10901 158835
10901 8694
10901 8228
10901 339761
317749 316
317749 216
317749 8854
317749 9227
317749 158835
317749 8694
317749 8228
317749 339761
728635 316
728635 216
728635 8854
728635 9227
728635 158835
728635 8694
728635 8228
728635 339761
9249 9227
9249 158835
9249 8694
9249 8228
9249 216
9249 8854
9249 316
9249 339761
1548 1592
1548 340665
1548 56603
1548 1543
1548 100861540
1548 1551
1548 1576
1548 1577
1548 1579
1548 10720
1548 10941
1548 54490
1548 54575
1548 54576
1548 54577
1548 54578
1548 54579
1548 54600
1548 54657
1548 54658
1548 54659
1548 574537
1548 7363
1548 7364
1548 7365
1548 7366
1548 7367
1548 79799
1548 1544
1555 1592
1555 340665
1555 56603
1555 1543
1555 100861540
1555 1551
1555 1576
1555 1577
1555 1579
1555 10720
1555 10941
1555 54490
1555 54575
1555 54576
1555 54577
1555 54578
1555 54579
1555 54600
1555 54657
1555 54658
1555 54659
1555 574537
1555 7363
1555 7364
1555 7365
1555 7366
1555 7367
1555 79799
1555 1544
29785 1592
29785 340665
29785 56603
29785 1543
29785 100861540
29785 1551
29785 1576
29785 1577
29785 1579
29785 10720
29785 10941
29785 54490
29785 54575
29785 54576
29785 54577
29785 54578
29785 54579
29785 54600
29785 54657
29785 54658
29785 54659
29785 574537
29785 7363
29785 7364
29785 7365
29785 7366
29785 7367
29785 79799
29785 1544
1579 1548
1579 1555
1579 29785
1579 100861540
1579 1551
1579 1577
1579 10720
1579 10941
1579 54490
1579 54575
1579 54576
1579 54577
1579 54578
1579 54579
1579 54600
1579 54657
1579 54658
1579 54659
1579 574537
1579 7363
1579 7364
1579 7365
1579 7366
1579 7367
1579 79799
1558 1592
1558 340665
1558 56603
1558 1543
1558 100861540
1558 1551
1558 1576
1558 1577
1558 1579
1558 10720
1558 10941
1558 54490
1558 54575
1558 54576
1558 54577
1558 54578
1558 54579
1558 54600
1558 54657
1558 54658
1558 54659
1558 574537
1558 7363
1558 7364
1558 7365
1558 7366
1558 7367
1558 79799
1558 1544
1559 1592
1559 340665
1559 56603
1559 1543
1559 100861540
1559 1551
1559 1576
1559 1577
1559 1579
1559 10720
1559 10941
1559 54490
1559 54575
1559 54576
1559 54577
1559 54578
1559 54579
1559 54600
1559 54657
1559 54658
1559 54659
1559 574537
1559 7363
1559 7364
1559 7365
1559 7366
1559 7367
1559 79799
1559 1544
1562 1592
1562 340665
1562 56603
1562 1543
1562 100861540
1562 1551
1562 1576
1562 1577
1562 1579
1562 10720
1562 10941
1562 54490
1562 54575
1562 54576
1562 54577
1562 54578
1562 54579
1562 54600
1562 54657
1562 54658
1562 54659
1562 574537
1562 7363
1562 7364
1562 7365
1562 7366
1562 7367
1562 79799
1562 1544
8228 6121
8228 195814
8228 8630
8228 339761
195814 54884
195814 53630
195814 216
195814 8854
195814 316
195814 339761
8630 54884
8630 53630
8630 216
8630 8854
8630 316
8630 339761
