2916 2770
2916 2771
2916 2773
2916 2775
2917 10681
2917 2770
2917 2771
2917 2773
2917 2775
2917 2782
2917 2783
2917 2784
2917 2785
2917 2786
2917 2787
2917 2788
2917 2790
2917 2791
2917 2792
2917 2793
2917 51764
2917 54331
2917 55970
2917 59345
2917 94235
2918 10681
2918 2770
2918 2771
2918 2773
2918 2775
2918 2782
2918 2783
2918 2784
2918 2785
2918 2786
2918 2787
2918 2788
2918 2790
2918 2791
2918 2792
2918 2793
2918 51764
2918 54331
2918 55970
2918 59345
2918 94235
116443 1742
116444 1742
2902 1742
2903 1742
2904 1742
2905 1742
2906 1742
2911 116443
2911 116444
2911 2902
2911 2903
2911 2904
2911 2905
2911 2906
2911 7220
2911 2776
2911 2778
2911 9454
2911 9455
2911 9456
2915 116443
2915 116444
2915 2902
2915 2903
2915 2904
2915 2905
2915 2906
2915 7220
2915 2776
2915 2778
2915 9454
2915 9455
2915 9456
2912 10681
2912 2770
2912 2771
2912 2773
2912 2775
2912 2782
2912 2783
2912 2784
2912 2785
2912 2786
2912 2787
2912 2788
2912 2790
2912 2791
2912 2792
2912 2793
2912 51764
2912 54331
2912 55970
2912 59345
2912 94235
2912 156
2912 157
2913 10681
2913 2770
2913 2771
2913 2773
2913 2775
2913 2782
2913 2783
2913 2784
2913 2785
2913 2786
2913 2787
2913 2788
2913 2790
2913 2791
2913 2792
2913 2793
2913 51764
2913 54331
2913 55970
2913 59345
2913 94235
2913 156
2913 157
2914 10681
2914 2770
2914 2771
2914 2773
2914 2775
2914 2782
2914 2783
2914 2784
2914 2785
2914 2786
2914 2787
2914 2788
2914 2790
2914 2791
2914 2792
2914 2793
2914 51764
2914 54331
2914 55970
2914 59345
2914 94235
2778 107
2778 108
2778 109
2778 111
2778 112
2778 113
2778 114
2778 115
2778 196883
2776 23236
2776 5330
2776 5331
2776 5332
5578 100137049
5578 123745
5578 255189
5578 283748
5578 5321
5578 8605
5578 8681
5578 5337
5578 5338
5578 5594
5578 5595
5579 100137049
5579 123745
5579 255189
5579 283748
5579 5321
5579 8605
5579 8681
5579 5337
5579 5338
5579 5594
5579 5595
5582 100137049
5582 123745
5582 255189
5582 283748
5582 5321
5582 8605
5582 8681
5582 5337
5582 5338
5582 5594
5582 5595
10681 3760
10681 107
10681 108
10681 109
10681 111
10681 112
10681 113
10681 114
10681 115
10681 196883
10681 773
2770 3760
2770 107
2770 108
2770 109
2770 111
2770 112
2770 113
2770 114
2770 115
2770 196883
2770 773
2771 3760
2771 107
2771 108
2771 109
2771 111
2771 112
2771 113
2771 114
2771 115
2771 196883
2771 773
2773 3760
2773 107
2773 108
2773 109
2773 111
2773 112
2773 113
2773 114
2773 115
2773 196883
2773 773
2775 3760
2775 107
2775 108
2775 109
2775 111
2775 112
2775 113
2775 114
2775 115
2775 196883
2775 773
2782 3760
2782 107
2782 108
2782 109
2782 111
2782 112
2782 113
2782 114
2782 115
2782 196883
2782 773
2783 3760
2783 107
2783 108
2783 109
2783 111
2783 112
2783 113
2783 114
2783 115
2783 196883
2783 773
2784 3760
2784 107
2784 108
2784 109
2784 111
2784 112
2784 113
2784 114
2784 115
2784 196883
2784 773
2785 3760
2785 107
2785 108
2785 109
2785 111
2785 112
2785 113
2785 114
2785 115
2785 196883
2785 773
2786 3760
2786 107
2786 108
2786 109
2786 111
2786 112
2786 113
2786 114
2786 115
2786 196883
2786 773
2787 3760
2787 107
2787 108
2787 109
2787 111
2787 112
2787 113
2787 114
2787 115
2787 196883
2787 773
2788 3760
2788 107
2788 108
2788 109
2788 111
2788 112
2788 113
2788 114
2788 115
2788 196883
2788 773
2790 3760
2790 107
2790 108
2790 109
2790 111
2790 112
2790 113
2790 114
2790 115
2790 196883
2790 773
2791 3760
2791 107
2791 108
2791 109
2791 111
2791 112
2791 113
2791 114
2791 115
2791 196883
2791 773
2792 3760
2792 107
2792 108
2792 109
2792 111
2792 112
2792 113
2792 114
2792 115
2792 196883
2792 773
2793 3760
2793 107
2793 108
2793 109
2793 111
2793 112
2793 113
2793 114
2793 115
2793 196883
2793 773
51764 3760
51764 107
51764 108
51764 109
51764 111
51764 112
51764 113
51764 114
51764 115
51764 196883
51764 773
54331 3760
54331 107
54331 108
54331 109
54331 111
54331 112
54331 113
54331 114
54331 115
54331 196883
54331 773
55970 3760
55970 107
55970 108
55970 109
55970 111
55970 112
55970 113
55970 114
55970 115
55970 196883
55970 773
59345 3760
59345 107
59345 108
59345 109
59345 111
59345 112
59345 113
59345 114
59345 115
59345 196883
59345 773
94235 3760
94235 107
94235 108
94235 109
94235 111
94235 112
94235 113
94235 114
94235 115
94235 196883
94235 773
5530 2911
5530 2915
5532 2911
5532 2915
5533 2911
5533 2915
5534 2911
5534 2915
5535 2911
5535 2915
3760 773
9454 9454
9454 9455
9454 9456
9454 2911
9454 2915
9454 3708
9454 3709
9454 3710
9455 9454
9455 9455
9455 9456
9455 2911
9455 2915
9455 3708
9455 3709
9455 3710
9456 9454
9456 9455
9456 9456
9456 2911
9456 2915
9456 3708
9456 3709
9456 3710
1742 9229
9229 22941
9229 50944
9229 85358
22941 9454
22941 9455
22941 9456
50944 9454
50944 9455
50944 9456
85358 9454
85358 9455
85358 9456
