4790 4792
4790 4793
4790 4794
4790 9021
5970 4792
5970 4793
5970 4794
5970 9021
9021 3667
9021 8471
9021 8660
9021 3953
9021 3717
126129 2180
126129 2181
126129 2182
126129 23205
126129 23305
126129 51703
126129 81616
1374 2180
1374 2181
1374 2182
1374 23205
1374 23305
1374 51703
1374 81616
1375 2180
1375 2181
1375 2182
1375 23205
1375 23305
1375 51703
1375 81616
3952 3953
51422 181
51422 4852
51422 6513
51422 6517
51422 5105
51422 5106
51422 2538
51422 57818
51422 92579
51422 32
53632 181
53632 4852
53632 6513
53632 6517
53632 5105
53632 5106
53632 2538
53632 57818
53632 92579
53632 32
5562 181
5562 4852
5562 6513
5562 6517
5562 5105
5562 5106
5562 2538
5562 57818
5562 92579
5562 32
5563 181
5563 4852
5563 6513
5563 6517
5563 5105
5563 5106
5563 2538
5563 57818
5563 92579
5563 32
5564 181
5564 4852
5564 6513
5564 6517
5564 5105
5564 5106
5564 2538
5564 57818
5564 92579
5564 32
5565 181
5565 4852
5565 6513
5565 6517
5565 5105
5565 5106
5565 2538
5565 57818
5565 92579
5565 32
5571 181
5571 4852
5571 6513
5571 6517
5571 5105
5571 5106
5571 2538
5571 57818
5571 92579
5571 32
9370 51094
9370 79602
32 126129
32 1374
32 1375
5465 126129
5465 1374
5465 1375
51094 5465
51094 10645
51094 6794
79602 5465
79602 10645
79602 6794
5588 1147
5588 3551
5588 8517
5588 5599
5588 5601
5588 5602
3953 3717
3953 5465
3953 10645
3953 6794
10645 51422
10645 53632
10645 5562
10645 5563
10645 5564
10645 5565
10645 5571
6794 51422
6794 53632
6794 5562
6794 5563
6794 5564
6794 5565
6794 5571
1147 4792
1147 4793
1147 4794
1147 3667
1147 8471
1147 8660
3551 4792
3551 4793
3551 4794
3551 3667
3551 8471
3551 8660
8517 4792
8517 4793
8517 4794
8517 3667
8517 8471
8517 8660
7133 7186
6774 9021
6774 5443
6774 126129
6774 1374
6774 1375
6774 51422
6774 53632
6774 5562
6774 5563
6774 5564
6774 5565
6774 5571
6774 10891
5599 3667
5599 8471
5599 8660
5601 3667
5601 8471
5601 8660
5602 3667
5602 8471
5602 8660
2475 3667
2475 8471
2475 8660
7186 2475
7186 5599
7186 5601
7186 5602
7186 1147
7186 3551
7186 8517
7132 8717
8717 7186
3717 6774
3717 5781
7124 7132
7124 7133
