50484 129607
50484 51727
50484 79077
6240 129607
6240 51727
6240 79077
6241 129607
6241 51727
6241 79077
790 790
790 1723
7372 1723
7372 7372
7372 5167
7372 5169
87178 129607
87178 51727
87178 124583
87178 955
87178 957
87178 9583
87178 377841
87178 953
87178 956
87178 10201
87178 221264
87178 29922
87178 4830
87178 4831
87178 4832
87178 4833
87178 654364
87178 10621
87178 10622
87178 10623
87178 11128
87178 171568
87178 221830
87178 246721
87178 25885
87178 30834
87178 51082
87178 51728
87178 5430
87178 5431
87178 5432
87178 5433
87178 5434
87178 5435
87178 5436
87178 5437
87178 5438
87178 5439
87178 5440
87178 5441
87178 548644
87178 55703
87178 55718
87178 64425
87178 661
87178 84172
87178 84265
87178 9533
87178 50484
87178 6240
87178 6241
10621 318
10621 10201
10621 221264
10621 29922
10621 4830
10621 4831
10621 4832
10621 4833
10621 654364
10621 377841
10621 953
10621 956
10621 5167
10621 5169
10621 1503
10621 56474
10621 87178
10622 318
10622 10201
10622 221264
10622 29922
10622 4830
10622 4831
10622 4832
10622 4833
10622 654364
10622 377841
10622 953
10622 956
10622 5167
10622 5169
10622 1503
10622 56474
10622 87178
10623 318
10623 10201
10623 221264
10623 29922
10623 4830
10623 4831
10623 4832
10623 4833
10623 654364
10623 377841
10623 953
10623 956
10623 5167
10623 5169
10623 1503
10623 56474
10623 87178
11128 318
11128 10201
11128 221264
11128 29922
11128 4830
11128 4831
11128 4832
11128 4833
11128 654364
11128 377841
11128 953
11128 956
11128 5167
11128 5169
11128 1503
11128 56474
11128 87178
171568 318
171568 10201
171568 221264
171568 29922
171568 4830
171568 4831
171568 4832
171568 4833
171568 654364
171568 377841
171568 953
171568 956
171568 5167
171568 5169
171568 1503
171568 56474
171568 87178
221830 318
221830 10201
221830 221264
221830 29922
221830 4830
221830 4831
221830 4832
221830 4833
221830 654364
221830 377841
221830 953
221830 956
221830 5167
221830 5169
221830 1503
221830 56474
221830 87178
246721 318
246721 10201
246721 221264
246721 29922
246721 4830
246721 4831
246721 4832
246721 4833
246721 654364
246721 377841
246721 953
246721 956
246721 5167
246721 5169
246721 1503
246721 56474
246721 87178
25885 318
25885 10201
25885 221264
25885 29922
25885 4830
25885 4831
25885 4832
25885 4833
25885 654364
25885 377841
25885 953
25885 956
25885 5167
25885 5169
25885 1503
25885 56474
25885 87178
30834 318
30834 10201
30834 221264
30834 29922
30834 4830
30834 4831
30834 4832
30834 4833
30834 654364
30834 377841
30834 953
30834 956
30834 5167
30834 5169
30834 1503
30834 56474
30834 87178
51082 318
51082 10201
51082 221264
51082 29922
51082 4830
51082 4831
51082 4832
51082 4833
51082 654364
51082 377841
51082 953
51082 956
51082 5167
51082 5169
51082 1503
51082 56474
51082 87178
51728 318
51728 10201
51728 221264
51728 29922
51728 4830
51728 4831
51728 4832
51728 4833
51728 654364
51728 377841
51728 953
51728 956
51728 5167
51728 5169
51728 1503
51728 56474
51728 87178
5430 318
5430 10201
5430 221264
5430 29922
5430 4830
5430 4831
5430 4832
5430 4833
5430 654364
5430 377841
5430 953
5430 956
5430 5167
5430 5169
5430 1503
5430 56474
5430 87178
5431 318
5431 10201
5431 221264
5431 29922
5431 4830
5431 4831
5431 4832
5431 4833
5431 654364
5431 377841
5431 953
5431 956
5431 5167
5431 5169
5431 1503
5431 56474
5431 87178
5432 318
5432 10201
5432 221264
5432 29922
5432 4830
5432 4831
5432 4832
5432 4833
5432 654364
5432 377841
5432 953
5432 956
5432 5167
5432 5169
5432 1503
5432 56474
5432 87178
5433 318
5433 10201
5433 221264
5433 29922
5433 4830
5433 4831
5433 4832
5433 4833
5433 654364
5433 377841
5433 953
5433 956
5433 5167
5433 5169
5433 1503
5433 56474
5433 87178
5434 318
5434 10201
5434 221264
5434 29922
5434 4830
5434 4831
5434 4832
5434 4833
5434 654364
5434 377841
5434 953
5434 956
5434 5167
5434 5169
5434 1503
5434 56474
5434 87178
5435 318
5435 10201
5435 221264
5435 29922
5435 4830
5435 4831
5435 4832
5435 4833
5435 654364
5435 377841
5435 953
5435 956
5435 5167
5435 5169
5435 1503
5435 56474
5435 87178
5436 318
5436 10201
5436 221264
5436 29922
5436 4830
5436 4831
5436 4832
5436 4833
5436 654364
5436 377841
5436 953
5436 956
5436 5167
5436 5169
5436 1503
5436 56474
5436 87178
5437 318
5437 10201
5437 221264
5437 29922
5437 4830
5437 4831
5437 4832
5437 4833
5437 654364
5437 377841
5437 953
5437 956
5437 5167
5437 5169
5437 1503
5437 56474
5437 87178
5438 318
5438 10201
5438 221264
5438 29922
5438 4830
5438 4831
5438 4832
5438 4833
5438 654364
5438 377841
5438 953
5438 956
5438 5167
5438 5169
5438 1503
5438 56474
5438 87178
5439 318
5439 10201
5439 221264
5439 29922
5439 4830
5439 4831
5439 4832
5439 4833
5439 654364
5439 377841
5439 953
5439 956
5439 5167
5439 5169
5439 1503
5439 56474
5439 87178
5440 318
5440 10201
5440 221264
5440 29922
5440 4830
5440 4831
5440 4832
5440 4833
5440 654364
5440 377841
5440 953
5440 956
5440 5167
5440 5169
5440 1503
5440 56474
5440 87178
5441 318
5441 10201
5441 221264
5441 29922
5441 4830
5441 4831
5441 4832
5441 4833
5441 654364
5441 377841
5441 953
5441 956
5441 5167
5441 5169
5441 1503
5441 56474
5441 87178
548644 318
548644 10201
548644 221264
548644 29922
548644 4830
548644 4831
548644 4832
548644 4833
548644 654364
548644 377841
548644 953
548644 956
548644 5167
548644 5169
548644 1503
548644 56474
548644 87178
55703 318
55703 10201
55703 221264
55703 29922
55703 4830
55703 4831
55703 4832
55703 4833
55703 654364
55703 377841
55703 953
55703 956
55703 5167
55703 5169
55703 1503
55703 56474
55703 87178
55718 318
55718 10201
55718 221264
55718 29922
55718 4830
55718 4831
55718 4832
55718 4833
55718 654364
55718 377841
55718 953
55718 956
55718 5167
55718 5169
55718 1503
55718 56474
55718 87178
64425 318
64425 10201
64425 221264
64425 29922
64425 4830
64425 4831
64425 4832
64425 4833
64425 654364
64425 377841
64425 953
64425 956
64425 5167
64425 5169
64425 1503
64425 56474
64425 87178
661 318
661 10201
661 221264
661 29922
661 4830
661 4831
661 4832
661 4833
661 654364
661 377841
661 953
661 956
661 5167
661 5169
661 1503
661 56474
661 87178
84172 318
84172 10201
84172 221264
84172 29922
84172 4830
84172 4831
84172 4832
84172 4833
84172 654364
84172 377841
84172 953
84172 956
84172 5167
84172 5169
84172 1503
84172 56474
84172 87178
84265 318
84265 10201
84265 221264
84265 29922
84265 4830
84265 4831
84265 4832
84265 4833
84265 654364
84265 377841
84265 953
84265 956
84265 5167
84265 5169
84265 1503
84265 56474
84265 87178
9533 318
9533 10201
9533 221264
9533 29922
9533 4830
9533 4831
9533 4832
9533 4833
9533 654364
9533 377841
9533 953
9533 956
9533 5167
9533 5169
9533 1503
9533 56474
9533 87178
10201 129607
10201 51727
10201 124583
10201 955
10201 957
10201 9583
10201 377841
10201 953
10201 956
10201 318
10201 5167
10201 5169
10201 1503
10201 56474
10201 50484
10201 6240
10201 6241
10201 1841
10201 10714
10201 23649
10201 54107
10201 5422
10201 5424
10201 5425
10201 5426
10201 5427
10201 5557
10201 5558
10201 56655
10201 57804
10201 79077
221264 129607
221264 51727
221264 124583
221264 955
221264 957
221264 9583
221264 377841
221264 953
221264 956
221264 318
221264 5167
221264 5169
221264 1503
221264 56474
221264 50484
221264 6240
221264 6241
221264 1841
221264 10714
221264 23649
221264 54107
221264 5422
221264 5424
221264 5425
221264 5426
221264 5427
221264 5557
221264 5558
221264 56655
221264 57804
221264 79077
29922 129607
29922 51727
29922 124583
29922 955
29922 957
29922 9583
29922 377841
29922 953
29922 956
29922 318
29922 5167
29922 5169
29922 1503
29922 56474
29922 50484
29922 6240
29922 6241
29922 1841
29922 10714
29922 23649
29922 54107
29922 5422
29922 5424
29922 5425
29922 5426
29922 5427
29922 5557
29922 5558
29922 56655
29922 57804
29922 79077
4830 129607
4830 51727
4830 124583
4830 955
4830 957
4830 9583
4830 377841
4830 953
4830 956
4830 318
4830 5167
4830 5169
4830 1503
4830 56474
4830 50484
4830 6240
4830 6241
4830 1841
4830 10714
4830 23649
4830 54107
4830 5422
4830 5424
4830 5425
4830 5426
4830 5427
4830 5557
4830 5558
4830 56655
4830 57804
4830 79077
4831 129607
4831 51727
4831 124583
4831 955
4831 957
4831 9583
4831 377841
4831 953
4831 956
4831 318
4831 5167
4831 5169
4831 1503
4831 56474
4831 50484
4831 6240
4831 6241
4831 1841
4831 10714
4831 23649
4831 54107
4831 5422
4831 5424
4831 5425
4831 5426
4831 5427
4831 5557
4831 5558
4831 56655
4831 57804
4831 79077
4832 129607
4832 51727
4832 124583
4832 955
4832 957
4832 9583
4832 377841
4832 953
4832 956
4832 318
4832 5167
4832 5169
4832 1503
4832 56474
4832 50484
4832 6240
4832 6241
4832 1841
4832 10714
4832 23649
4832 54107
4832 5422
4832 5424
4832 5425
4832 5426
4832 5427
4832 5557
4832 5558
4832 56655
4832 57804
4832 79077
4833 129607
4833 51727
4833 124583
4833 955
4833 957
4833 9583
4833 377841
4833 953
4833 956
4833 318
4833 5167
4833 5169
4833 1503
4833 56474
4833 50484
4833 6240
4833 6241
4833 1841
4833 10714
4833 23649
4833 54107
4833 5422
4833 5424
4833 5425
4833 5426
4833 5427
4833 5557
4833 5558
4833 56655
4833 57804
4833 79077
654364 129607
654364 51727
654364 124583
654364 955
654364 957
654364 9583
654364 377841
654364 953
654364 956
654364 318
654364 5167
654364 5169
654364 1503
654364 56474
654364 50484
654364 6240
654364 6241
654364 1841
654364 10714
654364 23649
654364 54107
654364 5422
654364 5424
654364 5425
654364 5426
654364 5427
654364 5557
654364 5558
654364 56655
654364 57804
654364 79077
129607 7372
129607 54963
129607 7371
129607 83549
129607 100526794
129607 115024
129607 22978
129607 30833
129607 4907
129607 51251
129607 56953
129607 84618
129607 93034
129607 139596
129607 5167
129607 5169
129607 377841
129607 953
129607 956
129607 50484
129607 6240
129607 6241
129607 79077
129607 1635
129607 1633
51727 7372
51727 54963
51727 7371
51727 83549
51727 100526794
51727 115024
51727 22978
51727 30833
51727 4907
51727 51251
51727 56953
51727 84618
51727 93034
51727 139596
51727 5167
51727 5169
51727 377841
51727 953
51727 956
51727 50484
51727 6240
51727 6241
51727 79077
51727 1635
51727 1633
1503 318
1503 377841
1503 953
1503 956
1503 5167
1503 5169
1503 10201
1503 221264
1503 29922
1503 4830
1503 4831
1503 4832
1503 4833
1503 654364
1503 10621
1503 10622
1503 10623
1503 11128
1503 171568
1503 221830
1503 246721
1503 25885
1503 30834
1503 51082
1503 51728
1503 5430
1503 5431
1503 5432
1503 5433
1503 5434
1503 5435
1503 5436
1503 5437
1503 5438
1503 5439
1503 5440
1503 5441
1503 548644
1503 55703
1503 55718
1503 64425
1503 661
1503 84172
1503 84265
1503 9533
56474 318
56474 377841
56474 953
56474 956
56474 5167
56474 5169
56474 10201
56474 221264
56474 29922
56474 4830
56474 4831
56474 4832
56474 4833
56474 654364
56474 10621
56474 10622
56474 10623
56474 11128
56474 171568
56474 221830
56474 246721
56474 25885
56474 30834
56474 51082
56474 51728
56474 5430
56474 5431
56474 5432
56474 5433
56474 5434
56474 5435
56474 5436
56474 5437
56474 5438
56474 5439
56474 5440
56474 5441
56474 548644
56474 55703
56474 55718
56474 64425
56474 661
56474 84172
56474 84265
56474 9533
377841 7372
377841 54963
377841 7371
377841 83549
377841 100526794
377841 115024
377841 22978
377841 30833
377841 4907
377841 51251
377841 56953
377841 84618
377841 93034
377841 139596
377841 5167
377841 5169
377841 124583
377841 955
377841 957
377841 9583
377841 377841
377841 953
377841 956
377841 318
377841 50484
377841 6240
377841 6241
377841 129607
377841 51727
377841 1841
377841 7083
377841 7084
953 7372
953 54963
953 7371
953 83549
953 100526794
953 115024
953 22978
953 30833
953 4907
953 51251
953 56953
953 84618
953 93034
953 139596
953 5167
953 5169
953 124583
953 955
953 957
953 9583
953 377841
953 953
953 956
953 318
953 50484
953 6240
953 6241
953 129607
953 51727
953 1841
953 7083
953 7084
956 7372
956 54963
956 7371
956 83549
956 100526794
956 115024
956 22978
956 30833
956 4907
956 51251
956 56953
956 84618
956 93034
956 139596
956 5167
956 5169
956 124583
956 955
956 957
956 9583
956 377841
956 953
956 956
956 318
956 50484
956 6240
956 6241
956 129607
956 51727
956 1841
956 7083
956 7084
124583 7372
124583 54963
124583 7371
124583 83549
124583 100526794
124583 115024
124583 22978
124583 30833
124583 4907
124583 51251
124583 56953
124583 84618
124583 93034
124583 139596
124583 5167
124583 5169
955 7372
955 54963
955 7371
955 83549
955 100526794
955 115024
955 22978
955 30833
955 4907
955 51251
955 56953
955 84618
955 93034
955 139596
955 5167
955 5169
957 7372
957 54963
957 7371
957 83549
957 100526794
957 115024
957 22978
957 30833
957 4907
957 51251
957 56953
957 84618
957 93034
957 139596
957 5167
957 5169
9583 7372
9583 54963
9583 7371
9583 83549
9583 100526794
9583 115024
9583 22978
9583 30833
9583 4907
9583 51251
9583 56953
9583 84618
9583 93034
9583 139596
9583 5167
9583 5169
139596 7372
139596 54963
139596 7371
139596 83549
139596 100526794
139596 115024
139596 22978
139596 30833
139596 4907
139596 51251
139596 56953
139596 84618
139596 93034
139596 5167
139596 5169
139596 151531
139596 7378
139596 4860
139596 1890
139596 1806
54963 7372
54963 5167
54963 5169
54963 978
54963 151531
54963 7378
7371 7372
7371 5167
7371 5169
7371 978
7371 151531
7371 7378
83549 7372
83549 5167
83549 5169
83549 978
83549 151531
83549 7378
100526794 7372
100526794 5167
100526794 5169
100526794 978
100526794 151531
100526794 7378
100526794 79077
100526794 1635
100526794 1890
100526794 1854
100526794 4860
115024 7372
115024 5167
115024 5169
115024 978
115024 151531
115024 7378
115024 79077
115024 1635
115024 1890
115024 1854
115024 4860
22978 7372
22978 5167
22978 5169
22978 978
22978 151531
22978 7378
22978 79077
22978 1635
22978 1890
22978 1854
22978 4860
30833 7372
30833 5167
30833 5169
30833 978
30833 151531
30833 7378
30833 79077
30833 1635
30833 1890
30833 1854
30833 4860
4907 7372
4907 5167
4907 5169
4907 978
4907 151531
4907 7378
4907 79077
4907 1635
4907 1890
4907 1854
4907 4860
51251 7372
51251 5167
51251 5169
51251 978
51251 151531
51251 7378
51251 79077
51251 1635
51251 1890
51251 1854
51251 4860
56953 7372
56953 5167
56953 5169
56953 978
56953 151531
56953 7378
56953 79077
56953 1635
56953 1890
56953 1854
56953 4860
84618 7372
84618 5167
84618 5169
84618 978
84618 151531
84618 7378
84618 79077
84618 1635
84618 1890
84618 1854
84618 4860
93034 7372
93034 5167
93034 5169
93034 978
93034 151531
93034 7378
93034 79077
93034 1635
93034 1890
93034 1854
93034 4860
151531 978
151531 4860
151531 1890
151531 1806
151531 139596
7378 978
7378 4860
7378 1890
7378 1806
7378 139596
1806 4860
1806 1890
1806 1807
1807 51733
978 4860
978 1890
978 151531
978 7378
10714 10201
10714 221264
10714 29922
10714 4830
10714 4831
10714 4832
10714 4833
10714 654364
10714 377841
10714 953
10714 956
10714 79077
23649 10201
23649 221264
23649 29922
23649 4830
23649 4831
23649 4832
23649 4833
23649 654364
23649 377841
23649 953
23649 956
23649 79077
54107 10201
54107 221264
54107 29922
54107 4830
54107 4831
54107 4832
54107 4833
54107 654364
54107 377841
54107 953
54107 956
54107 79077
5422 10201
5422 221264
5422 29922
5422 4830
5422 4831
5422 4832
5422 4833
5422 654364
5422 377841
5422 953
5422 956
5422 79077
5424 10201
5424 221264
5424 29922
5424 4830
5424 4831
5424 4832
5424 4833
5424 654364
5424 377841
5424 953
5424 956
5424 79077
5425 10201
5425 221264
5425 29922
5425 4830
5425 4831
5425 4832
5425 4833
5425 654364
5425 377841
5425 953
5425 956
5425 79077
5426 10201
5426 221264
5426 29922
5426 4830
5426 4831
5426 4832
5426 4833
5426 654364
5426 377841
5426 953
5426 956
5426 79077
5427 10201
5427 221264
5427 29922
5427 4830
5427 4831
5427 4832
5427 4833
5427 654364
5427 377841
5427 953
5427 956
5427 79077
5557 10201
5557 221264
5557 29922
5557 4830
5557 4831
5557 4832
5557 4833
5557 654364
5557 377841
5557 953
5557 956
5557 79077
5558 10201
5558 221264
5558 29922
5558 4830
5558 4831
5558 4832
5558 4833
5558 654364
5558 377841
5558 953
5558 956
5558 79077
56655 10201
56655 221264
56655 29922
56655 4830
56655 4831
56655 4832
56655 4833
56655 654364
56655 377841
56655 953
56655 956
56655 79077
57804 10201
57804 221264
57804 29922
57804 4830
57804 4831
57804 4832
57804 4833
57804 654364
57804 377841
57804 953
57804 956
57804 79077
79077 79077
79077 1635
79077 100526794
79077 115024
79077 22978
79077 30833
79077 4907
79077 51251
79077 56953
79077 84618
79077 93034
79077 1633
1633 79077
1633 1635
1633 978
1635 79077
1635 7083
1635 7084
1635 7298
1635 1841
1635 1854
1635 129607
1635 51727
1841 7083
1841 7084
1841 7298
1841 50484
1841 6240
1841 6241
1841 100526794
1841 115024
1841 22978
1841 30833
1841 4907
1841 51251
1841 56953
1841 84618
1841 93034
7083 978
7083 4860
7083 1890
7083 7298
7083 151531
7083 7378
7084 978
7084 4860
7084 1890
7084 7298
7084 151531
7084 7378
1890 1806
7298 1841
7298 377841
7298 953
7298 956
7298 100526794
7298 115024
7298 22978
7298 30833
7298 4907
7298 51251
7298 56953
7298 84618
7298 93034
7298 7083
7298 7084
5167 318
5167 377841
5167 953
5167 956
5167 1503
5167 56474
5167 10621
5167 10622
5167 10623
5167 11128
5167 171568
5167 221830
5167 246721
5167 25885
5167 30834
5167 51082
5167 51728
5167 5430
5167 5431
5167 5432
5167 5433
5167 5434
5167 5435
5167 5436
5167 5437
5167 5438
5167 5439
5167 5440
5167 5441
5167 548644
5167 55703
5167 55718
5167 64425
5167 661
5167 84172
5167 84265
5167 9533
5167 129607
5167 51727
5167 100526794
5167 115024
5167 22978
5167 30833
5167 4907
5167 51251
5167 56953
5167 84618
5167 93034
5169 318
5169 377841
5169 953
5169 956
5169 1503
5169 56474
5169 10621
5169 10622
5169 10623
5169 11128
5169 171568
5169 221830
5169 246721
5169 25885
5169 30834
5169 51082
5169 51728
5169 5430
5169 5431
5169 5432
5169 5433
5169 5434
5169 5435
5169 5436
5169 5437
5169 5438
5169 5439
5169 5440
5169 5441
5169 548644
5169 55703
5169 55718
5169 64425
5169 661
5169 84172
5169 84265
5169 9533
5169 129607
5169 51727
5169 100526794
5169 115024
5169 22978
5169 30833
5169 4907
5169 51251
5169 56953
5169 84618
5169 93034
1854 7083
1854 7084
1854 7298
1854 1841
1854 10201
1854 221264
1854 29922
1854 4830
1854 4831
1854 4832
1854 4833
1854 654364
