472 7157
7157 355
7157 581
7157 578
7157 5366
7157 27113
596 581
596 578
842 836
572 598
572 596
329 836
329 842
330 836
330 842
331 836
331 842
332 836
332 842
317 842
54205 317
54205 842
841 836
841 637
841 472
841 7157
8772 841
355 8772
356 355
5366 598
5366 596
27113 598
27113 596
598 581
598 578
2064 5290
2064 5291
2064 5293
2064 5295
2064 5296
2064 8503
2064 5594
2064 5595
5290 5170
5291 5170
5293 5170
5295 5170
5296 5170
8503 5170
5170 10000
5170 207
5170 208
10000 1026
10000 572
10000 842
10000 329
10000 330
10000 331
10000 332
207 1026
207 572
207 842
207 329
207 330
207 331
207 332
208 1026
208 572
208 842
208 329
208 330
208 331
208 332
5594 572
5595 572
1029 4193
4193 7157
1026 836
1026 4217
