1128 2770
1128 2771
1128 2773
1129 2770
1129 2771
1129 2773
134 2770
134 2771
134 2773
154 2770
154 2771
154 2773
1813 2770
1813 2771
1813 2773
1909 2770
1909 2771
1909 2773
2550 2770
2550 2771
2550 2773
2693 2770
2693 2771
2693 2773
27198 2770
27198 2771
27198 2773
2867 2770
2867 2771
2867 2773
3350 2770
3350 2771
3350 2773
3351 2770
3351 2771
3351 2773
3352 2770
3352 2771
3352 2773
3354 2770
3354 2771
3354 2773
3355 2770
3355 2771
3355 2773
338442 2770
338442 2771
338442 2773
4886 2770
4886 2771
4886 2773
5021 2770
5021 2771
5021 2773
56670 2770
56670 2771
56670 2773
5733 2770
5733 2771
5733 2773
6751 2770
6751 2771
6751 2773
6752 2770
6752 2771
6752 2773
6755 2770
6755 2771
6755 2773
8843 2770
8843 2771
8843 2773
9568 2770
9568 2771
9568 2773
2770 107
2770 108
2770 109
2770 111
2770 112
2770 113
2770 114
2770 115
2770 196883
2771 107
2771 108
2771 109
2771 111
2771 112
2771 113
2771 114
2771 115
2771 196883
2773 107
2773 108
2773 109
2773 111
2773 112
2773 113
2773 114
2773 115
2773 196883
2778 107
2778 108
2778 109
2778 111
2778 112
2778 113
2778 114
2778 115
2778 196883
5566 6662
5566 84876
5566 572
5566 387
5566 84152
5566 5465
5566 4772
5566 5350
5566 6262
5566 116443
5566 116444
5566 2902
5566 2903
5566 2904
5566 2905
5566 2906
5566 2890
5566 2891
5566 2892
5566 2893
5566 1080
5566 5348
5566 6548
5566 490
5566 491
5566 492
5566 493
5566 775
5566 776
5566 778
5566 779
5566 5139
5566 5140
5566 5141
5566 5142
5566 5143
5566 5144
5566 2737
5566 5894
5566 3991
5566 7137
5566 10488
5566 1385
5566 148327
5566 64764
5566 84699
5566 90993
5566 9586
5566 1387
5566 2033
5566 4792
5566 4790
5566 5970
5567 6662
5567 84876
5567 572
5567 387
5567 84152
5567 5465
5567 4772
5567 5350
5567 6262
5567 116443
5567 116444
5567 2902
5567 2903
5567 2904
5567 2905
5567 2906
5567 2890
5567 2891
5567 2892
5567 2893
5567 1080
5567 5348
5567 6548
5567 490
5567 491
5567 492
5567 493
5567 775
5567 776
5567 778
5567 779
5567 5139
5567 5140
5567 5141
5567 5142
5567 5143
5567 5144
5567 2737
5567 5894
5567 3991
5567 7137
5567 10488
5567 1385
5567 148327
5567 64764
5567 84699
5567 90993
5567 9586
5567 1387
5567 2033
5567 4792
5567 4790
5567 5970
5568 6662
5568 84876
5568 572
5568 387
5568 84152
5568 5465
5568 4772
5568 5350
5568 6262
5568 116443
5568 116444
5568 2902
5568 2903
5568 2904
5568 2905
5568 2906
5568 2890
5568 2891
5568 2892
5568 2893
5568 1080
5568 5348
5568 6548
5568 490
5568 491
5568 492
5568 493
5568 775
5568 776
5568 778
5568 779
5568 5139
5568 5140
5568 5141
5568 5142
5568 5143
5568 5144
5568 2737
5568 5894
5568 3991
5568 7137
5568 10488
5568 1385
5568 148327
5568 64764
5568 84699
5568 90993
5568 9586
5568 1387
5568 2033
5568 4792
5568 4790
5568 5970
5290 10000
5290 207
5290 208
5291 10000
5291 207
5291 208
5293 10000
5293 207
5293 208
5295 10000
5295 207
5295 208
5296 10000
5296 207
5296 208
8503 10000
8503 207
8503 208
5594 10488
5594 1385
5594 148327
5594 64764
5594 84699
5594 90993
5594 9586
5595 10488
5595 1385
5595 148327
5595 64764
5595 84699
5595 90993
5595 9586
163688 107
163688 108
163688 109
163688 111
163688 112
163688 113
163688 114
163688 115
163688 196883
51806 107
51806 108
51806 109
51806 111
51806 112
51806 113
51806 114
51806 115
51806 196883
801 107
801 108
801 109
801 111
801 112
801 113
801 114
801 115
801 196883
805 107
805 108
805 109
805 111
805 112
805 113
805 114
805 115
805 196883
808 107
808 108
808 109
808 111
808 112
808 113
808 114
808 115
808 196883
810 107
810 108
810 109
810 111
810 112
810 113
810 114
810 115
810 196883
91860 107
91860 108
91860 109
91860 111
91860 112
91860 113
91860 114
91860 115
91860 196883
10411 22800
10411 6237
10411 5599
10411 5601
10411 5602
10411 5906
10411 5908
11069 22800
11069 6237
11069 5599
11069 5601
11069 5602
11069 5906
11069 5908
5906 51196
5906 7074
5906 10451
5906 7409
5906 7410
5906 64411
5906 4301
5906 5290
5906 5291
5906 5293
5906 5295
5906 5296
5906 8503
5906 673
5906 5894
5908 51196
5908 7074
5908 10451
5908 7409
5908 7410
5908 64411
5908 4301
5908 5290
5908 5291
5908 5293
5908 5295
5908 5296
5908 8503
5908 673
5908 5894
5894 5604
5894 5605
5604 5594
5604 5595
5605 5594
5605 5595
64411 387
673 5604
673 5605
10488 627
10488 2353
10488 3725
1385 627
1385 2353
1385 3725
148327 627
148327 2353
148327 3725
64764 627
64764 2353
64764 3725
84699 627
84699 2353
84699 3725
90993 627
90993 2353
90993 3725
9586 627
9586 2353
9586 3725
387 6093
387 9475
6093 4659
9475 4659
4659 10398
814 107
814 108
814 109
814 111
814 112
814 113
814 114
814 115
814 196883
814 5139
814 5140
814 5141
814 5142
814 5143
814 5144
815 107
815 108
815 109
815 111
815 112
815 113
815 114
815 115
815 196883
815 5139
815 5140
815 5141
815 5142
815 5143
815 5144
816 107
816 108
816 109
816 111
816 112
816 113
816 114
816 115
816 196883
816 5139
816 5140
816 5141
816 5142
816 5143
816 5144
817 107
817 108
817 109
817 111
817 112
817 113
817 114
817 115
817 196883
817 5139
817 5140
817 5141
817 5142
817 5143
817 5144
818 107
818 108
818 109
818 111
818 112
818 113
818 114
818 115
818 196883
818 5139
818 5140
818 5141
818 5142
818 5143
818 5144
117 2778
135 2778
139760 2778
153 2778
1812 2778
1816 2778
2492 2778
2696 2778
2740 2778
3360 2778
3362 2778
4158 2778
4881 2778
5732 2778
7253 2778
7434 2778
2737 2735
2737 5727
2737 64399
4790 268
5970 268
5465 51
5465 8310
4772 2149
6662 268
22800 5337
22800 5338
22800 51196
6237 5337
6237 5338
6237 51196
4852 1128
4852 1129
4852 134
4852 154
4852 1813
4852 1909
4852 2550
4852 2693
4852 27198
4852 2867
4852 3350
4852 3351
4852 3352
4852 3354
4852 3355
4852 338442
4852 4886
4852 5021
4852 56670
4852 5733
4852 6751
4852 6752
4852 6755
4852 8843
4852 9568
51738 1128
51738 1129
51738 134
51738 154
51738 1813
51738 1909
51738 2550
51738 2693
51738 27198
51738 2867
51738 3350
51738 3351
51738 3352
51738 3354
51738 3355
51738 338442
51738 4886
51738 5021
51738 56670
51738 5733
51738 6751
51738 6752
51738 6755
51738 8843
51738 9568
5348 23439
5348 476
5348 477
5348 478
5348 480
5348 481
5348 482
5348 483
5348 486
84152 5499
84152 5500
84152 5501
5499 10488
5499 1385
5499 148327
5499 64764
5499 84699
5499 90993
5499 9586
5500 10488
5500 1385
5500 148327
5500 64764
5500 84699
5500 90993
5500 9586
5501 10488
5501 1385
5501 148327
5501 64764
5501 84699
5501 90993
5501 9586
7074 5879
7074 5880
7074 5881
10451 5879
10451 5880
10451 5881
7409 5879
7409 5880
7409 5881
7410 5879
7410 5880
7410 5881
5879 5058
5880 5058
5881 5058
2488 117
2488 135
2488 139760
2488 153
2488 1812
2488 1816
2488 2492
2488 2696
2488 2740
2488 3360
2488 3362
2488 4158
2488 4881
2488 5732
2488 7253
2488 7434
