7097 4790
7097 5970
4790 3592
4790 3593
4790 3458
4790 7124
5970 3592
5970 3593
5970 3458
5970 7124
7100 4790
7100 5970
51561 149233
51561 3594
7040 4087
7040 4088
7040 50943
7042 4087
7042 4088
7042 50943
7043 4087
7043 4088
7043 50943
3569 6774
3592 3595
3592 3594
3593 3595
3593 3594
3458 3459
3458 3460
3594 6775
3594 8807
3594 8809
3594 6774
6775 3558
3459 6772
3460 6772
6772 30009
30009 3565
30009 3567
30009 3595
3565 3566
3565 3561
3566 6778
6778 2625
6778 3586
2625 3565
2625 3567
2625 3596
2625 3458
4772 3565
4094 3565
7099 4790
7099 5970
149233 6774
59067 50615
6774 59067
6774 149233
6774 6097
6774 6095
3606 8807
3606 8809
3725 3458
3595 6775
3595 8807
3595 8809
3561 6778
8807 3725
8807 4790
8807 5970
8809 3725
8809 4790
8809 5970
6097 112744
6097 3605
6097 50616
50615 6774
6095 112744
6095 3605
6095 50616
50943 6097
