9978 3091
6923 3091
6921 3091
112398 3091
112399 3091
54583 3091
7428 3091
405 7076
405 4055
405 2056
405 7018
405 7037
405 7422
405 2321
405 1950
405 5054
405 284
405 285
405 51378
405 7010
405 1906
405 4843
405 4846
405 3162
405 4878
405 6513
405 5163
405 3098
405 3099
405 3101
405 80201
405 5211
405 2597
405 226
405 5230
405 5209
405 3939
405 596
405 1026
405 1027
405 2023
405 2026
405 2027
405 387712
1387 7076
1387 4055
1387 2056
1387 7018
1387 7037
1387 7422
1387 2321
1387 1950
1387 5054
1387 284
1387 285
1387 51378
1387 7010
1387 1906
1387 4843
1387 4846
1387 3162
1387 4878
1387 6513
1387 5163
1387 3098
1387 3099
1387 3101
1387 80201
1387 5211
1387 2597
1387 226
1387 5230
1387 5209
1387 3939
1387 596
1387 1026
1387 1027
1387 2023
1387 2026
1387 2027
1387 387712
2033 7076
2033 4055
2033 2056
2033 7018
2033 7037
2033 7422
2033 2321
2033 1950
2033 5054
2033 284
2033 285
2033 51378
2033 7010
2033 1906
2033 4843
2033 4846
2033 3162
2033 4878
2033 6513
2033 5163
2033 3098
2033 3099
2033 3101
2033 80201
2033 5211
2033 2597
2033 226
2033 5230
2033 5209
2033 3939
2033 596
2033 1026
2033 1027
2033 2023
2033 2026
2033 2027
2033 387712
3091 7076
3091 4055
3091 2056
3091 7018
3091 7037
3091 7422
3091 2321
3091 1950
3091 5054
3091 284
3091 285
3091 51378
3091 7010
3091 1906
3091 4843
3091 4846
3091 3162
3091 4878
3091 6513
3091 5163
3091 3098
3091 3099
3091 3101
3091 80201
3091 5211
3091 2597
3091 226
3091 5230
3091 5209
3091 3939
3091 596
3091 1026
3091 1027
3091 2023
3091 2026
3091 2027
3091 387712
1950 1956
1950 2064
1950 3480
1950 3643
3479 1956
3479 2064
3479 3480
3479 3643
3630 1956
3630 2064
3630 3480
3630 3643
1956 5604
1956 5605
1956 5290
1956 5291
1956 5293
1956 5295
1956 5296
1956 8503
2064 5604
2064 5605
2064 5290
2064 5291
2064 5293
2064 5295
2064 5296
2064 8503
3480 5604
3480 5605
3480 5290
3480 5291
3480 5293
3480 5295
3480 5296
3480 8503
3643 5604
3643 5605
3643 5290
3643 5291
3643 5293
3643 5295
3643 5296
3643 8503
5290 10000
5290 207
5290 208
5291 10000
5291 207
5291 208
5293 10000
5293 207
5293 208
5295 10000
5295 207
5295 208
5296 10000
5296 207
5296 208
8503 10000
8503 207
8503 208
10000 2475
207 2475
208 2475
2475 6198
2475 6199
2475 1978
5578 2475
5578 112398
5578 112399
5578 54583
5579 2475
5579 112398
5579 112399
5579 54583
5582 2475
5582 112398
5582 112399
5582 54583
5163 5160
5163 5161
5163 5162
815 1387
815 2033
816 1387
816 2033
817 1387
817 2033
818 1387
818 2033
7099 4790
7099 5970
4790 3091
5970 3091
3458 3459
3458 3460
3459 4790
3459 5970
3460 4790
3460 5970
3569 3570
3570 6774
6774 3091
6198 6194
6199 6194
5594 2872
5594 8569
5594 1978
5595 2872
5595 8569
5595 1978
5604 5594
5604 5595
5605 5594
5605 5595
2872 1977
2872 253314
2872 9470
8569 1977
8569 253314
8569 9470
