54344 22845
54344 1798
8818 22845
8818 1798
29929 29880
29929 79796
79087 79796
79796 10195
10195 440138
10195 8813
10195 54344
10195 8818
146664 11282
146664 11320
146664 152586
146664 25834
4249 11282
4249 11320
4249 152586
4249 25834
57171 22845
57171 29880
57171 1798
57171 8813
57171 54344
57171 8818
57171 1603
57171 1650
57171 6184
57171 6185
57171 7991
57171 201595
57171 3703
2530 4247
2530 4248
2530 11282
2530 11320
2530 152586
2530 2683
2530 8703
2530 8704
2683 6480
2683 84620
8703 6480
8703 84620
8704 6480
8704 84620
4248 4247
4248 11282
4248 11320
4248 152586
4247 4122
4247 4124
4247 11282
4247 11320
4247 152586
4122 4245
4124 4245
23193 7841
23193 10905
23193 11253
23193 4121
23193 57134
7841 1603
7841 1650
7841 6184
7841 6185
7841 7991
7841 201595
7841 3703
440138 85365
29880 22845
29880 1798
29880 8813
29880 54344
29880 8818
85365 56052
56052 8813
56052 54344
56052 8818
56052 199857
56052 79868
8813 22845
8813 1798
1798 22845
1798 199857
1798 79868
144245 79053
144245 1603
144245 1650
144245 6184
144245 6185
144245 7991
144245 201595
144245 3703
84920 79053
84920 1603
84920 1650
84920 6184
84920 6185
84920 7991
84920 201595
84920 3703
79053 29929
4245 10905
4245 11253
4245 4121
4245 57134
