5530 4772
5530 4773
5530 4775
5530 4776
5532 4772
5532 4773
5532 4775
5532 4776
5533 4772
5533 4773
5533 4775
5533 4776
5534 4772
5534 4773
5534 4775
5534 4776
5535 4772
5535 4773
5535 4775
5535 4776
23236 815
23236 816
23236 817
23236 818
23236 5530
23236 5532
23236 5533
23236 5534
23236 5535
23236 5578
23236 5579
23236 5582
5330 815
5330 816
5330 817
5330 818
5330 5530
5330 5532
5330 5533
5330 5534
5330 5535
5330 5578
5330 5579
5330 5582
5331 815
5331 816
5331 817
5331 818
5331 5530
5331 5532
5331 5533
5331 5534
5331 5535
5331 5578
5331 5579
5331 5582
5332 815
5332 816
5332 817
5332 818
5332 5530
5332 5532
5332 5533
5332 5534
5332 5535
5332 5578
5332 5579
5332 5582
11211 1855
11211 1856
11211 1857
11211 23236
11211 5330
11211 5331
11211 5332
11211 2239
2535 1855
2535 1856
2535 1857
2535 23236
2535 5330
2535 5331
2535 5332
2535 2239
7855 1855
7855 1856
7855 1857
7855 23236
7855 5330
7855 5331
7855 5332
7855 2239
7976 1855
7976 1856
7976 1857
7976 23236
7976 5330
7976 5331
7976 5332
7976 2239
8321 1855
8321 1856
8321 1857
8321 23236
8321 5330
8321 5331
8321 5332
8321 2239
8322 1855
8322 1856
8322 1857
8322 23236
8322 5330
8322 5331
8322 5332
8322 2239
8323 1855
8323 1856
8323 1857
8323 23236
8323 5330
8323 5331
8323 5332
8323 2239
8324 1855
8324 1856
8324 1857
8324 23236
8324 5330
8324 5331
8324 5332
8324 2239
8325 1855
8325 1856
8325 1857
8325 23236
8325 5330
8325 5331
8325 5332
8325 2239
8326 1855
8326 1856
8326 1857
8326 23236
8326 5330
8326 5331
8326 5332
8326 2239
7474 11211
7474 2535
7474 7855
7474 7976
7474 8321
7474 8322
7474 8323
7474 8324
7474 8325
7474 8326
7474 4040
7474 4041
81029 11211
81029 2535
81029 7855
81029 7976
81029 8321
81029 8322
81029 8323
81029 8324
81029 8325
81029 8326
81029 4040
81029 4041
5879 5599
5879 5601
5879 5602
5880 5599
5880 5601
5880 5602
5881 5599
5881 5601
5881 5602
387 5599
387 5601
387 5602
387 23002
387 23500
387 9475
23002 1855
23002 1856
23002 1857
23500 1855
23500 1856
23500 1857
1855 5879
1855 5880
1855 5881
1855 2932
1855 1457
1855 1459
1855 1460
1855 283106
1855 57216
1855 81839
1855 144165
1855 166336
1855 29964
1855 4007
1856 5879
1856 5880
1856 5881
1856 2932
1856 1457
1856 1459
1856 1460
1856 283106
1856 57216
1856 81839
1856 144165
1856 166336
1856 29964
1856 4007
1857 5879
1857 5880
1857 5881
1857 2932
1857 1457
1857 1459
1857 1460
1857 283106
1857 57216
1857 81839
1857 144165
1857 166336
1857 29964
1857 4007
144165 57216
144165 81839
166336 57216
166336 81839
29964 57216
29964 81839
4007 57216
4007 81839
7481 11211
7481 2535
7481 7855
7481 7976
7481 8321
7481 8322
7481 8323
7481 8324
7481 8325
7481 8326
7481 4040
7481 4041
1487 51176
1487 6932
1487 6934
1487 83439
1488 51176
1488 6932
1488 6934
1488 83439
64321 51176
64321 6932
64321 6934
64321 83439
4089 51176
4089 6932
4089 6934
4089 83439
51176 4609
51176 3725
51176 8061
51176 595
51176 894
51176 896
51176 5467
51176 4316
6932 4609
6932 3725
6932 8061
6932 595
6932 894
6932 896
6932 5467
6932 4316
6934 4609
6934 3725
6934 8061
6934 595
6934 894
6934 896
6934 5467
6934 4316
83439 4609
83439 3725
83439 8061
83439 595
83439 894
83439 896
83439 5467
83439 4316
1387 51176
1387 6932
1387 6934
1387 83439
2033 51176
2033 6932
2033 6934
2033 83439
8607 51176
8607 6932
8607 6934
8607 83439
8607 1499
57680 1499
56998 1499
51701 51176
51701 6932
51701 6934
51701 83439
6885 51701
122011 8312
122011 8313
122011 1499
1452 8312
1452 8313
1452 1499
8454 9978
6500 6907
6500 79718
6500 90665
6500 8454
23291 1499
23291 6500
8945 1499
8945 6500
6907 10297
6907 324
6907 1499
79718 10297
79718 324
79718 1499
90665 10297
90665 324
90665 1499
27101 6500
10297 1499
10297 1855
10297 1856
10297 1857
10297 6500
324 1499
324 1855
324 1856
324 1857
324 6500
6477 27101
6477 1499
85407 1855
85407 1856
85407 1857
85409 1855
85409 1856
85409 1857
7157 6477
8312 102800317
8312 1454
8312 1855
8312 1856
8312 1857
8312 2932
8312 10297
8312 324
8312 1499
8313 102800317
8313 1454
8313 1855
8313 1856
8313 1857
8313 2932
8313 10297
8313 324
8313 1499
1499 51176
1499 6932
1499 6934
1499 83439
5566 5663
5566 2932
5566 1499
5567 5663
5567 2932
5567 1499
5568 5663
5568 2932
5568 1499
5663 1499
2932 10023
2932 23401
2932 1499
10023 1855
10023 1856
10023 1857
23401 1855
23401 1856
23401 1857
59343 1855
59343 1856
59343 1857
80319 1855
80319 1856
80319 1857
22943 4040
22943 4041
27121 4040
27121 4041
27123 4040
27123 4041
11197 51384
11197 54361
11197 7471
11197 7472
11197 7473
11197 7474
11197 7475
11197 7476
11197 7477
11197 7478
11197 7479
11197 7480
11197 7481
11197 7482
11197 7483
11197 7484
11197 80326
11197 81029
11197 89780
9350 51384
9350 54361
9350 7471
9350 7472
9350 7473
9350 7474
9350 7475
9350 7476
9350 7477
9350 7478
9350 7479
9350 7480
9350 7481
9350 7482
9350 7483
9350 7484
9350 80326
9350 81029
9350 89780
4040 11211
4040 2535
4040 7855
4040 7976
4040 8321
4040 8322
4040 8323
4040 8324
4040 8325
4040 8326
4041 11211
4041 2535
4041 7855
4041 7976
4041 8321
4041 8322
4041 8323
4041 8324
4041 8325
4041 8326
6422 51384
6422 54361
6422 7471
6422 7472
6422 7473
6422 7474
6422 7475
6422 7476
6422 7477
6422 7478
6422 7479
6422 7480
6422 7481
6422 7482
6422 7483
6422 7484
6422 80326
6422 81029
6422 89780
6422 11211
6422 2535
6422 7855
6422 7976
6422 8321
6422 8322
6422 8323
6422 8324
6422 8325
6422 8326
6423 51384
6423 54361
6423 7471
6423 7472
6423 7473
6423 7474
6423 7475
6423 7476
6423 7477
6423 7478
6423 7479
6423 7480
6423 7481
6423 7482
6423 7483
6423 7484
6423 80326
6423 81029
6423 89780
6423 11211
6423 2535
6423 7855
6423 7976
6423 8321
6423 8322
6423 8323
6423 8324
6423 8325
6423 8326
6424 51384
6424 54361
6424 7471
6424 7472
6424 7473
6424 7474
6424 7475
6424 7476
6424 7477
6424 7478
6424 7479
6424 7480
6424 7481
6424 7482
6424 7483
6424 7484
6424 80326
6424 81029
6424 89780
6424 11211
6424 2535
6424 7855
6424 7976
6424 8321
6424 8322
6424 8323
6424 8324
6424 8325
6424 8326
6425 51384
6425 54361
6425 7471
6425 7472
6425 7473
6425 7474
6425 7475
6425 7476
6425 7477
6425 7478
6425 7479
6425 7480
6425 7481
6425 7482
6425 7483
6425 7484
6425 80326
6425 81029
6425 89780
6425 11211
6425 2535
6425 7855
6425 7976
6425 8321
6425 8322
6425 8323
6425 8324
6425 8325
6425 8326
64840 51384
64840 54361
64840 7471
64840 7472
64840 7473
64840 7474
64840 7475
64840 7476
64840 7477
64840 7478
64840 7479
64840 7480
64840 7481
64840 7482
64840 7483
64840 7484
64840 80326
64840 81029
64840 89780
51384 11211
51384 2535
51384 7855
51384 7976
51384 8321
51384 8322
51384 8323
51384 8324
51384 8325
51384 8326
51384 4040
51384 4041
54361 11211
54361 2535
54361 7855
54361 7976
54361 8321
54361 8322
54361 8323
54361 8324
54361 8325
54361 8326
54361 4040
54361 4041
7471 11211
7471 2535
7471 7855
7471 7976
7471 8321
7471 8322
7471 8323
7471 8324
7471 8325
7471 8326
7471 4040
7471 4041
7472 11211
7472 2535
7472 7855
7472 7976
7472 8321
7472 8322
7472 8323
7472 8324
7472 8325
7472 8326
7472 4040
7472 4041
7473 11211
7473 2535
7473 7855
7473 7976
7473 8321
7473 8322
7473 8323
7473 8324
7473 8325
7473 8326
7473 4040
7473 4041
7475 11211
7475 2535
7475 7855
7475 7976
7475 8321
7475 8322
7475 8323
7475 8324
7475 8325
7475 8326
7475 4040
7475 4041
7476 11211
7476 2535
7476 7855
7476 7976
7476 8321
7476 8322
7476 8323
7476 8324
7476 8325
7476 8326
7476 4040
7476 4041
7477 11211
7477 2535
7477 7855
7477 7976
7477 8321
7477 8322
7477 8323
7477 8324
7477 8325
7477 8326
7477 4040
7477 4041
7478 11211
7478 2535
7478 7855
7478 7976
7478 8321
7478 8322
7478 8323
7478 8324
7478 8325
7478 8326
7478 4040
7478 4041
7479 11211
7479 2535
7479 7855
7479 7976
7479 8321
7479 8322
7479 8323
7479 8324
7479 8325
7479 8326
7479 4040
7479 4041
7480 11211
7480 2535
7480 7855
7480 7976
7480 8321
7480 8322
7480 8323
7480 8324
7480 8325
7480 8326
7480 4040
7480 4041
7482 11211
7482 2535
7482 7855
7482 7976
7482 8321
7482 8322
7482 8323
7482 8324
7482 8325
7482 8326
7482 4040
7482 4041
7483 11211
7483 2535
7483 7855
7483 7976
7483 8321
7483 8322
7483 8323
7483 8324
7483 8325
7483 8326
7483 4040
7483 4041
7484 11211
7484 2535
7484 7855
7484 7976
7484 8321
7484 8322
7484 8323
7484 8324
7484 8325
7484 8326
7484 4040
7484 4041
80326 11211
80326 2535
80326 7855
80326 7976
80326 8321
80326 8322
80326 8323
80326 8324
80326 8325
80326 8326
80326 4040
80326 4041
89780 11211
89780 2535
89780 7855
89780 7976
89780 8321
89780 8322
89780 8323
89780 8324
89780 8325
89780 8326
89780 4040
89780 4041
25805 4040
25805 4041
25805 11211
25805 2535
25805 7855
25805 7976
25805 8321
25805 8322
25805 8323
25805 8324
25805 8325
25805 8326
25805 1855
25805 1856
25805 1857
50964 4040
50964 4041
5176 4040
5176 4041
27130 1855
27130 1856
27130 1857
147111 51384
147111 54361
147111 7471
147111 7472
147111 7473
147111 7474
147111 7475
147111 7476
147111 7477
147111 7478
147111 7479
147111 7480
147111 7481
147111 7482
147111 7483
147111 7484
147111 80326
147111 81029
147111 89780
