5901 11260
5901 57510
5901 1915
5901 1917
5901 7514
5901 51808
5901 22916
5901 4686
5901 51068
7514 11097
7514 4927
7514 8021
11218 50628
11218 6606
11218 6607
11218 54960
11218 25929
11218 8487
11218 79760
11218 79833
11218 11171
3837 10073
9939 22794
9939 4116
9939 55110
9939 9775
9775 10482
9775 55998
9775 56000
9775 56001
9775 728343
10284 5411
10284 22985
10284 10921
10284 10189
10482 29107
10482 55916
10482 8563
10482 10189
10482 65109
10482 65110
55998 29107
55998 55916
55998 8563
55998 10189
55998 65109
55998 65110
56000 29107
56000 55916
56000 8563
56000 10189
56000 65109
56000 65110
56001 29107
56001 55916
56001 8563
56001 10189
56001 65109
56001 65110
728343 29107
728343 55916
728343 8563
728343 10189
728343 65109
728343 65110
10189 7919
10189 8563
23636 9818
23636 53371
9972 59343
9688 23165
9688 23511
9631 129401
4928 8480
79023 23279
79023 79902
79023 348995
79023 55746
79023 4928
79023 57122
6396 55746
6396 4928
81929 57122
81929 4928
8480 10482
8480 55998
8480 56000
8480 56001
8480 728343
8021 4927
285190 5905
400966 5905
5903 5905
653489 5905
727851 5905
729857 5905
84220 5905
7329 387082
7329 6612
7329 6613
7329 7341
7329 285190
7329 400966
7329 5903
7329 653489
7329 727851
7329 729857
7329 84220
387082 285190
387082 400966
387082 5903
387082 653489
387082 727851
387082 729857
387082 84220
6612 285190
6612 400966
6612 5903
6612 653489
6612 727851
6612 729857
6612 84220
6613 285190
6613 400966
6613 5903
6613 653489
6613 727851
6613 729857
6613 84220
7341 285190
7341 400966
7341 5903
7341 653489
7341 727851
7341 729857
7341 84220
11097 10482
11097 55998
11097 56000
11097 56001
11097 728343
5976 26019
84305 9939
3646 10209
3646 10289
3646 1964
3646 9086
3646 1983
3646 1965
3646 1968
3646 8894
728689 10209
728689 10289
728689 1964
728689 9086
728689 1983
728689 1965
728689 1968
728689 8894
8661 10209
8661 10289
8661 1964
8661 9086
8661 1983
8661 1965
8661 1968
8661 8894
8662 10209
8662 10289
8662 1964
8662 9086
8662 1983
8662 1965
8662 1968
8662 8894
8663 10209
8663 10289
8663 1964
8663 9086
8663 1983
8663 1965
8663 1968
8663 8894
8664 10209
8664 10289
8664 1964
8664 9086
8664 1983
8664 1965
8664 1968
8664 8894
8665 10209
8665 10289
8665 1964
8665 9086
8665 1983
8665 1965
8665 1968
8665 8894
8666 10209
8666 10289
8666 1964
8666 9086
8666 1983
8666 1965
8666 1968
8666 8894
8667 10209
8667 10289
8667 1964
8667 9086
8667 1983
8667 1965
8667 1968
8667 8894
8668 10209
8668 10289
8668 1964
8668 9086
8668 1983
8668 1965
8668 1968
8668 8894
8669 10209
8669 10289
8669 1964
8669 9086
8669 1983
8669 1965
8669 1968
8669 8894
9984 57187
9984 8563
9984 79228
9984 80145
132430 10605
140886 10605
26986 10605
340529 10605
5042 10605
645974 10605
80336 10605
8761 10605
10605 1973
10605 1974
1981 1977
1981 253314
1981 9470
1981 1973
1981 1974
1982 1977
1982 253314
1982 9470
1982 1973
1982 1974
8672 1977
8672 253314
8672 9470
8672 1973
8672 1974
26019 65109
26019 65110
65109 4116
65109 55110
65110 4116
65110 55110
1975 1973
1975 1974
1967 1965
1967 1968
1967 8894
8890 1965
8890 1968
8890 8894
8891 1965
8891 1968
8891 8894
8892 1965
8892 1968
8892 8894
8893 1965
8893 1968
8893 8894
23191 2332
23191 8087
23191 9513
23191 1977
23191 253314
23191 9470
26999 2332
26999 8087
26999 9513
26999 1977
26999 253314
26999 9470
