7124 7132
7132 8717
8717 7186
8717 7188
8717 8737
197259 192111
197259 114548
197259 54822
7099 353376
3454 3716
3454 3717
3454 3718
3454 7297
3455 3716
3455 3717
3455 3718
3455 7297
3459 3716
3459 3717
3459 3718
3459 7297
3460 3716
3460 3717
3460 3718
3460 7297
3439 3454
3439 3455
3439 3459
3439 3460
3440 3454
3440 3455
3440 3459
3440 3460
3441 3454
3441 3455
3441 3459
3441 3460
3442 3454
3442 3455
3442 3459
3442 3460
3443 3454
3443 3455
3443 3459
3443 3460
3444 3454
3444 3455
3444 3459
3444 3460
3445 3454
3445 3455
3445 3459
3445 3460
3446 3454
3446 3455
3446 3459
3446 3460
3447 3454
3447 3455
3447 3459
3447 3460
3448 3454
3448 3455
3448 3459
3448 3460
3449 3454
3449 3455
3449 3459
3449 3460
3451 3454
3451 3455
3451 3459
3451 3460
3452 3454
3452 3455
3452 3459
3452 3460
3456 3454
3456 3455
3456 3459
3456 3460
3458 3454
3458 3455
3458 3459
3458 3460
3716 6772
3716 6773
3716 6774
3716 6775
3716 6776
3716 6777
3716 6778
3717 6772
3717 6773
3717 6774
3717 6775
3717 6776
3717 6777
3717 6778
3718 6772
3718 6773
3718 6774
3718 6775
3718 6776
3718 6777
3718 6778
7297 6772
7297 6773
7297 6774
7297 6775
7297 6776
7297 6777
7297 6778
8795 8737
8797 8737
8743 8795
8743 8797
355 11124
355 8772
356 355
329 8737
330 8737
331 8737
841 1540
841 8737
841 11035
8837 841
1540 8737
7098 148022
8737 11035
8772 8737
8772 841
7128 11035
11124 8737
11124 8772
5610 8737
11035 1536
11035 815
11035 816
11035 817
11035 818
11035 2746
11035 2747
11035 2752
11035 5834
11035 5836
11035 5837
11035 197259
11035 6609
11035 5599
11035 5601
11035 5602
148022 11035
10616 329
10616 330
10616 331
10616 124044
10616 9825
10616 8737
55072 329
55072 330
55072 331
55072 124044
55072 9825
55072 8737
81858 329
81858 330
81858 331
81858 124044
81858 9825
81858 8737
353376 148022
6772 5610
6772 8737
6773 5610
6773 8737
6774 5610
6774 8737
6775 5610
6775 8737
6776 5610
6776 8737
6777 5610
6777 8737
6778 5610
6778 8737
3320 8737
3320 11035
3320 197259
3326 8737
3326 11035
3326 197259
81030 11035
124044 1540
9825 1540
27005 8737
291 7416
291 7417
291 7419
292 7416
292 7417
292 7419
293 7416
293 7417
293 7419
83447 7416
83447 7417
83447 7419
192111 10059
114548 29108
29108 834
834 3553
5599 2495
5599 2512
5601 2495
5601 2512
5602 2495
5602 2512
823 637
824 637
637 581
221613 5478
221613 9131
3012 5478
3012 9131
3013 5478
3013 9131
3014 5478
3014 9131
3015 5478
3015 9131
317772 5478
317772 9131
474381 5478
474381 9131
474382 5478
474382 9131
55506 5478
55506 9131
55766 5478
55766 9131
723790 5478
723790 9131
8329 5478
8329 9131
8330 5478
8330 9131
8331 5478
8331 9131
8332 5478
8332 9131
8334 5478
8334 9131
8335 5478
8335 9131
8336 5478
8336 9131
8337 5478
8337 9131
8338 5478
8338 9131
83740 5478
83740 9131
85235 5478
85235 9131
8969 5478
8969 9131
92815 5478
92815 9131
94239 5478
94239 9131
9555 5478
9555 9131
581 9131
596 581
5478 9131
815 291
815 292
815 293
815 83447
815 5481
815 7416
815 7417
815 7419
816 291
816 292
816 293
816 83447
816 5481
816 7416
816 7417
816 7419
817 291
817 292
817 293
817 83447
817 5481
817 7416
817 7417
817 7419
818 291
818 292
818 293
818 83447
818 5481
818 7416
818 7417
818 7419
1536 815
1536 816
1536 817
1536 818
100526767 197259
128866 197259
25978 197259
27183 197259
27243 197259
29082 197259
5119 197259
51510 197259
51652 197259
57132 197259
79643 197259
91782 197259
92421 197259
9525 197259
8878 8737
5481 291
5481 292
5481 293
5481 83447
