887 2776
1131 2776
5566 7430
5567 7430
5568 7430
2776 23236
2776 5330
2776 5331
2776 5332
3274 2778
5578 7430
5579 7430
5582 7430
2520 887
2778 107
2778 108
2778 109
2778 111
2778 112
2778 113
2778 114
2778 115
2778 196883
7430 60
2770 107
2770 108
2770 109
2770 111
2770 112
2770 113
2770 114
2770 115
2770 196883
2771 107
2771 108
2771 109
2771 111
2771 112
2771 113
2771 114
2771 115
2771 196883
2773 107
2773 108
2773 109
2773 111
2773 112
2773 113
2773 114
2773 115
2773 196883
6752 2770
6752 2771
6752 2773
6750 6752
163688 815
163688 816
163688 817
163688 818
163688 340156
163688 4638
163688 85366
163688 91807
51806 815
51806 816
51806 817
51806 818
51806 340156
51806 4638
51806 85366
51806 91807
801 815
801 816
801 817
801 818
801 340156
801 4638
801 85366
801 91807
805 815
805 816
805 817
805 818
805 340156
805 4638
805 85366
805 91807
808 815
808 816
808 817
808 818
808 340156
808 4638
808 85366
808 91807
810 815
810 816
810 817
810 818
810 340156
810 4638
810 85366
810 91807
91860 815
91860 816
91860 817
91860 818
91860 340156
91860 4638
91860 85366
91860 91807
