29108 834
834 3553
834 3606
834 79792
10392 55054
10392 8767
64127 8767
64127 9140
64127 9474
64127 55054
64127 57506
64127 22861
8767 8517
8767 10454
8767 23118
8767 257397
8767 7187
1147 4792
1147 4793
3551 4792
3551 4793
6885 1147
6885 3551
6885 5594
6885 5595
6885 5599
6885 5601
6885 5602
6885 1432
6885 5600
6885 5603
6885 6300
10454 6885
23118 6885
257397 6885
22861 29108
114548 22900
114548 29108
58484 29108
10910 114548
10910 3320
10910 3326
10910 10392
3320 114548
3326 114548
5599 3725
5601 3725
5602 3725
5594 3725
5595 3725
1432 3725
5600 3725
5603 3725
6300 3725
152138 29108
4210 9051
4210 29108
4671 58484
9447 29108
7158 9447
4790 3553
4790 3606
4790 3569
4790 7124
4790 3576
4790 2919
4790 2920
4790 2921
4790 6347
4790 6352
4790 820
4790 114548
4790 3439
4790 3440
4790 3441
4790 3442
4790 3443
4790 3444
4790 3445
4790 3446
4790 3447
4790 3448
4790 3449
4790 3451
4790 3452
4790 3456
5970 3553
5970 3606
5970 3569
5970 7124
5970 3576
5970 2919
5970 2920
5970 2921
5970 6347
5970 6352
5970 820
5970 114548
5970 3439
5970 3440
5970 3441
5970 3442
5970 3443
5970 3444
5970 3445
5970 3446
5970 3447
5970 3448
5970 3449
5970 3451
5970 3452
5970 3456
3725 3553
3725 3606
3725 3569
3725 7124
3725 3576
3725 2919
3725 2920
3725 2921
3725 6347
3725 6352
3725 820
8517 1147
8517 3551
7187 9641
29110 3661
29110 3665
29110 4790
29110 5970
9641 29110
9641 10010
9641 3661
9641 3665
3661 3439
3661 3440
3661 3441
3661 3442
3661 3443
3661 3444
3661 3445
3661 3446
3661 3447
3661 3448
3661 3449
3661 3451
3661 3452
3661 3456
3665 3439
3665 3440
3665 3441
3665 3442
3665 3443
3665 3444
3665 3445
3665 3446
3665 3447
3665 3448
3665 3449
3665 3451
3665 3452
3665 3456
51135 7189
51135 8517
91662 29108
91662 4790
91662 5970
222545 23236
222545 5330
222545 5331
222545 5332
846 23236
846 5330
846 5331
846 5332
3716 7297
3716 6772
3716 6773
837 79792
79792 114548
7099 148022
7099 4615
4615 51135
3454 3716
3454 7297
3455 3716
3455 7297
387 4210
3439 3454
3439 3455
3440 3454
3440 3455
3441 3454
3441 3455
3442 3454
3442 3455
3443 3454
3443 3455
3444 3454
3444 3455
3445 3454
3445 3455
3446 3454
3446 3455
3447 3454
3447 3455
3448 3454
3448 3455
3449 3454
3449 3455
3451 3454
3451 3455
3452 3454
3452 3455
3456 3454
3456 3455
57506 7187
57506 114548
57506 55669
57506 9927
55914 64127
148022 3661
148022 3665
140609 114548
79184 114548
100506742 834
7189 8767
7189 8517
4792 4790
4792 5970
4793 4790
4793 5970
107181291 9447
260434 29108
10628 25828
10628 7295
10628 114548
329 8767
330 8767
331 8767
10616 8767
55072 8767
81858 8767
55054 9474
55054 9140
55054 11337
55054 11345
55054 23710
9140 11337
9140 11345
9140 23710
9474 9140
9474 11337
9474 11345
9474 23710
1536 1535
10135 1536
3428 9447
3428 29108
3428 340061
340061 29110
171389 29108
199713 29108
7128 8767
84674 8767
7205 8767
7186 8767
7188 8767
79671 57506
64170 8767
10379 6772
10379 6773
114769 834
440068 834
59082 834
5580 58484
838 79792
841 834
841 8772
596 22861
598 22861
56919 57506
11035 10059
8737 10059
1508 114548
6041 56919
