898 5925
9134 5925
1017 5925
595 5925
3688 5747
3655 5747
3673 5747
3674 5747
3675 5747
3685 5747
7709 1030
1027 898
1027 9134
1027 1017
10000 1147
10000 3551
10000 8517
207 1147
207 3551
207 8517
208 1147
208 3551
208 8517
1163 6502
1164 6502
842 836
317 842
4149 595
4149 1019
4149 1021
4149 1163
4149 1164
4149 7709
4609 595
4609 1019
4609 1021
4609 1163
4609 1164
4609 7709
5290 10000
5290 207
5290 208
5291 10000
5291 207
5291 208
5293 10000
5293 207
5293 208
5295 10000
5295 207
5295 208
5296 10000
5296 207
5296 208
8503 10000
8503 207
8503 208
5747 5290
5747 5291
5747 5293
5747 5295
5747 5296
5747 8503
54205 842
10319 3688
10319 3655
10319 3673
10319 3674
10319 3675
10319 3685
1282 3688
1282 3655
1282 3673
1282 3674
1282 3675
1282 3685
1284 3688
1284 3655
1284 3673
1284 3674
1284 3675
1284 3685
1285 3688
1285 3655
1285 3673
1285 3674
1285 3675
1285 3685
1286 3688
1286 3655
1286 3673
1286 3674
1286 3675
1286 3685
1287 3688
1287 3655
1287 3673
1287 3674
1287 3675
1287 3685
1288 3688
1288 3655
1288 3673
1288 3674
1288 3675
1288 3685
22798 3688
22798 3655
22798 3673
22798 3674
22798 3675
22798 3685
2335 3688
2335 3655
2335 3673
2335 3674
2335 3675
2335 3685
284217 3688
284217 3655
284217 3673
284217 3674
284217 3675
284217 3685
3908 3688
3908 3655
3908 3673
3908 3674
3908 3675
3908 3685
3909 3688
3909 3655
3909 3673
3909 3674
3909 3675
3909 3685
3910 3688
3910 3655
3910 3673
3910 3674
3910 3675
3910 3685
3911 3688
3911 3655
3911 3673
3911 3674
3911 3675
3911 3685
3912 3688
3912 3655
3912 3673
3912 3674
3912 3675
3912 3685
3913 3688
3913 3655
3913 3673
3913 3674
3913 3675
3913 3685
3914 3688
3914 3655
3914 3673
3914 3674
3914 3675
3914 3685
3915 3688
3915 3655
3915 3673
3915 3674
3915 3675
3915 3685
3918 3688
3918 3655
3918 3673
3918 3674
3918 3675
3918 3685
596 581
1147 4792
3551 4792
8517 4792
4792 4790
4792 5970
1869 5925
1870 5925
1871 5925
1019 5925
1021 5925
4790 595
4790 112401
4790 329
4790 330
4790 331
4790 79444
4790 598
4790 7185
4790 7186
4790 7187
4790 7188
4790 7189
4790 9618
4790 5743
4790 4843
5970 595
5970 112401
5970 329
5970 330
5970 331
5970 79444
5970 598
5970 7185
5970 7186
5970 7187
5970 7188
5970 7189
5970 9618
5970 5743
5970 4843
6502 1027
1030 595
1030 1019
1030 1021
7157 1026
7157 10912
7157 1647
7157 4616
7157 581
7157 578
7157 1643
7157 51426
