1630 842
1630 26060
836 1630
5290 10000
5290 207
5290 208
5291 10000
5291 207
5291 208
5293 10000
5293 207
5293 208
5295 10000
5295 207
5295 208
5296 10000
5296 207
5296 208
8503 10000
8503 207
8503 208
842 836
26060 836
4087 4089
4088 4089
7046 4087
7046 4088
3845 5290
3845 5291
3845 5293
3845 5295
3845 5296
3845 8503
3845 369
3845 5894
3845 673
3845 5900
369 5604
369 5605
5894 5604
5894 5605
673 5604
673 5605
5900 5898
5900 5899
387 5599
387 5601
387 5602
5879 5599
5879 5601
5879 5602
5880 5599
5880 5601
5880 5602
5881 5599
5881 5601
5881 5602
4609 595
5604 5594
5604 5595
5605 5594
5605 5595
5594 3725
5594 2353
5594 4609
5595 3725
5595 2353
5595 4609
3725 595
2353 595
7157 1026
7157 10912
7157 1647
7157 4616
7157 581
7157 578
7157 1643
7157 51426
51176 332
51176 4609
51176 595
6932 332
6932 4609
6932 595
6934 332
6934 4609
6934 595
83439 332
83439 4609
83439 595
2932 1499
1499 51176
1499 6932
1499 6934
1499 83439
10000 2932
10000 572
10000 842
10000 2475
207 2932
207 572
207 842
207 2475
208 2932
208 572
208 842
208 2475
572 596
581 596
7048 4087
7048 4088
5366 596
10018 596
27113 596
5898 387
5898 5879
5898 5880
5898 5881
5899 387
5899 5879
5899 5880
5899 5881
3265 369
3265 5894
3265 673
4893 369
4893 5894
4893 673
6654 3265
6654 3845
6654 4893
6655 3265
6655 3845
6655 4893
2885 6654
2885 6655
2475 6198
2475 6199
1956 2885
1956 5290
1956 5291
1956 5293
1956 5295
1956 5296
1956 8503
1950 1956
7039 1956
2069 1956
374 1956
