999 999
999 1499
1495 81
1495 87
1495 7414
1495 1499
1495 60
1495 71
1495 7082
1495 4301
1496 81
1496 87
1496 7414
1496 1499
1496 60
1496 71
1496 7082
1496 4301
29119 81
29119 87
29119 7414
29119 1499
29119 60
29119 71
29119 7082
29119 4301
1500 5879
1500 5880
1500 5881
1500 998
51176 1499
6932 1499
6934 1499
83439 1499
6885 51701
7525 1500
7525 2534
7525 2241
2534 1499
2534 1500
2241 1499
2241 1500
5594 6591
5595 6591
7046 6615
7046 4089
7046 4087
7046 4088
7048 6615
7048 4089
7048 4087
7048 4088
2260 6615
1956 1500
1956 1499
1956 5594
1956 5595
2064 1500
2064 1499
2064 5594
2064 5595
4233 1500
4233 1499
3480 1499
1457 1499
1459 1499
1460 1499
283106 1499
5795 1500
5777 1500
5770 1499
5792 1499
5787 1499
5797 1499
5797 1500
52 1499
387 60
387 71
10163 60
10163 71
10810 60
10810 71
8936 60
8936 71
10458 60
10458 71
7454 60
7454 71
8976 60
8976 71
5879 8826
5879 10163
5879 10810
5879 8936
5879 10458
5880 8826
5880 10163
5880 10810
5880 8936
5880 10458
5881 8826
5881 10163
5881 10810
5881 8936
5881 10458
998 8976
998 7454
998 8826
998 5879
998 5880
998 5881
60 81
60 87
60 7414
60 7082
60 1495
60 1496
60 29119
60 4301
71 81
71 87
71 7414
71 7082
71 1495
71 1496
71 29119
71 4301
7414 10580
10580 4301
81 4008
81 117178
87 4008
87 117178
117178 4301
4008 4301
4301 25945
4301 5818
4301 5819
4301 81607
4301 60
4301 71
1499 1499
8826 1499
8826 60
8826 71
6714 1499
6714 9855
6714 387
6714 5879
6714 5880
6714 5881
25945 25945
25945 5818
25945 5819
25945 81607
25945 56288
25945 6714
5818 25945
5818 5818
5818 5819
5818 81607
5818 56288
5818 6714
5819 25945
5819 5818
5819 5819
5819 81607
5819 56288
5819 6714
81607 25945
81607 5818
81607 5819
81607 81607
81607 56288
81607 6714
9855 998
