23586 57506
64135 57506
7706 23586
54941 23586
54941 64135
57506 7187
57506 8717
57506 7186
57506 7189
55593 7187
7187 10010
9641 3661
9641 3665
10010 8517
64343 8517
9755 8517
8772 841
8772 843
841 1147
841 3551
841 8517
843 1147
843 3551
843 8517
7189 4214
3551 4792
3551 4793
8517 3661
8517 3665
4792 4790
4792 5970
4793 4790
4793 5970
29110 3661
29110 3665
79132 23586
79132 64135
9636 23586
9474 23586
9474 57506
9140 23586
9140 57506
79671 57506
340061 57506
1540 23586
5300 3661
8717 7187
8717 10010
8717 8772
8717 8737
80143 9641
26007 64135
1654 29110
4214 4790
4214 5970
4214 5599
4214 5601
4214 5602
4214 1432
4214 5600
4214 5603
4214 6300
7186 6885
6885 4790
6885 5970
6885 1432
6885 5600
6885 5603
6885 6300
