27165 1373
27165 2746
27165 2747
2744 1373
2744 2746
2744 2747
2752 1373
2752 2746
2752 2747
1373 2746
1373 2747
1373 5009
445 435
445 4842
445 4843
445 4846
445 5009
435 4842
435 4843
435 4846
383 5009
384 5009
162417 2746
162417 2747
100526760 383
100526760 384
100526760 5009
95 383
95 384
95 5009
4842 5009
4843 5009
4846 5009
2805 162417
2805 2746
2805 2747
2806 162417
2806 2746
2806 2747
2875 162417
2875 2746
2875 2747
84706 162417
84706 2746
84706 2747
