374654 51684
2735 650
2735 652
2735 64399
2735 2735
2735 5727
2735 8643
2735 51384
2735 54361
2735 7471
2735 7472
2735 7473
2735 7474
2735 7475
2735 7476
2735 7477
2735 7478
2735 7479
2735 7480
2735 7481
2735 7482
2735 7483
2735 7484
2735 80326
2735 81029
2735 89780
51384 11211
51384 2535
51384 7855
51384 7976
51384 8321
51384 8322
51384 8323
51384 8324
51384 8325
51384 8326
54361 11211
54361 2535
54361 7855
54361 7976
54361 8321
54361 8322
54361 8323
54361 8324
54361 8325
54361 8326
7471 11211
7471 2535
7471 7855
7471 7976
7471 8321
7471 8322
7471 8323
7471 8324
7471 8325
7471 8326
7472 11211
7472 2535
7472 7855
7472 7976
7472 8321
7472 8322
7472 8323
7472 8324
7472 8325
7472 8326
7473 11211
7473 2535
7473 7855
7473 7976
7473 8321
7473 8322
7473 8323
7473 8324
7473 8325
7473 8326
7474 11211
7474 2535
7474 7855
7474 7976
7474 8321
7474 8322
7474 8323
7474 8324
7474 8325
7474 8326
7475 11211
7475 2535
7475 7855
7475 7976
7475 8321
7475 8322
7475 8323
7475 8324
7475 8325
7475 8326
7476 11211
7476 2535
7476 7855
7476 7976
7476 8321
7476 8322
7476 8323
7476 8324
7476 8325
7476 8326
7477 11211
7477 2535
7477 7855
7477 7976
7477 8321
7477 8322
7477 8323
7477 8324
7477 8325
7477 8326
7478 11211
7478 2535
7478 7855
7478 7976
7478 8321
7478 8322
7478 8323
7478 8324
7478 8325
7478 8326
7479 11211
7479 2535
7479 7855
7479 7976
7479 8321
7479 8322
7479 8323
7479 8324
7479 8325
7479 8326
7480 11211
7480 2535
7480 7855
7480 7976
7480 8321
7480 8322
7480 8323
7480 8324
7480 8325
7480 8326
7481 11211
7481 2535
7481 7855
7481 7976
7481 8321
7481 8322
7481 8323
7481 8324
7481 8325
7481 8326
7482 11211
7482 2535
7482 7855
7482 7976
7482 8321
7482 8322
7482 8323
7482 8324
7482 8325
7482 8326
7483 11211
7483 2535
7483 7855
7483 7976
7483 8321
7483 8322
7483 8323
7483 8324
7483 8325
7483 8326
7484 11211
7484 2535
7484 7855
7484 7976
7484 8321
7484 8322
7484 8323
7484 8324
7484 8325
7484 8326
80326 11211
80326 2535
80326 7855
80326 7976
80326 8321
80326 8322
80326 8323
80326 8324
80326 8325
80326 8326
81029 11211
81029 2535
81029 7855
81029 7976
81029 8321
81029 8322
81029 8323
81029 8324
81029 8325
81029 8326
89780 11211
89780 2535
89780 7855
89780 7976
89780 8321
89780 8322
89780 8323
89780 8324
89780 8325
89780 8326
6469 5727
51684 2735
51684 2736
51684 2737
1855 2932
1856 2932
1857 2932
11211 1855
11211 1856
11211 1857
2535 1855
2535 1856
2535 1857
7855 1855
7855 1856
7855 1857
7976 1855
7976 1856
7976 1857
8321 1855
8321 1856
8321 1857
8322 1855
8322 1856
8322 1857
8323 1855
8323 1856
8323 1857
8324 1855
8324 1856
8324 1857
8325 1855
8325 1856
8325 1857
8326 1855
8326 1856
8326 1857
2736 650
2736 652
2736 64399
2736 2735
2736 5727
2736 8643
2736 51384
2736 54361
2736 7471
2736 7472
2736 7473
2736 7474
2736 7475
2736 7476
2736 7477
2736 7478
2736 7479
2736 7480
2736 7481
2736 7482
2736 7483
2736 7484
2736 80326
2736 81029
2736 89780
2737 650
2737 652
2737 64399
2737 2735
2737 5727
2737 8643
2737 51384
2737 54361
2737 7471
2737 7472
2737 7473
2737 7474
2737 7475
2737 7476
2737 7477
2737 7478
2737 7479
2737 7480
2737 7481
2737 7482
2737 7483
2737 7484
2737 80326
2737 81029
2737 89780
6608 51684
1499 51176
1499 6932
1499 6934
1499 83439
2932 1499
7157 1026
7157 10912
7157 1647
7157 4616
7157 581
7157 578
7157 1643
7157 51426
