5578 10746
5578 4214
5578 4215
5578 4216
5578 5598
5578 100137049
5578 123745
5578 255189
5578 283748
5578 5321
5578 8605
5578 8681
5578 5337
5578 5338
5578 6714
5578 2185
5578 4323
5578 5894
5579 10746
5579 4214
5579 4215
5579 4216
5579 5598
5579 100137049
5579 123745
5579 255189
5579 283748
5579 5321
5579 8605
5579 8681
5579 5337
5579 5338
5579 6714
5579 2185
5579 4323
5579 5894
5580 10746
5580 4214
5580 4215
5580 4216
5580 5598
5580 100137049
5580 123745
5580 255189
5580 283748
5580 5321
5580 8605
5580 8681
5580 5337
5580 5338
5580 6714
5580 2185
5580 4323
5580 5894
107 5566
107 5567
107 5568
108 5566
108 5567
108 5568
109 5566
109 5567
109 5568
111 5566
111 5567
111 5568
112 5566
112 5567
112 5568
113 5566
113 5567
113 5568
114 5566
114 5567
114 5568
115 5566
115 5567
115 5568
196883 5566
196883 5567
196883 5568
23236 3708
23236 3709
23236 3710
23236 5578
23236 5579
23236 5580
5330 3708
5330 3709
5330 3710
5330 5578
5330 5579
5330 5580
5331 3708
5331 3709
5331 3710
5331 5578
5331 5579
5331 5580
5332 3708
5332 3709
5332 3710
5332 5578
5332 5579
5332 5580
998 4214
5606 1432
5606 5600
5606 5603
5606 6300
5608 1432
5608 5600
5608 5603
5608 6300
10746 5606
10746 5608
4214 5606
4214 5608
4214 5609
4214 6416
4215 5606
4215 5608
4216 5606
4216 5608
3708 163688
3708 51806
3708 801
3708 805
3708 808
3708 810
3708 91860
3709 163688
3709 51806
3709 801
3709 805
3709 808
3709 810
3709 91860
3710 163688
3710 51806
3710 801
3710 805
3710 808
3710 810
3710 91860
163688 815
163688 816
163688 817
163688 818
51806 815
51806 816
51806 817
51806 818
801 815
801 816
801 817
801 818
805 815
805 816
805 817
805 818
808 815
808 816
808 817
808 818
810 815
810 816
810 817
810 818
91860 815
91860 816
91860 817
91860 818
2767 23236
2767 5330
2767 5331
2767 5332
2776 23236
2776 5330
2776 5331
2776 5332
4323 4313
2798 2778
2798 2767
2798 2776
2778 107
2778 108
2778 109
2778 111
2778 112
2778 113
2778 114
2778 115
2778 196883
2796 2798
2797 2798
6714 998
6714 1956
6714 3265
6714 3845
6714 4893
4313 1839
5566 468
5567 468
5568 468
5594 2002
5594 1958
5595 2002
5595 1958
5604 5594
5604 5595
5605 5594
5605 5595
5894 5604
5894 5605
3265 5894
3845 5894
4893 5894
6654 3265
6654 3845
6654 4893
6655 3265
6655 3845
6655 4893
2885 6654
2885 6655
1956 2885
1839 1956
5609 5599
5609 5601
5609 5602
6416 5599
6416 5601
6416 5602
5599 3725
5601 3725
5602 3725
