83594 10135
83594 27231
83594 54981
83594 683
83594 952
83594 133686
83594 65220
83594 23530
83594 55191
83594 93100
83594 23475
23475 23057
23475 349565
23475 64802
23475 93100
23475 27231
23475 54981
23475 5167
23475 5169
5167 10135
5167 27231
5167 54981
5167 683
5167 952
5167 133686
5167 65220
5167 23530
5167 55191
5167 93100
5169 10135
5169 27231
5169 54981
5169 683
5169 952
5169 133686
5169 65220
5169 23530
5169 55191
5169 93100
27231 4860
27231 10135
27231 23057
27231 349565
27231 64802
27231 93100
54981 4860
54981 10135
54981 23057
54981 349565
54981 64802
54981 93100
4860 4837
4860 683
4860 952
4860 10135
4860 93100
23057 10135
23057 27231
23057 54981
23057 683
23057 952
23057 133686
23057 65220
23057 23530
23057 55191
23057 93100
349565 10135
349565 27231
349565 54981
349565 683
349565 952
349565 133686
349565 65220
349565 23530
349565 55191
349565 93100
64802 10135
64802 27231
64802 54981
64802 683
64802 952
64802 133686
64802 65220
64802 23530
64802 55191
64802 93100
55191 683
55191 952
55191 133686
55191 65220
55191 23530
55191 83594
55191 5167
55191 5169
55191 23057
55191 349565
55191 64802
10135 4837
10135 683
10135 952
683 4837
683 133686
683 65220
683 23530
683 683
683 952
683 10135
683 4860
952 4837
952 133686
952 65220
952 23530
952 683
952 952
952 10135
952 4860
4837 316
4837 683
4837 952
316 4837
100526794 83594
100526794 10135
100526794 5167
100526794 5169
100526794 23057
100526794 349565
100526794 64802
100526794 4860
100526794 23475
100526794 93100
115024 83594
115024 10135
115024 5167
115024 5169
115024 23057
115024 349565
115024 64802
115024 4860
115024 23475
115024 93100
22978 83594
22978 10135
22978 5167
22978 5169
22978 23057
22978 349565
22978 64802
22978 4860
22978 23475
22978 93100
30833 83594
30833 10135
30833 5167
30833 5169
30833 23057
30833 349565
30833 64802
30833 4860
30833 23475
30833 93100
4907 83594
4907 10135
4907 5167
4907 5169
4907 23057
4907 349565
4907 64802
4907 4860
51251 83594
51251 10135
51251 5167
51251 5169
51251 23057
51251 349565
51251 64802
51251 4860
51251 23475
51251 93100
56953 83594
56953 10135
56953 5167
56953 5169
56953 23057
56953 349565
56953 64802
56953 4860
56953 23475
56953 93100
84618 83594
84618 10135
84618 5167
84618 5169
84618 23057
84618 349565
84618 64802
84618 4860
84618 23475
84618 93100
93034 83594
93034 10135
93034 5167
93034 5169
93034 23057
93034 349565
93034 64802
93034 4860
93034 23475
93034 93100
