5105 5091
5105 4190
5105 4191
5105 5313
5105 5315
5106 5091
5106 4190
5106 4191
5106 5313
5106 5315
5313 160287
5313 3939
5313 3945
5313 3948
5313 92483
5313 197257
5313 5160
5313 5161
5313 5162
5313 5091
5313 4200
5313 10873
5313 4199
5315 160287
5315 3939
5315 3945
5315 3948
5315 92483
5315 197257
5315 5160
5315 5161
5315 5162
5315 5091
5315 4200
5315 10873
5315 4199
2739 9380
2739 3029
197257 3029
197257 160287
197257 3939
197257 3945
197257 3948
197257 92483
197257 5160
197257 5161
197257 5162
197257 5091
197257 4200
197257 10873
197257 4199
5091 4190
5091 4191
5091 160287
5091 3939
5091 3945
5091 3948
5091 92483
5091 5160
5091 5161
5091 5162
5091 4200
5091 10873
5091 4199
4200 4190
4200 4191
4200 160287
4200 3939
4200 3945
4200 3948
4200 92483
4200 5160
4200 5161
4200 5162
10873 4190
10873 4191
10873 160287
10873 3939
10873 3945
10873 3948
10873 92483
10873 5160
10873 5161
10873 5162
4199 4190
4199 4191
4199 160287
4199 3939
4199 3945
4199 3948
4199 92483
4199 5160
4199 5161
4199 5162
160287 5160
160287 5161
160287 5162
3939 5160
3939 5161
3939 5162
3945 5160
3945 5161
3945 5162
3948 5160
3948 5161
3948 5162
92483 5160
92483 5161
92483 5162
55902 97
55902 98
55902 217
55902 219
55902 223
55902 224
55902 501
55902 55902
55902 84532
55902 1737
55902 134526
55902 31
55902 32
55902 38
55902 39
84532 97
84532 98
84532 217
84532 219
84532 223
84532 224
84532 501
84532 55902
84532 84532
84532 1737
84532 134526
84532 31
84532 32
84532 38
84532 39
134526 97
134526 98
134526 55902
134526 84532
134526 217
134526 219
134526 223
134526 224
134526 501
134526 1737
134526 31
134526 32
134526 38
134526 39
217 97
217 98
219 97
219 98
223 97
223 98
224 97
224 98
501 97
501 98
38 1737
38 31
38 32
39 1737
39 31
39 32
31 1737
32 1737
1737 5160
1737 5161
1737 5162
1737 1738
1738 5160
1738 5161
1738 5162
2271 4190
2271 4191
2271 10873
2271 4199
2271 4200
