23286 60485
23286 6788
6788 26524
6788 9113
6788 55233
6788 92597
10413 7003
10413 7004
10413 7005
10413 8463
25937 7003
25937 7004
25937 7005
25937 8463
26524 10413
26524 25937
9113 10413
9113 25937
5058 7003
5058 7004
5058 7005
5058 8463
54798 23286
54798 4771
54798 122786
54798 79981
8642 23286
8642 4771
8642 122786
8642 79981
79633 23286
79633 4771
79633 122786
79633 79981
102800317 23286
102800317 4771
102800317 122786
102800317 79981
1454 23286
1454 4771
1454 122786
1454 79981
83937 6788
9770 6788
166824 6788
11186 6788
126374 60485
126374 26524
126374 9113
84962 60485
84962 26524
84962 9113
8994 60485
8994 26524
8994 9113
