2308 6648
2308 847
2308 9474
2309 6648
2309 847
2309 9474
2309 6647
2309 1410
2309 3303
2309 3304
2309 3305
2309 3306
2309 3310
2309 3312
6198 3170
6199 3170
2475 6198
2475 6199
2475 1979
57521 6198
57521 6199
57521 1979
84335 6198
84335 6199
10000 107
10000 108
10000 109
10000 111
10000 112
10000 113
10000 114
10000 115
10000 196883
10000 2308
10000 2309
10000 2475
10000 57521
10000 84335
10000 51422
10000 53632
10000 5562
10000 5563
10000 5564
10000 5565
10000 5571
207 107
207 108
207 109
207 111
207 112
207 113
207 114
207 115
207 196883
207 2308
207 2309
207 2475
207 57521
207 84335
207 51422
207 53632
207 5562
207 5563
207 5564
207 5565
207 5571
208 107
208 108
208 109
208 111
208 112
208 113
208 114
208 115
208 196883
208 2308
208 2309
208 2475
208 57521
208 84335
208 51422
208 53632
208 5562
208 5563
208 5564
208 5565
208 5571
3479 3480
3480 3265
3480 3845
3480 4893
3480 3667
3480 5290
3480 5291
3480 5293
3480 5295
3480 5296
3480 8503
3667 5290
3667 5291
3667 5293
3667 5295
3667 5296
3667 8503
8471 5290
8471 5291
8471 5293
8471 5295
8471 5296
8471 8503
8660 5290
8660 5291
8660 5293
8660 5295
8660 5296
8660 8503
3265 5290
3265 5291
3265 5293
3265 5295
3265 5296
3265 8503
3845 5290
3845 5291
3845 5293
3845 5295
3845 5296
3845 8503
4893 5290
4893 5291
4893 5293
4893 5295
4893 5296
4893 8503
3630 3643
3630 3480
3643 3667
3643 8471
3643 8660
3643 5290
3643 5291
3643 5293
5566 2308
5566 2309
5567 2308
5567 2309
5568 2308
5568 2309
1979 6647
1979 6648
1979 1410
1979 3303
1979 3304
1979 3305
1979 3306
1979 3310
1979 3312
3170 6648
3170 847
51422 2475
51422 57521
51422 84335
53632 2475
53632 57521
53632 84335
5562 2475
5562 57521
5562 84335
5563 2475
5563 57521
5563 84335
5564 2475
5564 57521
5564 84335
5565 2475
5565 57521
5565 84335
5571 2475
5571 57521
5571 84335
23411 2309
23411 2308
3065 23411
3066 23411
