83593 10114
83593 147746
83593 204851
83593 28996
83593 4193
83593 5499
83593 5500
83593 5501
5499 5925
5499 5933
5499 5934
5500 5925
5500 5933
5500 5934
5501 5925
5501 5933
5501 5934
4609 1029
10114 7157
147746 7157
204851 7157
28996 7157
1029 4193
1029 1019
1029 1021
1029 595
1029 894
1029 896
4193 7157
7157 10912
7157 1647
7157 4616
7157 1026
5290 2308
5290 2309
5291 2308
5291 2309
5293 2308
5293 2309
5295 2308
5295 2309
5296 2308
5296 2309
8503 2308
8503 2309
10000 2309
10000 7248
10000 7249
207 2309
207 7248
207 7249
208 2309
208 7248
208 7249
7248 6009
7249 6009
6009 2475
2475 1978
2475 7157
2309 1026
2309 4087
2309 4088
23411 2309
23411 7157
22800 5290
22800 5291
22800 5293
22800 5295
22800 5296
22800 8503
22800 83593
22800 5894
22800 1029
22808 5290
22808 5291
22808 5293
22808 5295
22808 5296
22808 8503
22808 83593
22808 5894
22808 1029
3265 5290
3265 5291
3265 5293
3265 5295
3265 5296
3265 8503
3265 83593
3265 5894
3265 1029
3845 5290
3845 5291
3845 5293
3845 5295
3845 5296
3845 8503
3845 83593
3845 5894
3845 1029
4893 5290
4893 5291
4893 5293
4893 5295
4893 5296
4893 8503
4893 83593
4893 5894
4893 1029
6237 5290
6237 5291
6237 5293
6237 5295
6237 5296
6237 8503
6237 83593
6237 5894
6237 1029
5604 5594
5604 5595
5605 5594
5605 5595
2113 1029
5894 5604
5894 5605
1019 595
1019 894
1019 896
1019 5925
1019 5933
1019 5934
1021 595
1021 894
1021 896
1021 5925
1021 5933
1021 5934
595 5925
595 5933
595 5934
894 5925
894 5933
894 5934
896 5925
896 5933
896 5934
5594 2113
5594 1432
5594 5600
5594 5603
5594 6300
5595 2113
5595 1432
5595 5600
5595 5603
5595 6300
1026 1017
1026 890
1026 8900
1026 898
1026 9134
1026 1019
1026 1021
1026 595
1026 894
1026 896
1017 898
1017 9134
1017 890
1017 8900
1017 4605
1017 5925
1017 5933
1017 5934
898 5925
898 5933
898 5934
9134 5925
9134 5933
9134 5934
5925 1869
5925 1870
5925 1871
5925 1874
5925 1875
5933 1869
5933 1870
5933 1871
5933 1874
5933 1875
5934 1869
5934 1870
5934 1871
5934 1874
5934 1875
1869 4605
1869 2305
1870 4605
1870 2305
1871 4605
1871 2305
1874 4605
1874 2305
1875 4605
1875 2305
1432 7157
1432 1029
5600 7157
5600 1029
5603 7157
5603 1029
6300 7157
6300 1029
5606 1432
5606 5600
5606 5603
5606 6300
5608 1432
5608 5600
5608 5603
5608 6300
890 4605
8900 4605
4605 132660
4605 286826
4605 55957
4605 5928
4605 91750
2305 132660
2305 286826
2305 55957
2305 5928
2305 91750
472 8878
472 11200
11200 7157
4361 10111
4361 4683
4361 472
10111 4683
10111 472
4683 472
10912 983
10912 85417
10912 891
10912 9133
1647 983
1647 85417
1647 891
1647 9133
4616 983
4616 85417
4616 891
4616 9133
545 1111
545 8878
993 983
993 85417
993 891
993 9133
993 1017
993 898
993 9134
993 1019
993 1021
993 595
993 894
993 896
1111 7157
1111 993
144715 5810
144715 3364
144715 545
5883 5810
5883 3364
5883 545
5810 545
3364 5810
3364 545
983 85417
983 891
983 9133
10758 4790
10758 5970
2626 10758
2626 3552
8878 2626
9261 677
9261 678
3552 4790
3552 5970
823 3552
824 3552
163688 5530
163688 5532
163688 5533
163688 5534
163688 5535
51806 5530
51806 5532
51806 5533
51806 5534
51806 5535
801 5530
801 5532
801 5533
801 5534
801 5535
805 5530
805 5532
805 5533
805 5534
805 5535
808 5530
808 5532
808 5533
808 5534
808 5535
810 5530
810 5532
810 5533
810 5534
810 5535
91860 5530
91860 5532
91860 5533
91860 5534
91860 5535
5530 4772
5530 4773
5530 4775
5530 4776
5532 4772
5532 4773
5532 4775
5532 4776
5533 4772
5533 4773
5533 4775
5533 4776
5534 4772
5534 4773
5534 4775
5534 4776
5535 4772
5535 4773
5535 4775
5535 4776
7040 7046
7040 7048
7042 7046
7042 7048
7043 7046
7043 7048
4087 1030
4087 1026
4088 1030
4088 1026
2308 4087
2308 4088
2308 1026
7046 4087
7046 4088
7048 4087
7048 4088
3802 1026
3803 1026
3804 1026
3805 1026
57292 1026
3105 3802
3105 3803
3105 3804
3105 3805
3105 57292
3105 1026
3106 3802
3106 3803
3106 3804
3106 3805
3106 57292
3106 1026
3107 3802
3107 3803
3107 3804
3107 3805
3107 57292
3107 1026
3133 3802
3133 3803
3133 3804
3133 3805
3133 57292
3133 1026
3134 3802
3134 3803
3134 3804
3134 3805
3134 57292
3134 1026
3135 3802
3135 3803
3135 3804
3135 3805
3135 57292
3135 1026
1030 1019
1030 1021
1030 595
1030 894
1030 896
291 7416
291 7417
291 7419
291 5481
292 7416
292 7417
292 7419
292 5481
293 7416
293 7417
293 7419
293 5481
83447 7416
83447 7417
83447 7419
83447 5481
