218 124
218 125
218 126
218 127
218 128
218 130
218 131
220 124
220 125
220 126
220 127
220 128
220 130
220 131
221 124
221 125
221 126
221 127
221 128
221 130
221 131
222 124
222 125
222 126
222 127
222 128
222 130
222 131
2326 1576
2326 107987478
2326 107987479
2326 1564
2326 1565
2327 1576
2327 107987478
2327 107987479
2327 1564
2327 1565
2328 1576
2328 107987478
2328 107987479
2328 1564
2328 1565
2329 1576
2329 107987478
2329 107987479
2329 1564
2329 1565
2330 1576
2330 107987478
2330 107987479
2330 1564
2330 1565
1576 107987478
1576 107987479
1576 1564
1576 1565
1576 1544
1576 1558
1576 1571
1576 1557
1576 1559
1576 1555
1576 4128
1576 4129
107987478 1576
107987478 10720
107987478 10941
107987478 54490
107987478 54575
107987478 54576
107987478 54577
107987478 54578
107987478 54579
107987478 54600
107987478 54657
107987478 54658
107987478 54659
107987478 574537
107987478 7363
107987478 7364
107987478 7365
107987478 7366
107987478 7367
107987478 79799
107987478 4128
107987478 4129
107987478 1557
107987479 1576
107987479 10720
107987479 10941
107987479 54490
107987479 54575
107987479 54576
107987479 54577
107987479 54578
107987479 54579
107987479 54600
107987479 54657
107987479 54658
107987479 54659
107987479 574537
107987479 7363
107987479 7364
107987479 7365
107987479 7366
107987479 7367
107987479 79799
107987479 4128
107987479 4129
107987479 1557
1564 1576
1564 10720
1564 10941
1564 54490
1564 54575
1564 54576
1564 54577
1564 54578
1564 54579
1564 54600
1564 54657
1564 54658
1564 54659
1564 574537
1564 7363
1564 7364
1564 7365
1564 7366
1564 7367
1564 79799
1564 4128
1564 4129
1564 1557
1565 1576
1565 10720
1565 10941
1565 54490
1565 54575
1565 54576
1565 54577
1565 54578
1565 54579
1565 54600
1565 54657
1565 54658
1565 54659
1565 574537
1565 7363
1565 7364
1565 7365
1565 7366
1565 7367
1565 79799
1565 4128
1565 4129
1565 1557
1544 1576
1555 1548
1555 1576
1555 1558
1555 1557
1555 1559
1557 1576
1557 4128
1557 4129
1557 107987478
1557 107987479
1557 1564
1557 1565
1559 1548
1559 1576
1559 2326
1559 2327
1559 2328
1559 2329
1559 2330
119391 124
119391 125
119391 126
119391 127
119391 128
119391 130
119391 131
119391 218
119391 220
119391 221
119391 222
221357 124
221357 125
221357 126
221357 127
221357 128
221357 130
221357 131
221357 218
221357 220
221357 221
221357 222
27306 124
27306 125
27306 126
27306 127
27306 128
27306 130
27306 131
27306 218
27306 220
27306 221
27306 222
2938 124
2938 125
2938 126
2938 127
2938 128
2938 130
2938 131
2938 218
2938 220
2938 221
2938 222
2939 124
2939 125
2939 126
2939 127
2939 128
2939 130
2939 131
2939 218
2939 220
2939 221
2939 222
2940 124
2940 125
2940 126
2940 127
2940 128
2940 130
2940 131
2940 218
2940 220
2940 221
2940 222
2941 124
2941 125
2941 126
2941 127
2941 128
2941 130
2941 131
2941 218
2941 220
2941 221
2941 222
2944 124
2944 125
2944 126
2944 127
2944 128
2944 130
2944 131
2944 218
2944 220
2944 221
2944 222
2946 124
2946 125
2946 126
2946 127
2946 128
2946 130
2946 131
2946 218
2946 220
2946 221
2946 222
2947 124
2947 125
2947 126
2947 127
2947 128
2947 130
2947 131
2947 218
2947 220
2947 221
2947 222
2948 124
2948 125
2948 126
2948 127
2948 128
2948 130
2948 131
2948 218
2948 220
2948 221
2948 222
2949 124
2949 125
2949 126
2949 127
2949 128
2949 130
2949 131
2949 218
2949 220
2949 221
2949 222
2950 124
2950 125
2950 126
2950 127
2950 128
2950 130
2950 131
2950 218
2950 220
2950 221
2950 222
2952 124
2952 125
2952 126
2952 127
2952 128
2952 130
2952 131
2952 218
2952 220
2952 221
2952 222
2953 124
2953 125
2953 126
2953 127
2953 128
2953 130
2953 131
2953 218
2953 220
2953 221
2953 222
373156 124
373156 125
373156 126
373156 127
373156 128
373156 130
373156 131
373156 218
373156 220
373156 221
373156 222
4257 124
4257 125
4257 126
4257 127
4257 128
4257 130
4257 131
4257 218
4257 220
4257 221
4257 222
4258 124
4258 125
4258 126
4258 127
4258 128
4258 130
4258 131
4258 218
4258 220
4258 221
4258 222
4259 124
4259 125
4259 126
4259 127
4259 128
4259 130
4259 131
4259 218
4259 220
4259 221
4259 222
653689 124
653689 125
653689 126
653689 127
653689 128
653689 130
653689 131
653689 218
653689 220
653689 221
653689 222
9446 124
9446 125
9446 126
9446 127
9446 128
9446 130
9446 131
9446 218
9446 220
9446 221
9446 222
124 218
124 220
124 221
124 222
125 218
125 220
125 221
125 222
126 218
126 220
126 221
126 222
127 218
127 220
127 221
127 222
128 218
128 220
128 221
128 222
130 218
130 220
130 221
130 222
131 218
131 220
131 221
131 222
10720 1576
10720 107987478
10720 107987479
10720 1564
10720 1565
10941 1576
10941 107987478
10941 107987479
10941 1564
10941 1565
54490 1576
54490 107987478
54490 107987479
54490 1564
54490 1565
54575 1576
54575 107987478
54575 107987479
54575 1564
54575 1565
54576 1576
54576 107987478
54576 107987479
54576 1564
54576 1565
54577 1576
54577 107987478
54577 107987479
54577 1564
54577 1565
54578 1576
54578 107987478
54578 107987479
54578 1564
54578 1565
54579 1576
54579 107987478
54579 107987479
54579 1564
54579 1565
54600 1576
54600 107987478
54600 107987479
54600 1564
54600 1565
54657 1576
54657 107987478
54657 107987479
54657 1564
54657 1565
54658 1576
54658 107987478
54658 107987479
54658 1564
54658 1565
54659 1576
54659 107987478
54659 107987479
54659 1564
54659 1565
574537 1576
574537 107987478
574537 107987479
574537 1564
574537 1565
7363 1576
7363 107987478
7363 107987479
7363 1564
7363 1565
7364 1576
7364 107987478
7364 107987479
7364 1564
7364 1565
7365 1576
7365 107987478
7365 107987479
7365 1564
7365 1565
7366 1576
7366 107987478
7366 107987479
7366 1564
7366 1565
7367 1576
7367 107987478
7367 107987479
7367 1564
7367 1565
79799 1576
79799 107987478
79799 107987479
79799 1564
79799 1565
4128 1557
4128 1576
4128 107987478
4128 107987479
4128 1564
4128 1565
4128 316
4129 1557
4129 1576
4129 107987478
4129 107987479
4129 1564
4129 1565
4129 316
1571 1576
1577 1576
1577 1555
1577 1557
1577 1559
