10157 10157
10157 501
1892 2639
1892 1962
1892 3033
1962 2639
1962 1962
1962 3033
1962 38
1962 39
3030 2639
3030 1962
3030 3033
3033 38
3033 39
501 51166
51166 4967
51166 55753
4967 1743
55753 1743
2639 1743
8424 217
8424 219
8424 223
8424 224
8424 501
79823 5351
79823 5352
79823 8985
79823 10919
79823 11105
79823 2145
79823 2146
79823 23067
79823 29072
79823 387893
79823 4297
79823 51111
79823 54904
79823 55870
79823 55904
79823 56979
79823 58508
79823 6419
79823 64324
79823 6839
79823 7468
79823 7799
79823 79723
79823 79813
79823 8085
79823 80854
79823 83852
79823 84193
79823 84444
79823 84787
79823 93166
79823 9739
79823 9757
79823 9869
10919 5351
10919 5352
10919 8985
10919 79823
11105 5351
11105 5352
11105 8985
11105 79823
2145 5351
2145 5352
2145 8985
2145 79823
2146 5351
2146 5352
2146 8985
2146 79823
23067 5351
23067 5352
23067 8985
23067 79823
29072 5351
29072 5352
29072 8985
29072 79823
387893 5351
387893 5352
387893 8985
387893 79823
4297 5351
4297 5352
4297 8985
4297 79823
51111 5351
51111 5352
51111 8985
51111 79823
54904 5351
54904 5352
54904 8985
54904 79823
55870 5351
55870 5352
55870 8985
55870 79823
55904 5351
55904 5352
55904 8985
55904 79823
56979 5351
56979 5352
56979 8985
56979 79823
58508 5351
58508 5352
58508 8985
58508 79823
6419 5351
6419 5352
6419 8985
6419 79823
64324 5351
64324 5352
64324 8985
64324 79823
6839 5351
6839 5352
6839 8985
6839 79823
7468 5351
7468 5352
7468 8985
7468 79823
7799 5351
7799 5352
7799 8985
7799 79823
79723 5351
79723 5352
79723 8985
79723 79823
79813 5351
79813 5352
79813 8985
79813 79823
8085 5351
8085 5352
8085 8985
8085 79823
80854 5351
80854 5352
80854 8985
80854 79823
83852 5351
83852 5352
83852 8985
83852 79823
84193 5351
84193 5352
84193 8985
84193 79823
84444 5351
84444 5352
84444 8985
84444 79823
84787 5351
84787 5352
84787 8985
84787 79823
93166 5351
93166 5352
93166 8985
93166 79823
9739 5351
9739 5352
9739 8985
9739 79823
9757 5351
9757 5352
9757 8985
9757 79823
9869 5351
9869 5352
9869 8985
9869 79823
23127 5351
23127 5352
23127 8985
79709 5351
79709 5352
79709 8985
8985 5351
8985 5352
8985 8985
85007 10157
85007 501
123688 85007
