57733 2548
57733 2595
57733 8972
57733 93432
57733 6476
3098 2821
3099 2821
3101 2821
80201 2821
2548 6476
2548 8972
2548 93432
2548 3098
2548 3099
2548 3101
2548 80201
2595 6476
2595 8972
2595 93432
2595 3098
2595 3099
2595 3101
2595 80201
8972 6476
8972 2548
8972 2595
8972 8972
8972 93432
8972 3098
8972 3099
8972 3101
8972 80201
8972 2632
8972 178
8972 5834
8972 5836
8972 5837
8972 276
8972 277
8972 278
8972 279
8972 280
93432 6476
93432 2548
93432 2595
93432 8972
93432 93432
93432 3098
93432 3099
93432 3101
93432 80201
93432 2632
93432 178
93432 5834
93432 5836
93432 5837
93432 276
93432 277
93432 278
93432 279
93432 280
6476 3098
6476 3099
6476 3101
6476 80201
5167 2992
5167 2997
5167 2998
5167 8908
5167 178
5167 5834
5167 5836
5167 5837
5167 5236
5167 55276
5167 283209
5169 2992
5169 2997
5169 2998
5169 8908
5169 178
5169 5834
5169 5836
5169 5837
5169 5236
5169 55276
5169 283209
283209 7360
283209 178
283209 5834
283209 5836
283209 5837
283209 5236
283209 55276
7360 2992
7360 2997
7360 2998
7360 8908
7360 178
7360 5834
7360 5836
7360 5837
7360 5236
7360 55276
2992 2632
2997 2632
2998 2632
8908 2632
5236 2821
5236 2645
5236 3098
5236 3099
5236 3101
5236 80201
5236 2538
5236 57818
5236 92579
5236 178
5236 5834
5236 5836
5236 5837
55276 2821
55276 2645
55276 3098
55276 3099
55276 3101
55276 80201
55276 2538
55276 57818
55276 92579
55276 178
55276 5834
55276 5836
55276 5837
2538 2821
57818 2821
92579 2821
2645 2821
2632 178
2632 5834
2632 5836
2632 5837
276 2548
276 2595
276 8972
276 93432
276 6476
276 2632
276 178
276 5834
276 5836
276 5837
277 2548
277 2595
277 8972
277 93432
277 6476
277 2632
277 178
277 5834
277 5836
277 5837
278 2548
278 2595
278 8972
278 93432
278 6476
278 2632
278 178
278 5834
278 5836
278 5837
279 2548
279 2595
279 8972
279 93432
279 6476
279 2632
279 178
279 5834
279 5836
279 5837
280 2548
280 2595
280 8972
280 93432
280 6476
280 2632
280 178
280 5834
280 5836
280 5837
