51284 4615
54106 4615
4615 3654
4615 51135
3654 3665
3654 7189
51135 3665
51135 7189
3439 3454
3439 3455
3440 3454
3440 3455
3441 3454
3441 3455
3442 3454
3442 3455
3443 3454
3443 3455
3444 3454
3444 3455
3445 3454
3445 3455
3446 3454
3446 3455
3447 3454
3447 3455
3448 3454
3448 3455
3449 3454
3449 3455
3451 3454
3451 3455
3452 3454
3452 3455
7097 4615
7099 4615
23586 57506
4792 4790
4792 5970
4793 4790
4793 5970
64135 57506
57506 3665
57506 4790
57506 5970
57506 9641
57506 29110
3456 3454
3456 3455
3454 10399
3454 3716
3454 7297
3455 10399
3455 3716
3455 7297
3716 6774
3716 6776
3716 6777
3716 6772
3716 6773
7297 6772
7297 6773
6772 10379
6773 10379
3458 3459
3458 3460
3459 3716
3459 3717
3460 3716
3460 3717
3717 6772
6504 4068
6504 1796
4068 2534
2534 6504
1796 5588
3559 5290
3559 5291
3559 5293
3559 5295
3559 5296
3559 8503
3559 3716
3559 3718
3560 5290
3560 5291
3560 5293
3560 5295
3560 5296
3560 8503
3560 3716
3560 3718
3561 5290
3561 5291
3561 5293
3561 5295
3561 5296
3561 8503
3561 3716
3561 3718
3558 3559
3558 3560
3558 3561
915 5290
915 5291
915 5293
915 5295
915 5296
915 8503
916 5290
916 5291
916 5293
916 5295
916 5296
916 8503
917 5290
917 5291
917 5293
917 5295
917 5296
917 8503
940 5290
940 5291
940 5293
940 5295
940 5296
940 8503
5290 10000
5290 207
5290 208
5291 10000
5291 207
5291 208
5293 10000
5293 207
5293 208
5295 10000
5295 207
5295 208
5296 10000
5296 207
5296 208
8503 10000
8503 207
8503 208
10000 2932
207 2932
208 2932
3718 6774
3718 6776
3718 6777
10399 6772
10399 6773
868 5290
868 5291
868 5293
868 5295
868 5296
868 8503
27102 1965
440275 1965
5610 1965
9451 1965
1147 3665
356 355
8743 8795
8743 8797
7189 23118
7189 6885
7128 7189
2213 3592
2213 3593
25898 7157
595 1027
894 1027
896 1027
898 1027
9134 1027
6885 4792
6885 4793
23118 4792
23118 4793
9641 3661
29110 3661
