4914 57498
4914 10818
4914 10603
4914 10019
4914 25970
4914 2885
4914 25
4914 25759
4914 399694
4914 53358
4914 6464
4914 3667
4914 4145
4914 5335
4914 5336
4915 10603
4915 10019
4915 25970
4915 2885
4915 25
4915 25759
4915 399694
4915 53358
4915 6464
4915 3667
4915 4145
4915 5335
4915 5336
4916 10603
4916 10019
4916 25970
4916 2885
4916 25
4916 25759
4916 399694
4916 53358
4916 6464
4916 3667
4916 4145
4916 5335
4916 5336
627 4915
627 4804
4909 4915
4909 4804
4908 4914
4908 4915
4908 4916
4908 4804
5290 10000
5290 207
5290 208
5290 5170
5291 10000
5291 207
5291 208
5291 5170
5293 10000
5293 207
5293 208
5293 5170
5295 10000
5295 207
5295 208
5295 5170
5296 10000
5296 207
5296 208
5296 5170
8503 10000
8503 207
8503 208
8503 5170
5335 5580
5335 163688
5335 51806
5335 801
5335 805
5335 808
5335 810
5335 91860
5336 5580
5336 163688
5336 51806
5336 801
5336 805
5336 808
5336 810
5336 91860
25759 2549
25759 2885
399694 2549
399694 2885
53358 2549
53358 2885
6464 2549
6464 2885
2885 6654
2885 6655
2885 5781
5580 5604
5580 5605
4803 4914
4803 4804
4804 396
4804 397
4804 398
4804 387
4804 11108
4804 9500
4804 7189
4804 10782
4804 998
4804 5879
4804 27018
4804 8767
4804 11213
4804 3654
4804 3656
4804 51135
4804 6272
4804 5290
4804 5291
4804 5293
4804 5295
4804 5296
4804 8503
10000 4792
10000 4793
10000 4794
10000 2309
10000 572
10000 2932
207 4792
207 4793
207 4794
207 2309
207 572
207 2932
208 4792
208 4793
208 4794
208 2309
208 572
208 2932
3265 5894
3265 673
3265 4215
3265 5290
3265 5291
3265 5293
3265 5295
3265 5296
3265 8503
3265 1432
3265 5600
3265 5603
3265 6300
3845 5894
3845 673
3845 4215
3845 5290
3845 5291
3845 5293
3845 5295
3845 5296
3845 8503
3845 1432
3845 5600
3845 5603
3845 6300
4893 5894
4893 673
4893 4215
4893 5290
4893 5291
4893 5293
4893 5295
4893 5296
4893 8503
4893 1432
4893 5600
4893 5603
4893 6300
5604 5594
5604 5595
5605 5594
5605 5595
5894 5604
5894 5605
673 5604
673 5605
6654 3265
6654 3845
6654 4893
6655 3265
6655 3845
6655 4893
5594 27330
5594 6195
5594 6196
5594 6197
5594 3265
5594 3845
5594 4893
5594 9252
5595 27330
5595 6195
5595 6196
5595 6197
5595 3265
5595 3845
5595 4893
5595 9252
27330 468
27330 3265
27330 3845
27330 4893
6195 468
6195 3265
6195 3845
6195 4893
6196 468
6196 3265
6196 3845
6196 4893
6197 468
6197 3265
6197 3845
6197 4893
1398 2889
1399 2889
2889 5906
2889 5908
5906 673
5908 673
5781 5290
5781 5291
5781 5293
5781 5295
5781 5296
5781 8503
2549 5290
2549 5291
2549 5293
2549 5295
2549 5296
2549 8503
4792 4790
4792 5970
4793 4790
4793 5970
4794 4790
4794 5970
10818 1398
10818 1399
5170 10000
5170 207
5170 208
57498 1398
57498 1399
9252 468
814 468
815 468
816 468
817 468
818 468
5599 3725
5599 7157
5601 3725
5601 7157
5602 3725
5602 7157
7157 581
4214 5609
4217 5609
3667 5290
3667 5291
3667 5293
3667 5295
3667 5296
3667 8503
9261 468
1432 9261
5600 9261
5603 9261
6300 9261
5607 5598
5598 27330
5598 6195
5598 6196
5598 6197
4215 5607
396 387
397 387
398 387
10603 2885
10019 2885
25970 2885
5609 5599
5609 5601
5609 5602
998 4214
998 4217
5879 4214
5879 4217
7161 7157
7189 10782
7189 5599
7189 5601
7189 5602
7189 3551
27018 7531
11213 3551
3654 3551
3656 3551
51135 3551
3551 4792
3551 4793
3551 4794
163688 814
163688 815
163688 816
163688 817
163688 818
51806 814
51806 815
51806 816
51806 817
51806 818
801 814
801 815
801 816
801 817
801 818
805 814
805 815
805 816
805 817
805 818
808 814
808 815
808 816
808 817
808 818
810 814
810 815
810 816
810 817
810 818
91860 814
91860 815
91860 816
91860 817
91860 818
