130367 2531
130367 427
130367 56624
130367 10715
130367 204219
130367 253782
130367 29956
130367 79603
130367 91012
130367 123099
130367 8560
130367 125981
130367 340485
130367 339221
130367 55512
130367 55627
130367 6609
130367 6610
130367 2581
130367 7368
130367 2629
130367 57704
130367 7357
130367 8879
130367 8611
130367 8612
130367 8613
130367 56848
130367 8877
130367 55331
81537 2531
81537 427
81537 56624
81537 10715
81537 204219
81537 253782
81537 29956
81537 79603
81537 91012
81537 123099
81537 8560
81537 125981
81537 340485
81537 339221
81537 55512
81537 55627
81537 6609
81537 6610
81537 2581
81537 7368
81537 2629
81537 57704
81537 7357
81537 8879
81537 8611
81537 8612
81537 8613
81537 56848
81537 8877
81537 55331
427 8611
427 8612
427 8613
427 56848
427 8877
427 2531
427 123099
427 8560
427 2581
427 166929
427 259230
56624 8611
56624 8612
56624 8613
56624 56848
56624 8877
56624 2531
56624 123099
56624 8560
56624 2581
56624 166929
56624 259230
10715 8611
10715 8612
10715 8613
10715 56848
10715 8877
10715 2531
10715 123099
10715 8560
10715 64781
10715 2581
10715 7368
10715 2629
10715 57704
10715 7357
10715 166929
10715 259230
204219 8611
204219 8612
204219 8613
204219 56848
204219 8877
204219 2531
204219 123099
204219 8560
204219 64781
204219 2581
204219 7368
204219 2629
204219 57704
204219 7357
204219 166929
204219 259230
253782 8611
253782 8612
253782 8613
253782 56848
253782 8877
253782 2531
253782 123099
253782 8560
253782 64781
253782 2581
253782 7368
253782 2629
253782 57704
253782 7357
253782 166929
253782 259230
29956 8611
29956 8612
29956 8613
29956 56848
29956 8877
29956 2531
29956 123099
29956 8560
29956 64781
29956 2581
29956 7368
29956 2629
29956 57704
29956 7357
29956 166929
29956 259230
79603 8611
79603 8612
79603 8613
79603 56848
79603 8877
79603 2531
79603 123099
79603 8560
79603 64781
79603 2581
79603 7368
79603 2629
79603 57704
79603 7357
79603 166929
79603 259230
91012 8611
91012 8612
91012 8613
91012 56848
91012 8877
91012 2531
91012 123099
91012 8560
91012 64781
91012 2581
91012 7368
91012 2629
91012 57704
91012 7357
91012 166929
91012 259230
123099 8611
123099 8612
123099 8613
123099 56848
123099 8877
123099 2531
123099 123099
123099 8560
123099 10715
123099 204219
123099 253782
123099 29956
123099 79603
123099 91012
123099 125981
123099 340485
123099 427
123099 56624
123099 339221
123099 55512
123099 55627
123099 6609
123099 6610
123099 64781
123099 2581
123099 7368
123099 2629
123099 57704
123099 7357
123099 55331
8560 8611
8560 8612
8560 8613
8560 56848
8560 8877
8560 2531
8560 123099
8560 8560
8560 10715
8560 204219
8560 253782
8560 29956
8560 79603
8560 91012
8560 125981
8560 340485
8560 427
8560 56624
8560 339221
8560 55512
8560 55627
8560 6609
8560 6610
8560 64781
8560 2581
8560 7368
8560 2629
8560 57704
8560 7357
8560 55331
339221 10715
339221 204219
339221 253782
339221 29956
339221 79603
339221 91012
339221 125981
339221 340485
339221 427
339221 56624
339221 64781
339221 8611
339221 8612
339221 8613
339221 2581
339221 7368
339221 2629
339221 57704
339221 7357
55512 10715
55512 204219
55512 253782
55512 29956
55512 79603
55512 91012
55512 125981
55512 340485
55512 427
55512 56624
55512 64781
55512 8611
55512 8612
55512 8613
55512 2581
55512 7368
55512 2629
55512 57704
55512 7357
55627 10715
55627 204219
55627 253782
55627 29956
55627 79603
55627 91012
55627 125981
55627 340485
55627 427
55627 56624
55627 64781
55627 8611
55627 8612
55627 8613
55627 2581
55627 7368
55627 2629
55627 57704
55627 7357
6609 10715
6609 204219
6609 253782
6609 29956
6609 79603
6609 91012
6609 125981
6609 340485
6609 427
6609 56624
6609 64781
6609 8611
6609 8612
6609 8613
6609 2581
6609 7368
6609 2629
6609 57704
6609 7357
6610 10715
6610 204219
6610 253782
6610 29956
6610 79603
6610 91012
6610 125981
6610 340485
6610 427
6610 56624
6610 64781
6610 8611
6610 8612
6610 8613
6610 2581
6610 7368
6610 2629
6610 57704
6610 7357
64781 125981
64781 340485
64781 427
64781 56624
64781 2581
64781 7368
64781 2629
64781 57704
64781 7357
8611 2531
8611 125981
8611 340485
8611 427
8611 56624
8611 2581
8611 7368
8611 2629
8611 57704
8611 7357
8611 8879
8611 56848
8611 8877
8611 55331
8612 2531
8612 125981
8612 340485
8612 427
8612 56624
8612 2581
8612 7368
8612 2629
8612 57704
8612 7357
8612 8879
8612 56848
8612 8877
8612 55331
8613 2531
8613 125981
8613 340485
8613 427
8613 56624
8613 2581
8613 7368
8613 2629
8613 57704
8613 7357
8613 8879
8613 56848
8613 8877
8613 55331
10558 2531
55304 2531
9517 2531
2531 56848
2531 8877
2531 55331
9514 7368
9514 2581
9514 10825
9514 129807
9514 4758
9514 4759
9514 2717
2717 7368
2717 2581
2717 9514
2717 410
2717 10825
2717 129807
2717 4758
2717 4759
10825 7368
10825 2581
10825 410
129807 7368
129807 2581
129807 410
4758 7368
4758 2581
4758 410
4759 7368
4759 2581
4759 410
7368 125981
7368 340485
7368 427
7368 56624
7368 2629
7368 57704
7368 7357
7368 410
2720 7357
2720 2629
2720 57704
2629 125981
2629 340485
2629 427
2629 56624
2629 2581
2629 9331
57704 125981
57704 340485
57704 427
57704 56624
57704 2581
57704 9331
7357 125981
7357 340485
7357 427
7357 56624
7357 2581
7357 9331
125981 2581
125981 56848
125981 8877
125981 166929
125981 259230
340485 2581
340485 56848
340485 8877
340485 166929
340485 259230
56848 8879
56848 55331
8877 8879
8877 55331
2581 410
166929 64781
166929 8611
166929 8612
166929 8613
166929 130367
166929 81537
166929 2581
166929 7368
166929 2629
166929 57704
166929 7357
166929 123099
166929 8560
259230 64781
259230 8611
259230 8612
259230 8613
259230 130367
259230 81537
259230 2581
259230 7368
259230 2629
259230 57704
259230 7357
259230 123099
259230 8560
