6477 54205
3486 3479
10912 983
10912 891
10912 9133
1647 983
1647 891
1647 9133
4616 983
4616 891
4616 9133
4194 4193
4194 7157
1111 7157
545 1111
545 7157
11200 7157
472 11200
472 7157
2810 983
2810 891
2810 9133
1029 4193
1026 1019
1026 1021
1026 595
1026 894
1026 896
1026 1017
1026 898
1026 9134
637 54205
8795 841
841 836
317 842
54205 842
842 836
7157 4193
7157 1026
7157 2810
7157 56475
7157 10912
7157 1647
7157 4616
7157 51512
7157 355
7157 55367
7157 8795
7157 581
7157 5366
7157 9538
7157 9540
7157 51246
7157 64065
7157 64393
7157 6477
7157 3486
7157 5054
7157 575
7157 3732
7157 7057
7157 5268
7157 1643
7157 50484
7157 6241
7157 143686
7157 27244
7157 83667
7157 5728
7157 7249
7157 55240
7157 64326
7157 25898
7157 900
7157 901
7157 8493
7157 7161
7157 10572
7157 84883
63970 54205
27113 7157
27113 63970
10572 598
10572 596
598 581
596 581
