329 8737
329 7187
330 8737
330 7187
4792 4790
4792 5970
3654 6885
3654 10454
3654 23118
3654 257397
51135 6885
51135 10454
51135 23118
51135 257397
4615 6885
4615 10454
4615 23118
4615 257397
4615 3654
4615 51135
4615 7189
7186 6885
7186 10454
7186 23118
7186 257397
7186 9020
7186 695
7188 6885
7188 10454
7188 23118
7188 257397
7188 9020
8737 6885
8737 10454
8737 23118
8737 257397
8717 6885
8717 10454
8717 23118
8717 257397
3554 3654
3554 51135
3554 4615
3554 7189
7132 8717
7132 7186
7132 7188
7132 8737
3553 3554
7124 7132
8740 4055
4055 7186
4055 7188
4055 7187
7187 9020
7187 695
9020 1147
9020 6885
9020 10454
9020 23118
9020 257397
1147 4791
3551 4792
4791 6357
4791 6363
4791 6366
4791 6387
4791 10673
4791 3383
5971 6357
5971 6363
5971 6366
5971 6387
5971 10673
5971 3383
4790 8837
4790 329
4790 330
4790 331
4790 598
4790 596
4790 4616
4790 7185
4790 7186
4790 597
4790 4791
4790 3576
4790 3553
4790 7124
4790 7128
4790 4792
4790 5743
4790 388372
4790 6351
4790 9560
4790 2920
4790 7412
4790 5328
5970 329
5970 330
5970 331
5970 598
5970 596
5970 4616
5970 7185
5970 7186
5970 597
5970 4791
5970 3576
5970 3553
5970 7124
5970 7128
5970 4792
5970 5743
5970 388372
5970 6351
5970 9560
5970 2920
5970 7412
5970 5328
6885 3551
10673 115650
115650 7186
115650 7187
959 958
958 7189
958 7186
958 7187
102723407 6850
5579 29775
5579 79092
5579 84433
5588 29775
5588 79092
5588 84433
7189 6885
7189 10454
7189 23118
7189 257397
7189 9020
8792 7189
8792 7186
8600 8792
7099 114609
7099 4615
7099 353376
7099 148022
23586 7186
23586 7189
114609 3654
114609 51135
114609 7189
353376 8737
353376 7189
148022 8737
148022 7189
7535 27040
27040 5335
929 7099
1457 4792
1459 4792
1460 4792
283106 4792
6850 695
695 5336
695 8517
695 1147
695 3551
29760 5336
7706 23586
4049 4055
4050 4055
