5578 2902
5578 2903
5578 2904
5578 2905
5578 2906
5579 2902
5579 2903
5579 2904
5579 2905
5579 2906
5582 2902
5582 2903
5582 2904
5582 2905
5582 2906
814 1387
814 2033
1387 468
2033 468
815 2911
815 2915
815 2890
815 2891
815 5594
815 5595
816 2911
816 2915
816 2890
816 2891
816 5594
816 5595
817 2911
817 2915
817 2890
817 2891
817 5594
817 5595
818 2911
818 2915
818 2890
818 2891
818 5594
818 5595
5530 5502
5532 5502
5533 5502
5534 5502
5535 5502
163688 775
163688 3708
163688 3709
163688 3710
163688 5530
163688 5532
163688 5533
163688 5534
163688 5535
163688 107
163688 114
163688 815
163688 816
163688 817
163688 818
163688 3265
163688 3845
163688 4893
163688 814
51806 775
51806 3708
51806 3709
51806 3710
51806 5530
51806 5532
51806 5533
51806 5534
51806 5535
51806 107
51806 114
51806 815
51806 816
51806 817
51806 818
51806 3265
51806 3845
51806 4893
51806 814
801 775
801 3708
801 3709
801 3710
801 5530
801 5532
801 5533
801 5534
801 5535
801 107
801 114
801 815
801 816
801 817
801 818
801 3265
801 3845
801 4893
801 814
805 775
805 3708
805 3709
805 3710
805 5530
805 5532
805 5533
805 5534
805 5535
805 107
805 114
805 815
805 816
805 817
805 818
805 3265
805 3845
805 4893
805 814
808 775
808 3708
808 3709
808 3710
808 5530
808 5532
808 5533
808 5534
808 5535
808 107
808 114
808 815
808 816
808 817
808 818
808 3265
808 3845
808 4893
808 814
810 775
810 3708
810 3709
810 3710
810 5530
810 5532
810 5533
810 5534
810 5535
810 107
810 114
810 815
810 816
810 817
810 818
810 3265
810 3845
810 4893
810 814
91860 775
91860 3708
91860 3709
91860 3710
91860 5530
91860 5532
91860 5533
91860 5534
91860 5535
91860 107
91860 114
91860 815
91860 816
91860 817
91860 818
91860 3265
91860 3845
91860 4893
91860 814
27330 468
6195 468
6196 468
6197 468
2902 163688
2902 51806
2902 801
2902 805
2902 808
2902 810
2902 91860
2903 163688
2903 51806
2903 801
2903 805
2903 808
2903 810
2903 91860
2904 163688
2904 51806
2904 801
2904 805
2904 808
2904 810
2904 91860
2905 163688
2905 51806
2905 801
2905 805
2905 808
2905 810
2905 91860
2906 163688
2906 51806
2906 801
2906 805
2906 808
2906 810
2906 91860
5566 5906
5566 5908
5566 5594
5566 5595
5566 2890
5566 2891
5566 5502
5567 5906
5567 5908
5567 5594
5567 5595
5567 2890
5567 2891
5567 5502
5568 5906
5568 5908
5568 5594
5568 5595
5568 2890
5568 2891
5568 5502
5499 815
5499 816
5499 817
5499 818
5500 815
5500 816
5500 817
5500 818
5501 815
5501 816
5501 817
5501 818
107 5566
107 5567
107 5568
107 10411
114 5566
114 5567
114 5568
114 10411
2890 2902
2890 2903
2890 2904
2890 2905
2890 2906
2891 2902
2891 2903
2891 2904
2891 2905
2891 2906
10411 5906
10411 5908
5594 27330
5594 6195
5594 6196
5594 6197
5595 27330
5595 6195
5595 6196
5595 6197
5604 5594
5604 5595
5605 5594
5605 5595
369 5604
369 5605
5894 5604
5894 5605
673 5604
673 5605
3265 369
3265 5894
3265 673
3845 369
3845 5894
3845 673
4893 369
4893 5894
4893 673
5906 369
5906 5894
5906 673
5908 369
5908 5894
5908 673
5502 5499
5502 5500
5502 5501
2776 23236
2776 5330
2776 5331
2776 5332
2911 2776
2915 2776
23236 5578
23236 5579
23236 5582
23236 3708
23236 3709
23236 3710
5330 5578
5330 5579
5330 5582
5330 3708
5330 3709
5330 3710
5331 5578
5331 5579
5331 5582
5331 3708
5331 3709
5331 3710
5332 5578
5332 5579
5332 5582
5332 3708
5332 3709
5332 3710
