1855 2932
1856 2932
1857 2932
4286 7299
4286 7306
4286 1638
5566 1387
5566 2033
5566 10488
5566 1385
5566 148327
5566 64764
5566 84699
5566 90993
5567 1387
5567 2033
5567 10488
5567 1385
5567 148327
5567 64764
5567 84699
5567 90993
5568 1387
5568 2033
5568 10488
5568 1385
5568 148327
5568 64764
5568 84699
5568 90993
163688 815
163688 816
163688 817
163688 818
51806 815
51806 816
51806 817
51806 818
801 815
801 816
801 817
801 818
805 815
805 816
805 817
805 818
808 815
808 816
808 817
808 818
810 815
810 816
810 817
810 818
91860 815
91860 816
91860 817
91860 818
2770 23236
2770 5330
2770 5331
2770 5332
2771 23236
2771 5330
2771 5331
2771 5332
2773 23236
2773 5330
2773 5331
2773 5332
2775 1855
2775 1856
2775 1857
2775 23236
2775 5330
2775 5331
2775 5332
1910 2770
1910 2771
1910 2773
1910 2775
3815 3265
3815 3845
3815 4893
4254 3815
11211 2775
11211 2776
2535 2775
2535 2776
7855 2775
7855 2776
7976 2775
7976 2776
8321 2775
8321 2776
8322 2775
8322 2776
8323 2775
8323 2776
8324 2775
8324 2776
8325 2775
8325 2776
8326 2775
8326 2776
23236 163688
23236 51806
23236 801
23236 805
23236 808
23236 810
23236 91860
23236 5578
23236 5579
23236 5582
5330 163688
5330 51806
5330 801
5330 805
5330 808
5330 810
5330 91860
5330 5578
5330 5579
5330 5582
5331 163688
5331 51806
5331 801
5331 805
5331 808
5331 810
5331 91860
5331 5578
5331 5579
5331 5582
5332 163688
5332 51806
5332 801
5332 805
5332 808
5332 810
5332 91860
5332 5578
5332 5579
5332 5582
434 4157
1387 4286
2033 4286
51176 4286
6932 4286
6934 4286
83439 4286
2778 107
2778 108
2778 109
2778 111
2778 112
2778 113
2778 114
2778 115
2778 196883
5579 5566
5579 5567
5579 5568
5579 7299
10488 4286
1385 4286
148327 4286
64764 4286
84699 4286
90993 4286
5578 5566
5578 5567
5578 5568
5582 5566
5582 5567
5582 5568
2932 1499
1499 51176
1499 6932
1499 6934
1499 83439
5443 4157
2776 1855
2776 1856
2776 1857
4157 2778
51384 11211
51384 2535
51384 7855
51384 7976
51384 8321
51384 8322
51384 8323
51384 8324
51384 8325
51384 8326
54361 11211
54361 2535
54361 7855
54361 7976
54361 8321
54361 8322
54361 8323
54361 8324
54361 8325
54361 8326
7471 11211
7471 2535
7471 7855
7471 7976
7471 8321
7471 8322
7471 8323
7471 8324
7471 8325
7471 8326
7472 11211
7472 2535
7472 7855
7472 7976
7472 8321
7472 8322
7472 8323
7472 8324
7472 8325
7472 8326
7473 11211
7473 2535
7473 7855
7473 7976
7473 8321
7473 8322
7473 8323
7473 8324
7473 8325
7473 8326
7474 11211
7474 2535
7474 7855
7474 7976
7474 8321
7474 8322
7474 8323
7474 8324
7474 8325
7474 8326
7475 11211
7475 2535
7475 7855
7475 7976
7475 8321
7475 8322
7475 8323
7475 8324
7475 8325
7475 8326
7476 11211
7476 2535
7476 7855
7476 7976
7476 8321
7476 8322
7476 8323
7476 8324
7476 8325
7476 8326
7477 11211
7477 2535
7477 7855
7477 7976
7477 8321
7477 8322
7477 8323
7477 8324
7477 8325
7477 8326
7478 11211
7478 2535
7478 7855
7478 7976
7478 8321
7478 8322
7478 8323
7478 8324
7478 8325
7478 8326
7479 11211
7479 2535
7479 7855
7479 7976
7479 8321
7479 8322
7479 8323
7479 8324
7479 8325
7479 8326
7480 11211
7480 2535
7480 7855
7480 7976
7480 8321
7480 8322
7480 8323
7480 8324
7480 8325
7480 8326
7481 11211
7481 2535
7481 7855
7481 7976
7481 8321
7481 8322
7481 8323
7481 8324
7481 8325
7481 8326
7482 11211
7482 2535
7482 7855
7482 7976
7482 8321
7482 8322
7482 8323
7482 8324
7482 8325
7482 8326
7483 11211
7483 2535
7483 7855
7483 7976
7483 8321
7483 8322
7483 8323
7483 8324
7483 8325
7483 8326
7484 11211
7484 2535
7484 7855
7484 7976
7484 8321
7484 8322
7484 8323
7484 8324
7484 8325
7484 8326
80326 11211
80326 2535
80326 7855
80326 7976
80326 8321
80326 8322
80326 8323
80326 8324
80326 8325
80326 8326
81029 11211
81029 2535
81029 7855
81029 7976
81029 8321
81029 8322
81029 8323
81029 8324
81029 8325
81029 8326
89780 11211
89780 2535
89780 7855
89780 7976
89780 8321
89780 8322
89780 8323
89780 8324
89780 8325
89780 8326
5594 4286
5595 4286
5604 5594
5604 5595
5605 5594
5605 5595
5894 5604
5894 5605
3265 5894
3845 5894
4893 5894
1906 1910
