10163 10092
10163 10093
10163 10094
10163 10095
10163 10109
10163 10552
10163 81873
8936 10092
8936 10093
8936 10094
8936 10095
8936 10109
8936 10552
8936 81873
55845 10092
55845 10093
55845 10094
55845 10095
55845 10109
55845 10552
55845 81873
10297 221178
10297 50649
324 221178
324 50649
7454 10092
7454 10093
7454 10094
7454 10095
7454 10109
7454 10552
7454 81873
8976 10092
8976 10093
8976 10094
8976 10095
8976 10109
8976 10552
8976 81873
221178 5879
221178 5880
221178 5881
50649 5879
50649 5880
50649 5881
10152 8936
10152 55845
10787 8936
10787 55845
3071 8936
3071 55845
23191 8936
23191 55845
26999 8936
26999 55845
10458 55740
10458 10163
54434 1072
54434 1073
54961 1072
54961 1073
85464 1072
85464 1073
3984 1072
3984 1073
3985 1072
3985 1073
7414 200576
7414 23396
7414 5305
7414 79837
7414 8394
7414 8395
7414 8396
200576 7414
200576 81
200576 87
200576 2934
200576 85477
23396 7414
23396 81
23396 87
23396 2934
23396 85477
5305 7414
5305 81
5305 87
5305 2934
5305 85477
79837 7414
79837 81
79837 87
79837 2934
79837 85477
8394 7414
8394 81
8394 87
8394 2934
8394 85477
8395 7414
8395 81
8395 87
8395 2934
8395 85477
8396 7414
8396 81
8396 87
8396 2934
8396 85477
1729 345456
1729 375189
1729 5216
1729 5217
1730 345456
1730 375189
1730 5216
1730 5217
6548 4478
6548 5962
6548 7430
4659 103910
4659 10398
4659 10627
4659 29895
4659 4633
4659 4636
4659 58498
4659 93408
4660 103910
4660 10398
4660 10627
4660 29895
4660 4633
4660 4636
4660 58498
4660 93408
54776 103910
54776 10398
54776 10627
54776 29895
54776 4633
54776 4636
54776 58498
54776 93408
5499 103910
5499 10398
5499 10627
5499 29895
5499 4633
5499 4636
5499 58498
5499 93408
5500 103910
5500 10398
5500 10627
5500 29895
5500 4633
5500 4636
5500 58498
5500 93408
5501 103910
5501 10398
5501 10627
5501 29895
5501 4633
5501 4636
5501 58498
5501 93408
340156 103910
340156 10398
340156 10627
340156 29895
340156 4633
340156 4636
340156 58498
340156 93408
4638 103910
4638 10398
4638 10627
4638 29895
4638 4633
4638 4636
4638 58498
4638 93408
85366 103910
85366 10398
85366 10627
85366 29895
85366 4633
85366 4636
85366 58498
85366 93408
91807 103910
91807 10398
91807 10627
91807 29895
91807 4633
91807 4636
91807 58498
91807 93408
28964 5829
81624 10458
6093 103910
6093 10398
6093 10627
6093 29895
6093 4633
6093 4636
6093 58498
6093 93408
6093 6548
6093 200576
6093 23396
6093 5305
6093 79837
6093 8394
6093 8395
6093 8396
6093 3984
6093 3985
6093 4659
6093 4660
6093 54776
6093 5499
6093 5500
6093 5501
9475 103910
9475 10398
9475 10627
9475 29895
9475 4633
9475 4636
9475 58498
9475 93408
9475 6548
9475 200576
9475 23396
9475 5305
9475 79837
9475 8394
9475 8395
9475 8396
9475 3984
9475 3985
9475 4659
9475 4660
9475 54776
9475 5499
9475 5500
9475 5501
10298 8874
10298 9459
10298 3984
10298 3985
10298 340156
10298 4638
10298 85366
10298 91807
106821730 8874
106821730 9459
106821730 3984
106821730 3985
106821730 340156
106821730 4638
106821730 85366
106821730 91807
5058 8874
5058 9459
5058 3984
5058 3985
5058 340156
5058 4638
5058 85366
5058 91807
5062 8874
5062 9459
5062 3984
5062 3985
5062 340156
5062 4638
5062 85366
5062 91807
5063 8874
5063 9459
5063 3984
5063 3985
5063 340156
5063 4638
5063 85366
5063 91807
56924 8874
56924 9459
56924 3984
56924 3985
56924 340156
56924 4638
56924 85366
56924 91807
57144 8874
57144 9459
57144 3984
57144 3985
57144 340156
57144 4638
57144 85366
57144 91807
8874 28964
8874 23365
8874 9138
8874 5879
8874 5880
8874 5881
9459 28964
9459 23365
9459 9138
9459 5879
9459 5880
9459 5881
998 10298
998 106821730
998 5058
998 5062
998 5063
998 56924
998 57144
998 10788
998 128239
998 8826
998 81624
998 7454
998 8976
5879 10788
5879 128239
5879 8826
5879 10458
5879 10298
5879 106821730
5879 5058
5879 5062
5879 5063
5879 56924
5879 57144
5879 10152
5879 10787
5879 3071
5879 23191
5879 26999
5880 10788
5880 128239
5880 8826
5880 10458
5880 10298
5880 106821730
5880 5058
5880 5062
5880 5063
5880 56924
5880 57144
5880 10152
5880 10787
5880 3071
5880 23191
5880 26999
5881 10788
5881 128239
5881 8826
5881 10458
5881 10298
5881 106821730
5881 5058
5881 5062
5881 5063
5881 56924
5881 57144
5881 10152
5881 10787
5881 3071
5881 23191
5881 26999
387 6093
387 9475
387 1729
387 1730
387 5879
387 5880
387 5881
23365 387
9138 387
2909 387
10451 5290
10451 5291
10451 5293
10451 5295
10451 5296
10451 8503
10451 5879
10451 5880
10451 5881
7074 5290
7074 5291
7074 5293
7074 5295
7074 5296
7074 8503
7074 5879
7074 5880
7074 5881
7409 5290
7409 5291
7409 5293
7409 5295
7409 5296
7409 8503
7409 5879
7409 5880
7409 5881
7410 5290
7410 5291
7410 5293
7410 5295
7410 5296
7410 8503
7410 5879
7410 5880
7410 5881
5594 6093
5594 9475
5595 6093
5595 9475
5604 5594
5604 5595
5605 5594
5605 5595
369 5604
369 5605
4342 5604
4342 5605
5894 5604
5894 5605
673 5604
673 5605
1793 5879
1793 5880
1793 5881
2245 998
89846 998
55970 2245
55970 89846
55970 10298
55970 106821730
55970 5058
55970 5062
55970 5063
55970 56924
55970 57144
1398 1793
1399 1793
9564 1793
5747 1793
1128 55970
1129 55970
1131 55970
1132 55970
1133 55970
623 55970
624 55970
6714 2909
22801 6714
22801 1398
22801 1399
22801 9564
22801 5747
3655 6714
3655 1398
3655 1399
3655 9564
3655 5747
3672 6714
3672 1398
3672 1399
3672 9564
3672 5747
3673 6714
3673 1398
3673 1399
3673 9564
3673 5747
3674 6714
3674 1398
3674 1399
3674 9564
3674 5747
3675 6714
3675 1398
3675 1399
3675 9564
3675 5747
3676 6714
3676 1398
3676 1399
3676 9564
3676 5747
3678 6714
3678 1398
3678 1399
3678 9564
3678 5747
3679 6714
3679 1398
3679 1399
3679 9564
3679 5747
3680 6714
3680 1398
3680 1399
3680 9564
3680 5747
3681 6714
3681 1398
3681 1399
3681 9564
3681 5747
3682 6714
3682 1398
3682 1399
3682 9564
3682 5747
3683 6714
3683 1398
3683 1399
3683 9564
3683 5747
3684 6714
3684 1398
3684 1399
3684 9564
3684 5747
3685 6714
3685 1398
3685 1399
3685 9564
3685 5747
3687 6714
3687 1398
3687 1399
3687 9564
3687 5747
3688 6714
3688 1398
3688 1399
3688 9564
3688 5747
3689 6714
3689 1398
3689 1399
3689 9564
3689 5747
3690 6714
3690 1398
3690 1399
3690 9564
3690 5747
3691 6714
3691 1398
3691 1399
3691 9564
3691 5747
3693 6714
3693 1398
3693 1399
3693 9564
3693 5747
3694 6714
3694 1398
3694 1399
3694 9564
3694 5747
3695 6714
3695 1398
3695 1399
3695 9564
3695 5747
3696 6714
3696 1398
3696 1399
3696 9564
3696 5747
8515 6714
8515 1398
8515 1399
8515 9564
8515 5747
8516 6714
8516 1398
8516 1399
8516 9564
8516 5747
22800 369
22800 4342
22800 5894
22800 673
22800 5290
22800 5291
22800 5293
22800 5295
22800 5296
22800 8503
22800 9459
22808 369
22808 4342
22808 5894
22808 673
22808 5290
22808 5291
22808 5293
22808 5295
22808 5296
22808 8503
22808 9459
3265 369
3265 4342
3265 5894
3265 673
3265 5290
3265 5291
3265 5293
3265 5295
3265 5296
3265 8503
3265 9459
3845 369
3845 4342
3845 5894
3845 673
3845 5290
3845 5291
3845 5293
3845 5295
3845 5296
3845 8503
3845 9459
4893 369
4893 4342
4893 5894
4893 673
4893 5290
4893 5291
4893 5293
4893 5295
4893 5296
4893 8503
4893 9459
6237 369
6237 4342
6237 5894
6237 673
6237 5290
6237 5291
6237 5293
6237 5295
6237 5296
6237 8503
6237 9459
10672 23365
10672 9138
2768 23365
2768 9138
6654 22800
6654 22808
6654 3265
6654 3845
6654 4893
6654 6237
6655 22800
6655 22808
6655 3265
6655 3845
6655 4893
6655 6237
1956 6654
1956 6655
2260 6654
2260 6655
2261 6654
2261 6655
2263 6654
2263 6655
2264 6654
2264 6655
3645 6654
3645 6655
5156 6654
5156 6655
5159 6654
5159 6655
2149 10672
2149 2768
929 10672
929 2768
60 345456
60 375189
60 5216
60 5217
60 1072
60 1073
60 10092
60 10093
60 10094
60 10095
60 10109
60 10552
60 81873
60 7114
60 9087
71 345456
71 375189
71 5216
71 5217
71 1072
71 1073
71 10092
71 10093
71 10094
71 10095
71 10109
71 10552
71 81873
71 7114
71 9087
4627 60
4627 71
4627 103910
4627 10398
4627 10627
4627 29895
4627 4633
4627 4636
4627 58498
4627 93408
4628 60
4628 71
4628 103910
4628 10398
4628 10627
4628 29895
4628 4633
4628 4636
4628 58498
4628 93408
79784 60
79784 71
79784 103910
79784 10398
79784 10627
79784 29895
79784 4633
79784 4636
79784 58498
79784 93408
