3553 3554
3553 7850
3554 4790
3554 5970
7850 4790
7850 5970
7097 4790
7097 5970
7099 4790
7099 5970
3315 4790
3315 5970
929 4790
929 5970
3684 5290
3684 5291
3684 5293
3684 5295
3684 5296
3684 8503
3689 5290
3689 5291
3689 5293
3689 5295
3689 5296
3689 8503
2774 107
2778 107
2767 23236
2767 5330
2767 5331
2767 5332
2769 23236
2769 5330
2769 5331
2769 5332
2776 23236
2776 5330
2776 5331
2776 5332
9630 23236
9630 5330
9630 5331
9630 5332
107 5566
107 5567
107 5568
23236 5578
23236 5579
23236 5582
5330 5578
5330 5579
5330 5582
5331 5578
5331 5579
5331 5582
5332 5578
5332 5579
5332 5582
1992 1511
5269 1511
5272 1511
5273 1511
5275 1511
6317 1511
6318 1511
