4049 8764
8740 8764
8764 7185
8764 7186
8764 7187
8764 7188
29992 5781
7185 5599
7185 5601
7185 5602
7185 8517
7186 5599
7186 5601
7186 5602
7186 8517
7187 5599
7187 5601
7187 5602
7187 8517
7188 5599
7188 5601
7188 5602
7188 8517
5599 2353
5599 3725
5601 2353
5601 3725
5602 2353
5602 3725
4790 841
5970 841
7098 148022
54106 4615
7097 4615
148022 7189
148022 3661
148022 3665
4615 7189
10454 5599
10454 5601
10454 5602
10454 8517
23118 5599
23118 5601
23118 5602
23118 8517
6885 3551
6885 5599
6885 5601
6885 5602
6885 8517
4792 4790
4792 5970
4793 4790
4793 5970
3439 3454
3439 3455
3440 3454
3440 3455
3441 3454
3441 3455
3442 3454
3442 3455
3443 3454
3443 3455
3444 3454
3444 3455
3445 3454
3445 3455
3446 3454
3446 3455
3447 3454
3447 3455
3448 3454
3448 3455
3449 3454
3449 3455
3451 3454
3451 3455
3452 3454
3452 3455
7124 7132
7189 10454
7189 23118
7189 6885
9641 3661
9641 3665
29110 3661
29110 3665
23586 57506
57506 9641
57506 29110
64135 57506
7874 8517
7874 7189
27102 1965
440275 1965
5610 1965
9451 1965
5499 27102
5499 440275
5499 5610
5499 9451
5500 27102
5500 440275
5500 5610
5500 9451
5501 27102
5501 440275
5501 5610
5501 9451
4938 6041
4939 6041
4940 6041
3454 3716
3454 7297
3455 3716
3455 7297
3459 3716
3459 3717
3460 3716
3460 3717
3456 3454
3456 3455
3716 6772
3716 6773
7297 6772
7297 6773
6772 10379
6773 10379
3717 6772
3458 3459
3458 3460
6732 10929
6732 6426
6732 6427
6732 6428
6732 6429
6732 6430
6732 6431
6732 6432
6732 8683
1457 708
1457 25833
1457 29915
1457 3054
1459 708
1459 25833
1459 29915
1459 3054
1460 708
1460 25833
1460 29915
1460 3054
283106 708
283106 25833
283106 29915
283106 3054
1017 1457
1017 1459
1017 1460
1017 283106
1017 29915
1017 3054
983 1457
983 1459
983 1460
983 283106
983 29915
983 3054
9021 3716
9021 7297
355 8772
7132 8772
356 355
8772 841
841 836
841 54205
708 10929
708 6426
708 6427
708 6428
708 6429
708 6430
708 6431
708 6432
708 8683
3551 1147
3551 8517
3551 4792
3551 4793
