56954 8528
56954 259307
56954 2805
56954 2806
440 443
440 339983
440 259307
440 2805
440 2806
339983 259307
339983 2805
339983 2806
339983 284716
339983 57494
339983 2346
8528 259307
8528 2805
8528 2806
445 122622
445 159
445 790
445 440
445 443
445 339983
445 259307
445 2805
445 2806
445 435
122622 790
122622 440
122622 443
122622 339983
122622 259307
122622 2805
122622 2806
122622 158
159 790
159 440
159 443
159 339983
159 259307
159 2805
159 2806
159 158
435 158
790 2673
790 9945
790 27165
790 2744
790 2752
790 1373
790 440
790 443
790 339983
790 259307
790 2805
790 2806
7915 18
2746 56954
2746 2571
2746 2572
2747 56954
2747 2571
2747 2572
18 2571
18 2572
2752 2746
2752 2747
2752 2571
2752 2572
27165 2752
27165 2746
27165 2747
27165 2571
27165 2572
2744 2752
2744 2746
2744 2747
2744 2571
2744 2572
1373 27165
1373 2744
8659 27165
8659 2744
8659 2752
8659 2746
8659 2747
8659 2571
8659 2572
2673 27165
2673 2744
2673 2752
9945 27165
9945 2744
9945 2752
5471 790
5471 2673
5471 9945
5471 27165
5471 2744
5471 2752
443 259307
443 2805
443 2806
284716 443
284716 2346
284716 284716
57494 443
57494 2346
57494 284716
2346 443
2346 284716
