2550 10681
2550 2770
2550 2771
2550 2773
2550 2775
2550 2782
2550 2783
2550 2784
2550 2785
2550 2786
2550 2787
2550 2788
2550 2790
2550 2791
2550 2792
2550 2793
2550 51764
2550 54331
2550 55970
2550 59345
2550 94235
9568 10681
9568 2770
9568 2771
9568 2773
9568 2775
9568 2782
9568 2783
9568 2784
9568 2785
9568 2786
9568 2787
9568 2788
9568 2790
9568 2791
9568 2792
9568 2793
9568 51764
9568 54331
9568 55970
9568 59345
9568 94235
10681 3763
10681 107
10681 108
10681 109
10681 111
10681 112
10681 113
10681 114
10681 115
10681 196883
10681 773
10681 774
10681 775
10681 776
10681 778
10681 779
2770 3763
2770 107
2770 108
2770 109
2770 111
2770 112
2770 113
2770 114
2770 115
2770 196883
2770 773
2770 774
2770 775
2770 776
2770 778
2770 779
2771 3763
2771 107
2771 108
2771 109
2771 111
2771 112
2771 113
2771 114
2771 115
2771 196883
2771 773
2771 774
2771 775
2771 776
2771 778
2771 779
2773 3763
2773 107
2773 108
2773 109
2773 111
2773 112
2773 113
2773 114
2773 115
2773 196883
2773 773
2773 774
2773 775
2773 776
2773 778
2773 779
2775 3763
2775 107
2775 108
2775 109
2775 111
2775 112
2775 113
2775 114
2775 115
2775 196883
2775 773
2775 774
2775 775
2775 776
2775 778
2775 779
2782 3763
2782 107
2782 108
2782 109
2782 111
2782 112
2782 113
2782 114
2782 115
2782 196883
2782 773
2782 774
2782 775
2782 776
2782 778
2782 779
2783 3763
2783 107
2783 108
2783 109
2783 111
2783 112
2783 113
2783 114
2783 115
2783 196883
2783 773
2783 774
2783 775
2783 776
2783 778
2783 779
2784 3763
2784 107
2784 108
2784 109
2784 111
2784 112
2784 113
2784 114
2784 115
2784 196883
2784 773
2784 774
2784 775
2784 776
2784 778
2784 779
2785 3763
2785 107
2785 108
2785 109
2785 111
2785 112
2785 113
2785 114
2785 115
2785 196883
2785 773
2785 774
2785 775
2785 776
2785 778
2785 779
2786 3763
2786 107
2786 108
2786 109
2786 111
2786 112
2786 113
2786 114
2786 115
2786 196883
2786 773
2786 774
2786 775
2786 776
2786 778
2786 779
2787 3763
2787 107
2787 108
2787 109
2787 111
2787 112
2787 113
2787 114
2787 115
2787 196883
2787 773
2787 774
2787 775
2787 776
2787 778
2787 779
2788 3763
2788 107
2788 108
2788 109
2788 111
2788 112
2788 113
2788 114
2788 115
2788 196883
2788 773
2788 774
2788 775
2788 776
2788 778
2788 779
2790 3763
2790 107
2790 108
2790 109
2790 111
2790 112
2790 113
2790 114
2790 115
2790 196883
2790 773
2790 774
2790 775
2790 776
2790 778
2790 779
2791 3763
2791 107
2791 108
2791 109
2791 111
2791 112
2791 113
2791 114
2791 115
2791 196883
2791 773
2791 774
2791 775
2791 776
2791 778
2791 779
2792 3763
2792 107
2792 108
2792 109
2792 111
2792 112
2792 113
2792 114
2792 115
2792 196883
2792 773
2792 774
2792 775
2792 776
2792 778
2792 779
2793 3763
2793 107
2793 108
2793 109
2793 111
2793 112
2793 113
2793 114
2793 115
2793 196883
2793 773
2793 774
2793 775
2793 776
2793 778
2793 779
51764 3763
51764 107
51764 108
51764 109
51764 111
51764 112
51764 113
51764 114
51764 115
51764 196883
51764 773
51764 774
51764 775
51764 776
51764 778
51764 779
54331 3763
54331 107
54331 108
54331 109
54331 111
54331 112
54331 113
54331 114
54331 115
54331 196883
54331 773
54331 774
54331 775
54331 776
54331 778
54331 779
55970 3763
55970 107
55970 108
55970 109
55970 111
55970 112
55970 113
55970 114
55970 115
55970 196883
55970 773
55970 774
55970 775
55970 776
55970 778
55970 779
59345 3763
59345 107
59345 108
59345 109
59345 111
59345 112
59345 113
59345 114
59345 115
59345 196883
59345 773
59345 774
59345 775
59345 776
59345 778
59345 779
94235 3763
94235 107
94235 108
94235 109
94235 111
94235 112
94235 113
94235 114
94235 115
94235 196883
94235 773
94235 774
94235 775
94235 776
94235 778
94235 779
2554 9001
2554 4905
2554 5334
2554 10243
2555 9001
2555 4905
2555 5334
2555 10243
2556 9001
2556 4905
2556 5334
2556 10243
2557 9001
2557 4905
2557 5334
2557 10243
2558 9001
2558 4905
2558 5334
2558 10243
2559 9001
2559 4905
2559 5334
2559 10243
2560 9001
2560 4905
2560 5334
2560 10243
2561 9001
2561 4905
2561 5334
2561 10243
2562 9001
2562 4905
2562 5334
2562 10243
2563 9001
2563 4905
2563 5334
2563 10243
2564 9001
2564 4905
2564 5334
2564 10243
2565 9001
2565 4905
2565 5334
2565 10243
2566 9001
2566 4905
2566 5334
2566 10243
2567 9001
2567 4905
2567 5334
2567 10243
2568 9001
2568 4905
2568 5334
2568 10243
55879 9001
55879 4905
55879 5334
55879 10243
11337 2554
11337 2555
11337 2556
11337 2557
11337 2558
11337 2559
11337 2560
11337 2561
11337 2562
11337 2563
11337 2564
11337 2565
11337 2566
11337 2567
11337 2568
11337 55879
11345 2554
11345 2555
11345 2556
11345 2557
11345 2558
11345 2559
11345 2560
11345 2561
11345 2562
11345 2563
11345 2564
11345 2565
11345 2566
11345 2567
11345 2568
11345 55879
23710 2554
23710 2555
23710 2556
23710 2557
23710 2558
23710 2559
23710 2560
23710 2561
23710 2562
23710 2563
23710 2564
23710 2565
23710 2566
23710 2567
23710 2568
23710 55879
66008 2554
66008 2555
66008 2556
66008 2557
66008 2558
66008 2559
66008 2560
66008 2561
66008 2562
66008 2563
66008 2564
66008 2565
66008 2566
66008 2567
66008 2568
66008 55879
