7248 6009
3551 3667
3551 8471
3551 8660
5599 3667
5599 8471
5599 8660
5601 3667
5601 8471
5601 8660
5602 3667
5602 8471
5602 8660
5792 3643
5792 3667
5792 8471
5792 8660
5792 25759
5792 399694
5792 53358
5792 6464
5770 3643
5770 3667
5770 8471
5770 8660
122809 3643
8651 3643
8835 3643
9021 3643
2872 1977
2872 253314
2872 9470
8569 1977
8569 253314
8569 9470
5594 2872
5594 8569
5594 2002
5595 2872
5595 8569
5595 2002
51422 31
51422 32
53632 31
53632 32
5562 31
5562 32
5563 31
5563 32
5564 31
5564 32
5565 31
5565 32
5571 31
5571 32
3630 3643
5499 163688
5499 51806
5499 5255
5499 5256
5499 5257
5499 5260
5499 5261
5499 801
5499 805
5499 808
5499 810
5499 91860
5499 2997
5499 2998
5500 163688
5500 51806
5500 5255
5500 5256
5500 5257
5500 5260
5500 5261
5500 801
5500 805
5500 808
5500 810
5500 91860
5500 2997
5500 2998
5501 163688
5501 51806
5501 5255
5501 5256
5501 5257
5501 5260
5501 5261
5501 801
5501 805
5501 808
5501 810
5501 91860
5501 2997
5501 2998
5506 163688
5506 51806
5506 5255
5506 5256
5506 5257
5506 5260
5506 5261
5506 801
5506 805
5506 808
5506 810
5506 91860
5506 2997
5506 2998
5507 163688
5507 51806
5507 5255
5507 5256
5507 5257
5507 5260
5507 5261
5507 801
5507 805
5507 808
5507 810
5507 91860
5507 2997
5507 2998
5509 163688
5509 51806
5509 5255
5509 5256
5509 5257
5509 5260
5509 5261
5509 801
5509 805
5509 808
5509 810
5509 91860
5509 2997
5509 2998
79660 163688
79660 51806
79660 5255
79660 5256
79660 5257
79660 5260
79660 5261
79660 801
79660 805
79660 808
79660 810
79660 91860
79660 2997
79660 2998
89801 163688
89801 51806
89801 5255
89801 5256
89801 5257
89801 5260
89801 5261
89801 801
89801 805
89801 808
89801 810
89801 91860
89801 2997
89801 2998
90673 163688
90673 51806
90673 5255
90673 5256
90673 5257
90673 5260
90673 5261
90673 801
90673 805
90673 808
90673 810
90673 91860
90673 2997
90673 2998
163688 5834
163688 5836
163688 5837
51806 5834
51806 5836
51806 5837
5255 5834
5255 5836
5255 5837
5256 5834
5256 5836
5256 5837
5257 5834
5257 5836
5257 5837
5260 5834
5260 5836
5260 5837
5261 5834
5261 5836
5261 5837
801 5834
801 5836
801 5837
805 5834
805 5836
805 5837
808 5834
808 5836
808 5837
810 5834
810 5836
810 5837
91860 5834
91860 5836
91860 5837
5566 3991
5567 3991
5568 3991
5573 3991
5575 3991
5576 3991
5577 3991
1978 1977
1978 253314
1978 9470
2308 10891
2308 2538
2308 57818
2308 92579
2308 2203
2308 8789
2308 5105
2308 5106
6654 3265
6654 3845
6654 4893
6655 3265
6655 3845
6655 4893
3265 369
3265 5894
3265 673
3845 369
3845 5894
3845 673
4893 369
4893 5894
4893 673
5604 5594
5604 5595
5605 5594
5605 5595
25759 2885
399694 2885
53358 2885
6464 2885
9322 23433
9322 6517
3643 10603
3643 867
3643 868
3643 25759
3643 399694
3643 53358
3643 6464
3643 3667
3643 8471
3643 8660
6198 6194
6199 6194
2885 6654
2885 6655
7249 6009
369 5604
369 5605
5894 5604
5894 5605
673 5604
673 5605
2475 6198
2475 6199
2475 1978
23265 23433
23265 6517
10580 10211
10580 2319
6009 2475
10000 5140
10000 2475
10000 2308
10000 2932
10000 572
10000 7249
10000 5499
10000 5500
10000 5501
10000 5506
10000 5507
10000 5509
10000 79660
10000 89801
10000 90673
10000 6517
207 5140
207 2475
207 2308
207 2932
207 572
207 7249
207 5499
207 5500
207 5501
207 5506
207 5507
207 5509
207 79660
207 89801
207 90673
207 6517
208 5140
208 2475
208 2308
208 2932
208 572
208 7249
208 5499
208 5500
208 5501
208 5506
208 5507
208 5509
208 79660
208 89801
208 90673
208 6517
5290 5584
5290 5590
5290 5170
5290 2475
5291 5584
5291 5590
5291 5170
5291 2475
5293 5584
5293 5590
5293 5170
5293 2475
5295 5584
5295 5590
5295 5170
5295 2475
5296 5584
5296 5590
5296 5170
5296 2475
8503 5584
8503 5590
8503 5170
8503 2475
2932 2997
2932 2998
6720 31
6720 32
6720 2194
6720 5313
6720 2645
6720 3098
6720 3099
6720 3101
6720 80201
2889 867
2889 868
2889 23433
1398 23433
1399 23433
5584 6517
5584 6720
5590 6517
5590 6720
10603 867
10603 868
5170 10000
5170 207
5170 208
5170 6198
5170 6199
5170 5584
5170 5590
3667 2885
3667 5290
3667 5291
3667 5293
3667 5295
3667 5296
3667 8503
8471 2885
8471 5290
8471 5291
8471 5293
8471 5295
8471 5296
8471 8503
8660 2885
8660 5290
8660 5291
8660 5293
8660 5295
8660 5296
8660 8503
