1371 7389
1371 5498
2990 10720
2990 10941
2990 54490
2990 54575
2990 54576
2990 54577
2990 54578
2990 54579
2990 54600
2990 54657
2990 54658
2990 54659
2990 574537
2990 7363
2990 7364
2990 7365
2990 7366
2990 7367
2990 79799
644 10720
644 10941
644 54490
644 54575
644 54576
644 54577
644 54578
644 54579
644 54600
644 54657
644 54658
644 54659
644 574537
644 7363
644 7364
644 7365
644 7366
644 7367
644 79799
645 10720
645 10941
645 54490
645 54575
645 54576
645 54577
645 54578
645 54579
645 54600
645 54657
645 54658
645 54659
645 574537
645 7363
645 7364
645 7365
645 7366
645 7367
645 79799
3052 2235
3052 3162
3052 3163
1352 2235
1352 3052
2235 2235
2235 3162
2235 3163
1356 2235
1356 3162
1356 3163
2395 2235
2395 3162
2395 3163
9843 2235
9843 3162
9843 3163
5498 1371
5498 2235
7389 7390
7389 5498
7390 3145
3145 210
211 210
212 210
1355 1352
3162 644
3162 645
3162 1352
3163 644
3163 645
3163 1352
