1432 3576
1432 2919
5600 3576
5600 2919
5603 3576
5603 2919
6300 3576
6300 2919
3725 3576
3725 2919
5599 3725
5601 3725
5602 3725
6416 5599
6416 5601
6416 5602
1147 4792
3551 4792
4792 4790
4792 5970
5058 9020
5058 6416
4790 6352
4790 2919
4790 3576
5970 6352
5970 2919
5970 3576
3576 3577
3576 3579
9020 1147
9020 8517
9020 3551
150084 7082
50848 7082
58494 7082
83700 7082
6868 1839
1839 1956
102 1839
3577 102
3579 102
1445 4067
1445 6714
5803 28964
10392 4790
10392 5970
