383 4842
383 4843
383 4846
383 113451
383 2628
383 4942
383 4953
384 4842
384 4843
384 4846
384 113451
384 2628
384 4942
384 4953
2628 4842
2628 4843
2628 4846
2628 113451
26 217
26 219
26 223
26 224
26 501
26 6723
26 112483
26 6303
26 79814
217 57571
217 55748
217 2628
219 57571
219 55748
219 2628
223 57571
223 55748
223 2628
224 57571
224 55748
224 2628
501 57571
501 55748
501 2628
6723 6611
6723 112483
6723 6303
6723 79814
262 6723
6611 262
6611 6723
112483 4128
112483 4129
112483 79814
6303 4128
6303 4129
6303 79814
4128 217
4128 219
4128 223
4128 224
4128 501
4129 217
4129 219
4129 223
4129 224
4129 501
57571 2628
55748 2628
2593 2628
2593 1152
2593 1158
2593 1159
2593 1160
2593 548596
113451 79814
84735 2628
84735 217
84735 219
84735 223
84735 224
84735 501
54498 6723
4842 113451
4843 113451
4846 113451
4942 5832
4942 8659
4942 4953
29920 283208
29920 5033
29920 8974
29920 51056
29920 8659
5831 283208
5831 5033
5831 8974
5831 51056
5831 8659
65263 283208
65263 5033
65263 8974
65263 51056
65263 8659
8659 102724788
8659 5625
8659 29920
8659 5831
8659 65263
8659 2805
8659 2806
5832 8659
5832 5832
102724788 283208
102724788 5033
102724788 8974
102724788 51056
5625 283208
5625 5033
5625 8974
5625 51056
283208 51056
283208 29920
283208 5831
283208 65263
283208 58510
5033 51056
5033 29920
5033 5831
5033 65263
5033 58510
8974 51056
8974 29920
8974 5831
8974 65263
8974 58510
58510 8659
2805 112817
2806 112817
112849 1610
4953 79814
4953 6723
4953 26
4953 112483
4953 6303
