214 923
6693 6614
5788 933
3688 7412
3689 10666
3689 3383
3689 3384
3689 3385
3683 10666
3683 3383
3683 3384
3683 3385
958 959
1013 1013
1002 1002
1001 1001
5819 10666
5819 25945
5819 201633
999 999
5010 100132463
5010 10686
5010 1364
5010 1365
5010 1366
5010 137075
5010 149461
5010 23562
5010 24146
5010 26285
5010 49861
5010 5010
5010 51208
5010 53842
5010 644672
5010 7122
5010 9071
5010 9073
5010 9074
5010 9075
5010 9076
5010 9080
4099 4099
4359 4359
4359 9019
9019 4359
9019 9019
25945 5818
25945 201633
23114 8506
23114 1272
5797 5797
6900 6900
6900 3897
6900 26047
1272 4897
9369 22829
9369 22871
9369 54413
9369 57502
9369 57555
9378 22829
9378 22871
9378 54413
9378 57502
9378 57555
9379 22829
9379 22871
9379 54413
9379 57502
9379 57555
257194 257194
57863 57863
23705 23705
1000 1000
4684 4684
4684 4685
4685 4684
4685 4685
3897 3897
3897 4684
3897 4685
5818 5818
5817 10666
5817 201633
6401 2734
6403 6404
6404 6403
6404 6401
947 6402
6402 8174
8174 3695
8174 3676
7412 3695
7412 3676
3680 7412
3676 7412
4267 4267
5175 5175
965 914
3385 3689
3385 3683
3383 3689
3383 3683
3384 3689
3384 3683
3384 3684
58494 58494
58494 83700
58494 3688
58494 3676
83700 58494
83700 83700
83700 3689
83700 3684
3684 3383
50848 50848
50848 58494
50848 83700
50848 3689
50848 3683
959 958
1003 1003
90952 90952
80380 5133
29126 5133
29126 941
3108 920
3109 920
3111 920
3112 920
3113 920
3115 920
3117 920
3118 920
3119 920
3122 920
3123 920
3125 920
3126 920
3127 920
942 940
942 1493
941 940
941 1493
941 29126
940 941
3105 925
3105 926
3106 925
3106 926
3107 925
3107 926
3133 925
3133 926
3134 925
3134 926
3135 925
3135 926
100506658 100506658
100132463 100132463
100132463 10686
100132463 1364
100132463 1365
100132463 1366
100132463 137075
100132463 149461
100132463 23562
100132463 24146
100132463 26285
100132463 49861
100132463 5010
100132463 51208
100132463 53842
100132463 644672
100132463 7122
100132463 9071
100132463 9073
100132463 9074
100132463 9075
100132463 9076
100132463 9080
10686 100132463
10686 10686
10686 1364
10686 1365
10686 1366
10686 137075
10686 149461
10686 23562
10686 24146
10686 26285
10686 49861
10686 5010
10686 51208
10686 53842
10686 644672
10686 7122
10686 9071
10686 9073
10686 9074
10686 9075
10686 9076
10686 9080
1364 100132463
1364 10686
1364 1364
1364 1365
1364 1366
1364 137075
1364 149461
1364 23562
1364 24146
1364 26285
1364 49861
1364 5010
1364 51208
1364 53842
1364 644672
1364 7122
1364 9071
1364 9073
1364 9074
1364 9075
1364 9076
1364 9080
1365 100132463
1365 10686
1365 1364
1365 1365
1365 1366
1365 137075
1365 149461
1365 23562
1365 24146
1365 26285
1365 49861
1365 5010
1365 51208
1365 53842
1365 644672
1365 7122
1365 9071
1365 9073
1365 9074
1365 9075
1365 9076
1365 9080
1366 100132463
1366 10686
1366 1364
1366 1365
1366 1366
1366 137075
1366 149461
1366 23562
1366 24146
1366 26285
1366 49861
1366 5010
1366 51208
1366 53842
1366 644672
1366 7122
1366 9071
1366 9073
1366 9074
1366 9075
1366 9076
1366 9080
137075 100132463
137075 10686
137075 1364
137075 1365
137075 1366
137075 137075
137075 149461
137075 23562
137075 24146
137075 26285
137075 49861
137075 5010
137075 51208
137075 53842
137075 644672
137075 7122
137075 9071
137075 9073
137075 9074
137075 9075
137075 9076
137075 9080
149461 100132463
149461 10686
149461 1364
149461 1365
149461 1366
149461 137075
149461 149461
149461 23562
149461 24146
149461 26285
149461 49861
149461 5010
149461 51208
149461 53842
149461 644672
149461 7122
149461 9071
149461 9073
149461 9074
149461 9075
149461 9076
149461 9080
23562 100132463
23562 10686
23562 1364
23562 1365
23562 1366
23562 137075
23562 149461
23562 23562
23562 24146
23562 26285
23562 49861
23562 5010
23562 51208
23562 53842
23562 644672
23562 7122
23562 9071
23562 9073
23562 9074
23562 9075
23562 9076
23562 9080
24146 100132463
24146 10686
24146 1364
24146 1365
24146 1366
24146 137075
24146 149461
24146 23562
24146 24146
24146 26285
24146 49861
24146 5010
24146 51208
24146 53842
24146 644672
24146 7122
24146 9071
24146 9073
24146 9074
24146 9075
24146 9076
24146 9080
26285 100132463
26285 10686
26285 1364
26285 1365
26285 1366
26285 137075
26285 149461
26285 23562
26285 24146
26285 26285
26285 49861
26285 5010
26285 51208
26285 53842
26285 644672
26285 7122
26285 9071
26285 9073
26285 9074
26285 9075
26285 9076
26285 9080
49861 100132463
49861 10686
49861 1364
49861 1365
49861 1366
49861 137075
49861 149461
49861 23562
49861 24146
49861 26285
49861 49861
49861 5010
49861 51208
49861 53842
49861 644672
49861 7122
49861 9071
49861 9073
49861 9074
49861 9075
49861 9076
49861 9080
51208 100132463
51208 10686
51208 1364
51208 1365
51208 1366
51208 137075
51208 149461
51208 23562
51208 24146
51208 26285
51208 49861
51208 5010
51208 51208
51208 53842
51208 644672
51208 7122
51208 9071
51208 9073
51208 9074
51208 9075
51208 9076
51208 9080
53842 100132463
53842 10686
53842 1364
53842 1365
53842 1366
53842 137075
53842 149461
53842 23562
53842 24146
53842 26285
53842 49861
53842 5010
53842 51208
53842 53842
53842 644672
53842 7122
53842 9071
53842 9073
53842 9074
53842 9075
53842 9076
53842 9080
644672 100132463
644672 10686
644672 1364
644672 1365
644672 1366
644672 137075
644672 149461
644672 23562
644672 24146
644672 26285
644672 49861
644672 5010
644672 51208
644672 53842
644672 644672
644672 7122
644672 9071
644672 9073
644672 9074
644672 9075
644672 9076
644672 9080
7122 100132463
7122 10686
7122 1364
7122 1365
7122 1366
7122 137075
7122 149461
7122 23562
7122 24146
7122 26285
7122 49861
7122 5010
7122 51208
7122 53842
7122 644672
7122 7122
7122 9071
7122 9073
7122 9074
7122 9075
7122 9076
7122 9080
9071 100132463
9071 10686
9071 1364
9071 1365
9071 1366
9071 137075
9071 149461
9071 23562
9071 24146
9071 26285
9071 49861
9071 5010
9071 51208
9071 53842
9071 644672
9071 7122
9071 9071
9071 9073
9071 9074
9071 9075
9071 9076
9071 9080
9073 100132463
9073 10686
9073 1364
9073 1365
9073 1366
9073 137075
9073 149461
9073 23562
9073 24146
9073 26285
9073 49861
9073 5010
9073 51208
9073 53842
9073 644672
9073 7122
9073 9071
9073 9073
9073 9074
9073 9075
9073 9076
9073 9080
9074 100132463
9074 10686
9074 1364
9074 1365
9074 1366
9074 137075
9074 149461
9074 23562
9074 24146
9074 26285
9074 49861
9074 5010
9074 51208
9074 53842
9074 644672
9074 7122
9074 9071
9074 9073
9074 9074
9074 9075
9074 9076
9074 9080
9075 100132463
9075 10686
9075 1364
9075 1365
9075 1366
9075 137075
9075 149461
9075 23562
9075 24146
9075 26285
9075 49861
9075 5010
9075 51208
9075 53842
9075 644672
9075 7122
9075 9071
9075 9073
9075 9074
9075 9075
9075 9076
9075 9080
9076 100132463
9076 10686
9076 1364
9076 1365
9076 1366
9076 137075
9076 149461
9076 23562
9076 24146
9076 26285
9076 49861
9076 5010
9076 51208
9076 53842
9076 644672
9076 7122
9076 9071
9076 9073
9076 9074
9076 9075
9076 9076
9076 9080
9080 100132463
9080 10686
9080 1364
9080 1365
9080 1366
9080 137075
9080 149461
9080 23562
9080 24146
9080 26285
9080 49861
9080 5010
9080 51208
9080 53842
9080 644672
9080 7122
9080 9071
9080 9073
9080 9074
9080 9075
9080 9076
9080 9080
102723996 29851
102723996 940
102723996 1493
23308 29851
23308 940
23308 1493
57689 22854
64101 84628
94030 5792
