6608 5566
6608 5567
6608 5568
6608 408
6608 409
102800317 6608
122011 6608
1452 6608
1453 6608
1454 6608
1455 6608
1456 6608
53944 6608
5566 102800317
5566 122011
5566 1452
5566 1453
5566 1454
5566 1455
5566 1456
5566 53944
5566 2932
5566 2735
5566 2736
5566 2737
5567 102800317
5567 122011
5567 1452
5567 1453
5567 1454
5567 1455
5567 1456
5567 53944
5567 2932
5567 2735
5567 2736
5567 2737
5568 102800317
5568 122011
5568 1452
5568 1453
5568 1454
5568 1455
5568 1456
5568 53944
5568 2932
5568 2735
5568 2736
5568 2737
2735 51684
2735 374654
2735 2735
2735 2736
2735 2737
2735 5727
2735 8643
2735 64399
2735 595
2735 894
2735 596
2736 51684
2736 374654
2736 2735
2736 2736
2736 2737
2736 5727
2736 8643
2736 64399
2736 595
2736 894
2736 596
2737 51684
2737 374654
2737 2735
2737 2736
2737 2737
2737 5727
2737 8643
2737 64399
2737 595
2737 894
2737 596
8454 23291
8454 8945
8454 2735
8454 2736
8454 2737
23291 2735
23291 2736
23291 2737
8945 2735
8945 2736
8945 2737
5727 6608
5727 2619
5727 4036
5727 50937
5727 91653
8643 6608
8643 2619
8643 4036
8643 50937
8643 91653
64399 3549
64399 50846
64399 6469
57154 5727
57154 8643
64750 5727
64750 8643
3549 5727
3549 8643
3549 2619
3549 4036
3549 50937
3549 91653
50846 5727
50846 8643
50846 2619
50846 4036
50846 50937
50846 91653
6469 5727
6469 8643
6469 2619
6469 4036
6469 50937
6469 91653
132884 6608
2121 6608
156 102800317
156 122011
156 1452
156 1453
156 1454
156 1455
156 1456
156 53944
156 6608
157 102800317
157 122011
157 1452
157 1453
157 1454
157 1455
157 1456
157 53944
157 6608
408 2735
408 2736
408 2737
408 23432
409 2735
409 2736
409 2737
409 23432
11127 2735
11127 2736
11127 2737
11127 408
11127 409
339745 51684
339745 8452
339745 2735
339745 2736
339745 2737
8405 51684
8405 8452
8405 2735
8405 2736
8405 2737
8452 51684
8452 339745
8452 8405
8452 2735
8452 2736
8452 2737
