3292 6783
3292 10720
3292 10941
3292 54490
3292 54575
3292 54576
3292 54577
3292 54578
3292 54579
3292 54600
3292 54657
3292 54658
3292 54659
3292 574537
3292 7363
3292 7364
3292 7365
3292 7366
3292 7367
3292 79799
3292 1543
3292 1577
3292 1545
3292 1588
3292 1576
3294 6783
3294 10720
3294 10941
3294 54490
3294 54575
3294 54576
3294 54577
3294 54578
3294 54579
3294 54600
3294 54657
3294 54658
3294 54659
3294 574537
3294 7363
3294 7364
3294 7365
3294 7366
3294 7367
3294 79799
3294 1543
3294 1577
3294 1545
3294 1588
3294 1576
51144 6783
51144 10720
51144 10941
51144 54490
51144 54575
51144 54576
51144 54577
51144 54578
51144 54579
51144 54600
51144 54657
51144 54658
51144 54659
51144 574537
51144 7363
51144 7364
51144 7365
51144 7366
51144 7367
51144 79799
51144 1543
51144 1577
51144 1545
51144 1588
51144 1576
51478 6783
51478 10720
51478 10941
51478 54490
51478 54575
51478 54576
51478 54577
51478 54578
51478 54579
51478 54600
51478 54657
51478 54658
51478 54659
51478 574537
51478 7363
51478 7364
51478 7365
51478 7366
51478 7367
51478 79799
51478 1543
51478 1577
51478 1545
51478 1588
51478 1576
7923 6783
7923 10720
7923 10941
7923 54490
7923 54575
7923 54576
7923 54577
7923 54578
7923 54579
7923 54600
7923 54657
7923 54658
7923 54659
7923 574537
7923 7363
7923 7364
7923 7365
7923 7366
7923 7367
7923 79799
7923 1543
7923 1577
7923 1545
7923 1588
7923 1576
8630 6783
8630 10720
8630 10941
8630 54490
8630 54575
8630 54576
8630 54577
8630 54578
8630 54579
8630 54600
8630 54657
8630 54658
8630 54659
8630 574537
8630 7363
8630 7364
8630 7365
8630 7366
8630 7367
8630 79799
8630 1543
8630 1577
8630 1545
8630 1588
8630 1576
412 1583
412 1586
412 8644
412 100861540
412 1543
412 1544
412 1551
412 1577
412 1581
412 3283
412 3284
412 1571
412 1576
6820 1583
6820 1586
6820 412
6820 8644
6820 100861540
6820 1543
6820 1544
6820 1551
6820 1577
6820 1581
6820 3283
6820 3284
6820 1571
6820 1576
1583 1586
1583 3283
1583 3284
1583 1589
1586 1583
1586 6718
1586 6715
1586 6716
1586 79644
1586 1589
1586 3283
1586 3284
1586 1586
1586 1645
1586 1584
1586 1585
1586 8644
1586 3293
1586 3294
1586 7923
1586 8630
1589 9420
1589 3283
1589 3284
1589 412
1589 6820
1589 1586
1589 1583
1589 3291
1589 3290
1589 1645
1589 1584
1589 1585
1589 6718
1589 6715
1589 6716
1589 79644
3283 412
3283 6820
3283 1586
3283 1583
3283 1589
3283 1645
3283 1584
3283 1585
3283 6718
3283 6715
3283 6716
3283 79644
3283 8644
3283 3293
3283 3294
3283 7923
3283 8630
3283 1571
3283 1576
3284 412
3284 6820
3284 1586
3284 1583
3284 1589
3284 1645
3284 1584
3284 1585
3284 6718
3284 6715
3284 6716
3284 79644
3284 8644
3284 3293
3284 3294
3284 7923
3284 8630
3284 1571
3284 1576
9420 3283
9420 3284
9420 412
9420 6820
9420 1586
9420 1583
1584 1585
1584 1589
1584 3291
1584 3290
1584 1586
1584 6718
1584 6715
1584 6716
1584 79644
1584 3283
1584 3284
1584 1588
1584 8644
1584 3293
1584 3294
1584 7923
1584 8630
1585 6718
1585 1585
1585 1589
1585 3291
1585 3290
1585 1586
1585 6715
1585 6716
1585 79644
1585 3283
1585 3284
1585 1588
1585 8644
1585 3293
1585 3294
1585 7923
1585 8630
100861540 1581
100861540 1586
100861540 3283
100861540 3284
1543 1581
1543 1586
1543 3283
1543 3284
1543 1577
1543 1312
1543 220074
1543 1545
1543 10720
1543 10941
1543 54490
1543 54575
1543 54576
1543 54577
1543 54578
1543 54579
1543 54600
1543 54657
1543 54658
1543 54659
1543 574537
1543 7363
1543 7364
1543 7365
1543 7366
1543 7367
1543 79799
1543 1588
1544 1581
1544 1586
1544 3283
1544 3284
1551 1581
1551 1586
1551 3283
1551 3284
1577 1581
1577 1586
1577 3283
1577 3284
1577 3292
1577 3294
1577 51144
1577 51478
1577 7923
1577 8630
1577 1588
8644 1645
8644 100861540
8644 1543
8644 1544
8644 1551
8644 1577
8644 1581
8644 1586
8644 3283
8644 3284
8644 6783
8644 10720
8644 10941
8644 54490
8644 54575
8644 54576
8644 54577
8644 54578
8644 54579
8644 54600
8644 54657
8644 54658
8644 54659
8644 574537
8644 7363
8644 7364
8644 7365
8644 7366
8644 7367
8644 79799
8644 1545
8644 1588
8644 1571
8644 1576
6715 1646
6715 8644
6715 1645
6715 1588
6715 1586
6715 3283
6715 3284
6715 3293
6715 3294
6715 7923
6715 8630
6715 6718
6715 10720
6715 10941
6715 54490
6715 54575
6715 54576
6715 54577
6715 54578
6715 54579
6715 54600
6715 54657
6715 54658
6715 54659
6715 574537
6715 7363
6715 7364
6715 7365
6715 7366
6715 7367
6715 79799
6715 1109
6716 1646
6716 8644
6716 1645
6716 1588
6716 1586
6716 3283
6716 3284
6716 3293
6716 3294
6716 7923
6716 8630
6716 6718
6716 10720
6716 10941
6716 54490
6716 54575
6716 54576
6716 54577
6716 54578
6716 54579
6716 54600
6716 54657
6716 54658
6716 54659
6716 574537
6716 7363
6716 7364
6716 7365
6716 7366
6716 7367
6716 79799
6716 1109
79644 1646
79644 8644
79644 1645
79644 1588
79644 1586
79644 3283
79644 3284
79644 3293
79644 3294
79644 7923
79644 8630
79644 6718
79644 10720
79644 10941
79644 54490
79644 54575
79644 54576
79644 54577
79644 54578
79644 54579
79644 54600
79644 54657
79644 54658
79644 54659
79644 574537
79644 7363
79644 7364
79644 7365
79644 7366
79644 7367
79644 79799
79644 1109
1646 1645
6718 1109
6718 6715
6718 6716
6718 79644
6718 3290
6718 3291
6718 3283
6718 3284
6718 1588
6718 1586
6718 8644
6718 3293
6718 3294
6718 7923
6718 8630
6718 10720
6718 10941
6718 54490
6718 54575
6718 54576
6718 54577
6718 54578
6718 54579
6718 54600
6718 54657
6718 54658
6718 54659
6718 574537
6718 7363
6718 7364
6718 7365
6718 7366
6718 7367
6718 79799
1109 3290
1109 10720
1109 10941
1109 54490
1109 54575
1109 54576
1109 54577
1109 54578
1109 54579
1109 54600
1109 54657
1109 54658
1109 54659
1109 574537
1109 7363
1109 7364
1109 7365
1109 7366
1109 7367
1109 79799
1645 1584
1645 1585
1645 1586
1645 6718
1645 6715
1645 6716
1645 79644
1645 1646
1645 8644
1645 1589
3290 1109
3290 3283
3290 3284
3291 3283
3291 3284
10720 3283
10720 3284
10720 8644
10720 3293
10720 3294
10720 7923
10720 8630
10720 1543
10720 1577
10720 1588
10941 3283
10941 3284
10941 8644
10941 3293
10941 3294
10941 7923
10941 8630
10941 1543
10941 1577
10941 1588
54490 3283
54490 3284
54490 8644
54490 3293
54490 3294
54490 7923
54490 8630
54490 1543
54490 1577
54490 1588
54575 3283
54575 3284
54575 8644
54575 3293
54575 3294
54575 7923
54575 8630
54575 1543
54575 1577
54575 1588
54576 3283
54576 3284
54576 8644
54576 3293
54576 3294
54576 7923
54576 8630
54576 1543
54576 1577
54576 1588
54577 3283
54577 3284
54577 8644
54577 3293
54577 3294
54577 7923
54577 8630
54577 1543
54577 1577
54577 1588
54578 3283
54578 3284
54578 8644
54578 3293
54578 3294
54578 7923
54578 8630
54578 1543
54578 1577
54578 1588
54579 3283
54579 3284
54579 8644
54579 3293
54579 3294
54579 7923
54579 8630
54579 1543
54579 1577
54579 1588
54600 3283
54600 3284
54600 8644
54600 3293
54600 3294
54600 7923
54600 8630
54600 1543
54600 1577
54600 1588
54657 3283
54657 3284
54657 8644
54657 3293
54657 3294
54657 7923
54657 8630
54657 1543
54657 1577
54657 1588
54658 3283
54658 3284
54658 8644
54658 3293
54658 3294
54658 7923
54658 8630
54658 1543
54658 1577
54658 1588
54659 3283
54659 3284
54659 8644
54659 3293
54659 3294
54659 7923
54659 8630
54659 1543
54659 1577
54659 1588
574537 3283
574537 3284
574537 8644
574537 3293
574537 3294
574537 7923
574537 8630
574537 1543
574537 1577
574537 1588
7363 3283
7363 3284
7363 8644
7363 3293
7363 3294
7363 7923
7363 8630
7363 1543
7363 1577
7363 1588
7364 3283
7364 3284
7364 8644
7364 3293
7364 3294
7364 7923
7364 8630
7364 1543
7364 1577
7364 1588
7365 3283
7365 3284
7365 8644
7365 3293
7365 3294
7365 7923
7365 8630
7365 1543
7365 1577
7365 1588
7366 3283
7366 3284
7366 8644
7366 3293
7366 3294
7366 7923
7366 8630
7366 1543
7366 1577
7366 1588
7367 3283
7367 3284
7367 8644
7367 3293
7367 3294
7367 7923
7367 8630
7367 1543
7367 1577
7367 1588
79799 3283
79799 3284
79799 8644
79799 3293
79799 3294
79799 7923
79799 8630
79799 1543
79799 1577
79799 1588
1588 1586
1588 3283
1588 3284
1588 8644
1588 3293
1588 3294
1588 7923
1588 8630
1588 6715
1588 6716
1588 79644
1588 6718
1588 10720
1588 10941
1588 54490
1588 54575
1588 54576
1588 54577
1588 54578
1588 54579
1588 54600
1588 54657
1588 54658
1588 54659
1588 574537
1588 7363
1588 7364
1588 7365
1588 7366
1588 7367
1588 79799
1312 10720
1312 10941
1312 54490
1312 54575
1312 54576
1312 54577
1312 54578
1312 54579
1312 54600
1312 54657
1312 54658
1312 54659
1312 574537
1312 7363
1312 7364
1312 7365
1312 7366
1312 7367
1312 79799
220074 10720
220074 10941
220074 54490
220074 54575
220074 54576
220074 54577
220074 54578
220074 54579
220074 54600
220074 54657
220074 54658
220074 54659
220074 574537
220074 7363
220074 7364
220074 7365
220074 7366
220074 7367
220074 79799
1545 10720
1545 10941
1545 54490
1545 54575
1545 54576
1545 54577
1545 54578
1545 54579
1545 54600
1545 54657
1545 54658
1545 54659
1545 574537
1545 7363
1545 7364
1545 7365
1545 7366
1545 7367
1545 79799
1545 1312
1545 220074
6783 10720
6783 10941
6783 54490
6783 54575
6783 54576
6783 54577
6783 54578
6783 54579
6783 54600
6783 54657
6783 54658
6783 54659
6783 574537
6783 7363
6783 7364
6783 7365
6783 7366
6783 7367
6783 79799
6783 1543
6783 1577
6783 1588
1581 1586
1581 3283
1581 3284
1571 1581
1571 1586
1576 1581
1576 1586
1576 3292
1576 3294
1576 51144
1576 51478
1576 7923
1576 8630
1576 1543
1576 10720
1576 10941
1576 54490
1576 54575
1576 54576
1576 54577
1576 54578
1576 54579
1576 54600
1576 54657
1576 54658
1576 54659
1576 574537
1576 7363
1576 7364
1576 7365
1576 7366
1576 7367
1576 79799
1576 6783
1576 1588
