3630 3643
3667 5290
3667 5291
3667 5293
3667 5295
3667 5296
3667 8503
8660 5290
8660 5291
8660 5293
8660 5295
8660 5296
8660 8503
10000 2931
10000 2932
207 2931
207 2932
208 2931
208 2932
22877 5313
51085 5313
6945 5313
7124 7132
7124 5599
7124 5601
7124 5602
4790 3569
4790 3552
4790 3553
4790 7124
5970 3569
5970 3552
5970 3553
5970 7124
3569 3570
9021 3667
9021 8660
5290 10000
5290 207
5290 208
5291 10000
5291 207
5291 208
5293 10000
5293 207
5293 208
5295 10000
5295 207
5295 208
5296 10000
5296 207
5296 208
8503 10000
8503 207
8503 208
5465 6256
9370 51094
9370 79602
9370 5465
3952 3953
51094 51422
51094 53632
51094 5562
51094 5563
51094 5564
51094 5565
51094 5571
79602 51422
79602 53632
79602 5562
79602 5563
79602 5564
79602 5565
79602 5571
841 637
637 54205
54205 836
54205 840
355 841
9451 1965
1965 468
10018 581
468 1649
1649 10018
356 355
2081 7186
2081 7494
7186 4217
7186 3551
5599 3725
5599 5599
5599 5601
5599 5602
5599 83737
5599 3552
5599 3553
5599 3569
5599 7124
3725 3552
3725 3553
3725 3569
3725 7124
5601 83737
5601 3552
5601 3553
5601 3569
5601 7124
5602 83737
5602 3552
5602 3553
5602 3569
5602 7124
3551 4790
3551 5970
4217 5599
4217 5601
4217 5602
998 4296
5879 4296
4296 5599
83737 841
7494 1050
3953 51422
3953 53632
3953 5562
3953 5563
3953 5564
3953 5565
3953 5571
10062 6256
10062 6720
6256 6720
3643 3667
3643 8660
3570 9021
7132 4790
7132 5970
