65018 5071
65018 9927
65018 7314
65018 55288
65018 89941
65018 441925
65018 8678
65018 598
9927 5071
9101 5071
5071 55669
5071 9927
5071 55288
5071 89941
5071 55626
5071 9474
5071 285973
5071 79065
10133 11337
10133 11345
10133 23710
29110 8878
29110 10241
29110 10133
8878 11337
8878 11345
8878 23710
10241 11337
10241 11345
10241 23710
4077 11337
4077 11345
4077 23710
6714 139341
8408 139341
139341 11337
139341 11345
139341 23710
1457 139341
1459 139341
1460 139341
283106 139341
192111 139341
598 192111
598 664
664 11337
664 11345
664 23710
665 11337
665 11345
665 23710
54543 65018
9474 7942
9474 4286
9474 7030
285973 7942
285973 4286
285973 7030
79065 7942
79065 4286
79065 7030
8887 11337
8887 11345
8887 23710
64786 11337
64786 11345
64786 23710
64786 338382
64786 7879
79735 11337
79735 11345
79735 23710
79735 338382
79735 7879
51024 64786
51024 79735
23786 11337
23786 11345
23786 23710
9451 468
468 5071
3091 664
3091 665
1869 664
5970 664
7157 665
22800 3091
22808 3091
3265 3091
3845 3091
4893 3091
6237 3091
6667 665
5599 3725
5601 3725
5602 3725
3725 5071
2309 10370
10370 665
7314 5071
