2821 2539
2821 6888
2821 9563
64080 22934
64080 7086
64080 8277
64080 84076
64080 5236
64080 55276
64080 51071
55276 22934
55276 7086
55276 8277
55276 84076
55276 64080
55276 51071
51071 226
51071 229
51071 230
51071 7086
51071 8277
51071 84076
51071 6888
221823 22934
221823 7086
221823 8277
221823 84076
221823 64080
221823 55276
221823 5236
5631 22934
5631 7086
5631 8277
5631 84076
5631 64080
5631 55276
5631 5236
5634 22934
5634 7086
5634 8277
5634 84076
5634 64080
5634 55276
5634 5236
7086 22934
7086 5236
7086 55276
7086 6888
7086 2821
7086 5211
7086 5213
7086 5214
7086 2203
7086 8789
7086 226
7086 229
7086 230
7086 6120
7086 729020
8277 22934
8277 5236
8277 55276
8277 6888
8277 2821
8277 5211
8277 5213
8277 5214
8277 2203
8277 8789
8277 226
8277 229
8277 230
8277 6120
8277 729020
84076 22934
84076 5236
84076 55276
84076 6888
84076 2821
84076 5211
84076 5213
84076 5214
84076 2203
84076 8789
84076 226
84076 229
84076 230
84076 6120
84076 729020
22934 5226
22934 6120
22934 729020
22934 5236
22934 55276
6120 5226
6120 7086
6120 8277
6120 84076
729020 5226
729020 7086
729020 8277
729020 84076
226 5211
226 5213
226 5214
226 2203
226 8789
226 7086
226 8277
226 84076
226 6888
229 5211
229 5213
229 5214
229 2203
229 8789
229 7086
229 8277
229 84076
229 6888
230 5211
230 5213
230 5214
230 2203
230 8789
230 7086
230 8277
230 84076
230 6888
5211 2821
5211 6888
5213 2821
5213 6888
5214 2821
5214 6888
2203 2821
2203 6888
8789 2821
8789 6888
5226 25796
5226 414328
5226 9563
25796 414328
25796 2539
25796 9563
25796 5226
2539 9563
2539 25796
414328 9104
6888 7086
6888 8277
6888 84076
9563 414328
9563 5226
