56898 3155
56898 54511
56898 5019
56898 64064
56898 65985
622 3155
622 54511
622 5019
622 64064
622 65985
5019 38
5019 39
5019 3157
5019 3158
5019 1962
5019 3033
5019 3155
5019 54511
64064 38
64064 39
64064 3157
64064 3158
64064 1962
64064 3033
64064 3155
64064 54511
65985 38
65985 39
65985 3157
65985 3158
65985 1962
65985 3033
65985 3155
65985 54511
3155 3157
3155 3158
3155 38
3155 39
54511 3157
54511 3158
54511 38
54511 39
3157 38
3157 39
3157 1962
3157 3033
3158 38
3158 39
3158 1962
3158 3033
38 1962
38 3033
39 1962
39 3033
1962 35
1962 1892
1962 1962
1962 3030
3033 1892
3033 1962
3033 3030
1892 35
3030 35
18 7915
18 2571
18 2572
35 116285
35 123876
35 142827
35 341392
35 348158
35 54988
35 6296
