2122 3065
2122 3066
2122 1487
2122 1488
861 3065
861 3066
861 1487
861 1488
25 2885
25 25759
25 399694
25 53358
25 6464
25 4609
25 6776
25 6777
25 1398
25 1399
25 867
613 2885
613 25759
613 399694
613 53358
613 6464
613 4609
613 6776
613 6777
613 1398
613 1399
613 867
7157 1026
7157 10912
7157 1647
7157 4616
7157 581
7157 578
7157 1643
7157 51426
7040 7048
7040 7046
7042 7048
7042 7046
7043 7048
7043 7046
7048 4088
7046 4088
6776 598
6777 598
4089 4088
4790 4792
5970 4792
4193 7157
1147 4792
3551 4792
8517 4792
572 598
1029 4193
1029 1019
1029 1021
1029 595
1026 1019
1026 1021
1026 595
6654 3265
6654 3845
6654 4893
6655 3265
6655 3845
6655 4893
2885 9846
2885 6654
2885 6655
9846 5290
9846 5291
9846 5293
9846 5295
9846 5296
9846 8503
9846 5781
1398 5290
1398 5291
1398 5293
1398 5295
1398 5296
1398 8503
1399 5290
1399 5291
1399 5293
1399 5295
1399 5296
1399 8503
867 5290
867 5291
867 5293
867 5295
867 5296
867 8503
1869 5925
1870 5925
1871 5925
1019 5925
1021 5925
595 5925
10000 1147
10000 3551
10000 8517
10000 4193
10000 572
10000 1027
207 1147
207 3551
207 8517
207 4193
207 572
207 1027
208 1147
208 3551
208 8517
208 4193
208 572
208 1027
5290 10000
5290 207
5290 208
5291 10000
5291 207
5291 208
5293 10000
5293 207
5293 208
5295 10000
5295 207
5295 208
5296 10000
5296 207
5296 208
8503 10000
8503 207
8503 208
5604 5594
5604 5595
5605 5594
5605 5595
369 5604
369 5605
5894 5604
5894 5605
673 5604
673 5605
3265 369
3265 5894
3265 673
3845 369
3845 5894
3845 673
4893 369
4893 5894
4893 673
