1453 2697
5578 2697
5578 57369
5579 2697
5579 57369
5582 2697
5582 57369
2770 3265
2770 3845
2770 4893
2770 107
2770 108
2770 109
2770 111
2770 112
2770 113
2770 114
2770 115
2770 196883
2771 3265
2771 3845
2771 4893
2771 107
2771 108
2771 109
2771 111
2771 112
2771 113
2771 114
2771 115
2771 196883
2773 3265
2773 3845
2773 4893
2773 107
2773 108
2773 109
2773 111
2773 112
2773 113
2773 114
2773 115
2773 196883
2697 2697
2697 10376
2697 112714
2697 113457
2697 51807
2697 7277
2697 7278
2697 7846
2697 79861
2697 84790
2697 10381
2697 10382
2697 10383
2697 203068
2697 347688
2697 347733
2697 7280
2697 81027
2697 84617
2697 57369
2697 7082
57369 2697
57369 57369
57369 7082
5598 2697
5598 57369
10746 5607
5607 5598
5592 2697
5592 57369
5593 2697
5593 57369
3356 2767
3356 2776
3357 2767
3357 2776
3358 2767
3358 2776
983 2697
983 57369
1902 2770
1902 2771
1902 2773
5566 2697
5566 57369
5567 2697
5567 57369
5568 2697
5568 57369
107 5566
107 5567
107 5568
108 5566
108 5567
108 5568
109 5566
109 5567
109 5568
111 5566
111 5567
111 5568
112 5566
112 5567
112 5568
113 5566
113 5567
113 5568
114 5566
114 5567
114 5568
115 5566
115 5567
115 5568
196883 5566
196883 5567
196883 5568
6714 10746
6714 2697
6714 57369
2977 5592
2977 5593
2982 5592
2982 5593
2983 5592
2983 5593
5594 2697
5594 57369
5595 2697
5595 57369
5604 5594
5604 5595
5605 5594
5605 5595
5894 5604
5894 5605
3265 5894
3845 5894
4893 5894
6654 3265
6654 3845
6654 4893
6655 3265
6655 3845
6655 4893
2885 6654
2885 6655
1956 2885
1956 6714
5156 2885
5156 6714
5159 2885
5159 6714
1950 1956
1950 5156
1950 5159
5154 1956
5154 5156
5154 5159
5155 1956
5155 5156
5155 5159
56034 1956
56034 5156
56034 5159
80310 1956
80310 5156
80310 5159
153 2778
2778 107
2778 108
2778 109
2778 111
2778 112
2778 113
2778 114
2778 115
2778 196883
2767 23236
2767 5330
2767 5331
2767 5332
2776 23236
2776 5330
2776 5331
2776 5332
2911 2767
2911 2776
2915 2767
2915 2776
1813 2770
1813 2771
1813 2773
23236 5578
23236 5579
23236 5582
23236 3708
23236 3709
23236 3710
5330 5578
5330 5579
5330 5582
5330 3708
5330 3709
5330 3710
5331 5578
5331 5579
5331 5582
5331 3708
5331 3709
5331 3710
5332 5578
5332 5579
5332 5582
5332 3708
5332 3709
5332 3710
1812 2778
3708 5578
3708 5579
3708 5582
3709 5578
3709 5579
3709 5582
3710 5578
3710 5579
3710 5582
