1812 2778
6531 6804
163688 814
163688 815
163688 816
163688 817
163688 818
163688 5530
163688 5532
163688 5533
163688 5534
163688 5535
51806 814
51806 815
51806 816
51806 817
51806 818
51806 5530
51806 5532
51806 5533
51806 5534
51806 5535
801 814
801 815
801 816
801 817
801 818
801 5530
801 5532
801 5533
801 5534
801 5535
805 814
805 815
805 816
805 817
805 818
805 5530
805 5532
805 5533
805 5534
805 5535
808 814
808 815
808 816
808 817
808 818
808 5530
808 5532
808 5533
808 5534
808 5535
810 814
810 815
810 816
810 817
810 818
810 5530
810 5532
810 5533
810 5534
810 5535
91860 814
91860 815
91860 816
91860 817
91860 818
91860 5530
91860 5532
91860 5533
91860 5534
91860 5535
814 10488
814 1385
814 1386
814 1388
814 148327
814 468
814 64764
814 84699
814 90993
814 9586
815 6531
815 10488
815 1385
815 1386
815 1388
815 148327
815 468
815 64764
815 84699
815 90993
815 9586
816 6531
816 10488
816 1385
816 1386
816 1388
816 148327
816 468
816 64764
816 84699
816 90993
816 9586
817 6531
817 10488
817 1385
817 1386
817 1388
817 148327
817 468
817 64764
817 84699
817 90993
817 9586
818 6531
818 10488
818 1385
818 1386
818 1388
818 148327
818 468
818 64764
818 84699
818 90993
818 9586
84152 5499
84152 5500
84152 5501
5566 2890
5566 2891
5566 2892
5566 2893
5566 116443
5566 116444
5566 2902
5566 2903
5566 2904
5566 2905
5566 2906
5566 775
5566 776
5567 2890
5567 2891
5567 2892
5567 2893
5567 116443
5567 116444
5567 2902
5567 2903
5567 2904
5567 2905
5567 2906
5567 775
5567 776
5568 2890
5568 2891
5568 2892
5568 2893
5568 116443
5568 116444
5568 2902
5568 2903
5568 2904
5568 2905
5568 2906
5568 775
5568 776
2778 111
10488 5173
10488 23237
10488 2353
10488 2354
1385 5173
1385 23237
1385 2353
1385 2354
1386 5173
1386 23237
1386 2353
1386 2354
1388 5173
1388 23237
1388 2353
1388 2354
148327 5173
148327 23237
148327 2353
148327 2354
468 5173
468 23237
468 2353
468 2354
64764 5173
64764 23237
64764 2353
64764 2354
84699 5173
84699 23237
84699 2353
84699 2354
90993 5173
90993 23237
90993 2353
90993 2354
9586 5173
9586 23237
9586 2353
9586 2354
5499 10488
5499 1385
5499 1386
5499 1388
5499 148327
5499 468
5499 64764
5499 84699
5499 90993
5499 9586
5500 10488
5500 1385
5500 1386
5500 1388
5500 148327
5500 468
5500 64764
5500 84699
5500 90993
5500 9586
5501 10488
5501 1385
5501 1386
5501 1388
5501 148327
5501 468
5501 64764
5501 84699
5501 90993
5501 9586
5578 6531
5579 6531
5582 6531
2354 3725
2354 2353
2354 23411
2354 3065
3065 2353
23411 2353
