2774 109
2782 109
2788 109
51764 109
102723532 2774
102723532 2782
102723532 2788
102723532 51764
105369274 2774
105369274 2782
105369274 2788
105369274 51764
10798 2774
10798 2782
10798 2788
10798 51764
119678 2774
119678 2782
119678 2788
119678 51764
119679 2774
119679 2782
119679 2788
119679 51764
119682 2774
119682 2782
119682 2788
119682 51764
119687 2774
119687 2782
119687 2788
119687 51764
119692 2774
119692 2782
119692 2788
119692 51764
119694 2774
119694 2782
119694 2788
119694 51764
119695 2774
119695 2782
119695 2788
119695 51764
119749 2774
119749 2782
119749 2788
119749 51764
119764 2774
119764 2782
119764 2788
119764 51764
119765 2774
119765 2782
119765 2788
119765 51764
119772 2774
119772 2782
119772 2788
119772 51764
119774 2774
119774 2782
119774 2788
119774 51764
120065 2774
120065 2782
120065 2788
120065 51764
120066 2774
120066 2782
120066 2788
120066 51764
120586 2774
120586 2782
120586 2788
120586 51764
120775 2774
120775 2782
120775 2788
120775 51764
120776 2774
120776 2782
120776 2788
120776 51764
120787 2774
120787 2782
120787 2788
120787 51764
120793 2774
120793 2782
120793 2788
120793 51764
120796 2774
120796 2782
120796 2788
120796 51764
121129 2774
121129 2782
121129 2788
121129 51764
121130 2774
121130 2782
121130 2788
121130 51764
121275 2774
121275 2782
121275 2788
121275 51764
121364 2774
121364 2782
121364 2788
121364 51764
122740 2774
122740 2782
122740 2788
122740 51764
122742 2774
122742 2782
122742 2788
122742 51764
122748 2774
122748 2782
122748 2788
122748 51764
124538 2774
124538 2782
124538 2788
124538 51764
125958 2774
125958 2782
125958 2788
125958 51764
125962 2774
125962 2782
125962 2788
125962 51764
125963 2774
125963 2782
125963 2788
125963 51764
126370 2774
126370 2782
126370 2788
126370 51764
126541 2774
126541 2782
126541 2788
126541 51764
127059 2774
127059 2782
127059 2788
127059 51764
127062 2774
127062 2782
127062 2788
127062 51764
127064 2774
127064 2782
127064 2788
127064 51764
127066 2774
127066 2782
127066 2788
127066 51764
127068 2774
127068 2782
127068 2788
127068 51764
127069 2774
127069 2782
127069 2788
127069 51764
127074 2774
127074 2782
127074 2788
127074 51764
127077 2774
127077 2782
127077 2788
127077 51764
127385 2774
127385 2782
127385 2788
127385 51764
127623 2774
127623 2782
127623 2788
127623 51764
128360 2774
128360 2782
128360 2788
128360 51764
128366 2774
128366 2782
128366 2788
128366 51764
128367 2774
128367 2782
128367 2788
128367 51764
128368 2774
128368 2782
128368 2788
128368 51764
128371 2774
128371 2782
128371 2788
128371 51764
128372 2774
128372 2782
128372 2788
128372 51764
130075 2774
130075 2782
130075 2788
130075 51764
134083 2774
134083 2782
134083 2788
134083 51764
135924 2774
135924 2782
135924 2788
135924 51764
135941 2774
135941 2782
135941 2788
135941 51764
135946 2774
135946 2782
135946 2788
135946 51764
135948 2774
135948 2782
135948 2788
135948 51764
138799 2774
138799 2782
138799 2788
138799 51764
138802 2774
138802 2782
138802 2788
138802 51764
138803 2774
138803 2782
138803 2788
138803 51764
138804 2774
138804 2782
138804 2788
138804 51764
138805 2774
138805 2782
138805 2788
138805 51764
138881 2774
138881 2782
138881 2788
138881 51764
138882 2774
138882 2782
138882 2788
138882 51764
138883 2774
138883 2782
138883 2788
138883 51764
143496 2774
143496 2782
143496 2788
143496 51764
143502 2774
143502 2782
143502 2788
143502 51764
143503 2774
143503 2782
143503 2788
143503 51764
144124 2774
144124 2782
144124 2788
144124 51764
144125 2774
144125 2782
144125 2788
144125 51764
150681 2774
150681 2782
150681 2788
150681 51764
158131 2774
158131 2782
158131 2788
158131 51764
162998 2774
162998 2782
162998 2788
162998 51764
196335 2774
196335 2782
196335 2788
196335 51764
219417 2774
219417 2782
219417 2788
219417 51764
219428 2774
219428 2782
219428 2788
219428 51764
219429 2774
219429 2782
219429 2788
219429 51764
219431 2774
219431 2782
219431 2788
219431 51764
219432 2774
219432 2782
219432 2788
219432 51764
219436 2774
219436 2782
219436 2788
219436 51764
219437 2774
219437 2782
219437 2788
219437 51764
219438 2774
219438 2782
219438 2788
219438 51764
219447 2774
219447 2782
219447 2788
219447 51764
219453 2774
219453 2782
219453 2788
219453 51764
219464 2774
219464 2782
219464 2788
219464 51764
219469 2774
219469 2782
219469 2788
219469 51764
219473 2774
219473 2782
219473 2788
219473 51764
219477 2774
219477 2782
219477 2788
219477 51764
219479 2774
219479 2782
219479 2788
219479 51764
219482 2774
219482 2782
219482 2788
219482 51764
219484 2774
219484 2782
219484 2788
219484 51764
219487 2774
219487 2782
219487 2788
219487 51764
219493 2774
219493 2782
219493 2788
219493 51764
219858 2774
219858 2782
219858 2788
219858 51764
219865 2774
219865 2782
219865 2788
219865 51764
219869 2774
219869 2782
219869 2788
219869 51764
219870 2774
219870 2782
219870 2788
219870 51764
219873 2774
219873 2782
219873 2788
219873 51764
219874 2774
219874 2782
219874 2788
219874 51764
219875 2774
219875 2782
219875 2788
219875 51764
219952 2774
219952 2782
219952 2788
219952 51764
219954 2774
219954 2782
219954 2788
219954 51764
219956 2774
219956 2782
219956 2788
219956 51764
219957 2774
219957 2782
219957 2788
219957 51764
219958 2774
219958 2782
219958 2788
219958 51764
219959 2774
219959 2782
219959 2788
219959 51764
219960 2774
219960 2782
219960 2788
219960 51764
219965 2774
219965 2782
219965 2788
219965 51764
219968 2774
219968 2782
219968 2788
219968 51764
219981 2774
219981 2782
219981 2788
219981 51764
219982 2774
219982 2782
219982 2788
219982 51764
219983 2774
219983 2782
219983 2788
219983 51764
219986 2774
219986 2782
219986 2788
219986 51764
23538 2774
23538 2782
23538 2788
23538 51764
254783 2774
254783 2782
254783 2788
254783 51764
254786 2774
254786 2782
254786 2788
254786 51764
254879 2774
254879 2782
254879 2788
254879 51764
254973 2774
254973 2782
254973 2788
254973 51764
255725 2774
255725 2782
255725 2788
255725 51764
256144 2774
256144 2782
256144 2788
256144 51764
256148 2774
256148 2782
256148 2788
256148 51764
256892 2774
256892 2782
256892 2788
256892 51764
26188 2774
26188 2782
26188 2788
26188 51764
26189 2774
26189 2782
26189 2788
26189 51764
26211 2774
26211 2782
26211 2788
26211 51764
26212 2774
26212 2782
26212 2788
26212 51764
26219 2774
26219 2782
26219 2788
26219 51764
26245 2774
26245 2782
26245 2788
26245 51764
26246 2774
26246 2782
26246 2788
26246 51764
26248 2774
26248 2782
26248 2788
26248 51764
26333 2774
26333 2782
26333 2788
26333 51764
26338 2774
26338 2782
26338 2788
26338 51764
26339 2774
26339 2782
26339 2788
26339 51764
26341 2774
26341 2782
26341 2788
26341 51764
26476 2774
26476 2782
26476 2788
26476 51764
26492 2774
26492 2782
26492 2788
26492 51764
26493 2774
26493 2782
26493 2788
26493 51764
26494 2774
26494 2782
26494 2788
26494 51764
26496 2774
26496 2782
26496 2788
26496 51764
26529 2774
26529 2782
26529 2788
26529 51764
26531 2774
26531 2782
26531 2788
26531 51764
26532 2774
26532 2782
26532 2788
26532 51764
26533 2774
26533 2782
26533 2788
26533 51764
26534 2774
26534 2782
26534 2788
26534 51764
26538 2774
26538 2782
26538 2788
26538 51764
26539 2774
26539 2782
26539 2788
26539 51764
26595 2774
26595 2782
26595 2788
26595 51764
26648 2774
26648 2782
26648 2788
26648 51764
26658 2774
26658 2782
26658 2788
26658 51764
26659 2774
26659 2782
26659 2788
26659 51764
26664 2774
26664 2782
26664 2788
26664 51764
26682 2774
26682 2782
26682 2788
26682 51764
26683 2774
26683 2782
26683 2788
26683 51764
26686 2774
26686 2782
26686 2788
26686 51764
26687 2774
26687 2782
26687 2788
26687 51764
26689 2774
26689 2782
26689 2788
26689 51764
26692 2774
26692 2782
26692 2788
26692 51764
26693 2774
26693 2782
26693 2788
26693 51764
26696 2774
26696 2782
26696 2788
26696 51764
26707 2774
26707 2782
26707 2788
26707 51764
26716 2774
26716 2782
26716 2788
26716 51764
26735 2774
26735 2782
26735 2788
26735 51764
26737 2774
26737 2782
26737 2788
26737 51764
26740 2774
26740 2782
26740 2788
26740 51764
282763 2774
282763 2782
282763 2788
282763 51764
282770 2774
282770 2782
282770 2788
282770 51764
282775 2774
282775 2782
282775 2788
282775 51764
283092 2774
283092 2782
283092 2788
283092 51764
283093 2774
283093 2782
283093 2788
283093 51764
283111 2774
283111 2782
283111 2788
283111 51764
283159 2774
283159 2782
283159 2788
283159 51764
283160 2774
283160 2782
283160 2788
283160 51764
283162 2774
283162 2782
283162 2788
283162 51764
283189 2774
283189 2782
283189 2788
283189 51764
283297 2774
283297 2782
283297 2788
283297 51764
283365 2774
283365 2782
283365 2788
283365 51764
283694 2774
283694 2782
283694 2788
283694 51764
284383 2774
284383 2782
284383 2788
284383 51764
284433 2774
284433 2782
284433 2788
284433 51764
284521 2774
284521 2782
284521 2788
284521 51764
284532 2774
284532 2782
284532 2788
284532 51764
285659 2774
285659 2782
285659 2788
285659 51764
286362 2774
286362 2782
286362 2788
286362 51764
286365 2774
286365 2782
286365 2788
286365 51764
338662 2774
338662 2782
338662 2788
338662 51764
338674 2774
338674 2782
338674 2788
338674 51764
338675 2774
338675 2782
338675 2788
338675 51764
338751 2774
338751 2782
338751 2788
338751 51764
338755 2774
338755 2782
338755 2788
338755 51764
340980 2774
340980 2782
340980 2788
340980 51764
341152 2774
341152 2782
341152 2788
341152 51764
341276 2774
341276 2782
341276 2788
341276 51764
341416 2774
341416 2782
341416 2788
341416 51764
341418 2774
341418 2782
341418 2788
341418 51764
341568 2774
341568 2782
341568 2788
341568 51764
341799 2774
341799 2782
341799 2788
341799 51764
343169 2774
343169 2782
343169 2788
343169 51764
343171 2774
343171 2782
343171 2788
343171 51764
343172 2774
343172 2782
343172 2788
343172 51764
343173 2774
343173 2782
343173 2788
343173 51764
343406 2774
343406 2782
343406 2788
343406 51764
343563 2774
343563 2782
343563 2788
343563 51764
346517 2774
346517 2782
346517 2788
346517 51764
346525 2774
346525 2782
346525 2788
346525 51764
346528 2774
346528 2782
346528 2788
346528 51764
347168 2774
347168 2782
347168 2788
347168 51764
347169 2774
347169 2782
347169 2788
347169 51764
347468 2774
347468 2782
347468 2788
347468 51764
387748 2774
387748 2782
387748 2788
387748 51764
389090 2774
389090 2782
389090 2788
389090 51764
390036 2774
390036 2782
390036 2788
390036 51764
390037 2774
390037 2782
390037 2788
390037 51764
390038 2774
390038 2782
390038 2788
390038 51764
390054 2774
390054 2782
390054 2788
390054 51764
390058 2774
390058 2782
390058 2788
390058 51764
390059 2774
390059 2782
390059 2788
390059 51764
390061 2774
390061 2782
390061 2788
390061 51764
390063 2774
390063 2782
390063 2788
390063 51764
390064 2774
390064 2782
390064 2788
390064 51764
390066 2774
390066 2782
390066 2788
390066 51764
390067 2774
390067 2782
390067 2788
390067 51764
390072 2774
390072 2782
390072 2788
390072 51764
390075 2774
390075 2782
390075 2788
390075 51764
390077 2774
390077 2782
390077 2788
390077 51764
390078 2774
390078 2782
390078 2788
390078 51764
390079 2774
390079 2782
390079 2788
390079 51764
390081 2774
390081 2782
390081 2788
390081 51764
390083 2774
390083 2782
390083 2788
390083 51764
390084 2774
390084 2782
390084 2788
390084 51764
390093 2774
390093 2782
390093 2788
390093 51764
390113 2774
390113 2782
390113 2788
390113 51764
390142 2774
390142 2782
390142 2788
390142 51764
390144 2774
390144 2782
390144 2788
390144 51764
390148 2774
390148 2782
390148 2788
390148 51764
390151 2774
390151 2782
390151 2788
390151 51764
390152 2774
390152 2782
390152 2788
390152 51764
390154 2774
390154 2782
390154 2788
390154 51764
390155 2774
390155 2782
390155 2788
390155 51764
390157 2774
390157 2782
390157 2788
390157 51764
390162 2774
390162 2782
390162 2788
390162 51764
390167 2774
390167 2782
390167 2788
390167 51764
390168 2774
390168 2782
390168 2788
390168 51764
390174 2774
390174 2782
390174 2788
390174 51764
390181 2774
390181 2782
390181 2788
390181 51764
390190 2774
390190 2782
390190 2788
390190 51764
390191 2774
390191 2782
390191 2788
390191 51764
390195 2774
390195 2782
390195 2788
390195 51764
390197 2774
390197 2782
390197 2788
390197 51764
390199 2774
390199 2782
390199 2788
390199 51764
390201 2774
390201 2782
390201 2788
390201 51764
390260 2774
390260 2782
390260 2788
390260 51764
390261 2774
390261 2782
390261 2788
390261 51764
390264 2774
390264 2782
390264 2788
390264 51764
390265 2774
390265 2782
390265 2788
390265 51764
390271 2774
390271 2782
390271 2788
390271 51764
390275 2774
390275 2782
390275 2788
390275 51764
390321 2774
390321 2782
390321 2788
390321 51764
390323 2774
390323 2782
390323 2788
390323 51764
390326 2774
390326 2782
390326 2788
390326 51764
390327 2774
390327 2782
390327 2788
390327 51764
390429 2774
390429 2782
390429 2788
390429 51764
390431 2774
390431 2782
390431 2788
390431 51764
390433 2774
390433 2782
390433 2788
390433 51764
390436 2774
390436 2782
390436 2788
390436 51764
390437 2774
390437 2782
390437 2788
390437 51764
390439 2774
390439 2782
390439 2788
390439 51764
390442 2774
390442 2782
390442 2788
390442 51764
390445 2774
390445 2782
390445 2788
390445 51764
390538 2774
390538 2782
390538 2788
390538 51764
390648 2774
390648 2782
390648 2788
390648 51764
390649 2774
390649 2782
390649 2788
390649 51764
390882 2774
390882 2782
390882 2788
390882 51764
390883 2774
390883 2782
390883 2788
390883 51764
390892 2774
390892 2782
390892 2788
390892 51764
391107 2774
391107 2782
391107 2788
391107 51764
391109 2774
391109 2782
391109 2788
391109 51764
391112 2774
391112 2782
391112 2788
391112 51764
391114 2774
391114 2782
391114 2788
391114 51764
391189 2774
391189 2782
391189 2788
391189 51764
391190 2774
391190 2782
391190 2788
391190 51764
391191 2774
391191 2782
391191 2788
391191 51764
391192 2774
391192 2782
391192 2788
391192 51764
391194 2774
391194 2782
391194 2788
391194 51764
391195 2774
391195 2782
391195 2788
391195 51764
391196 2774
391196 2782
391196 2788
391196 51764
391211 2774
391211 2782
391211 2788
391211 51764
392138 2774
392138 2782
392138 2788
392138 51764
392309 2774
392309 2782
392309 2788
392309 51764
392376 2774
392376 2782
392376 2788
392376 51764
392390 2774
392390 2782
392390 2788
392390 51764
392391 2774
392391 2782
392391 2788
392391 51764
392392 2774
392392 2782
392392 2788
392392 51764
393046 2774
393046 2782
393046 2788
393046 51764
401427 2774
401427 2782
401427 2788
401427 51764
401665 2774
401665 2782
401665 2788
401665 51764
401666 2774
401666 2782
401666 2788
401666 51764
401667 2774
401667 2782
401667 2788
401667 51764
401992 2774
401992 2782
401992 2788
401992 51764
401993 2774
401993 2782
401993 2788
401993 51764
401994 2774
401994 2782
401994 2788
401994 51764
402135 2774
402135 2782
402135 2788
402135 51764
402317 2774
402317 2782
402317 2788
402317 51764
403239 2774
403239 2782
403239 2788
403239 51764
403253 2774
403253 2782
403253 2788
403253 51764
403257 2774
403257 2782
403257 2788
403257 51764
403273 2774
403273 2782
403273 2788
403273 51764
403274 2774
403274 2782
403274 2788
403274 51764
403277 2774
403277 2782
403277 2788
403277 51764
403278 2774
403278 2782
403278 2788
403278 51764
403282 2774
403282 2782
403282 2788
403282 51764
403284 2774
403284 2782
403284 2788
403284 51764
440153 2774
440153 2782
440153 2788
440153 51764
441308 2774
441308 2782
441308 2788
441308 51764
441608 2774
441608 2782
441608 2788
441608 51764
441639 2774
441639 2782
441639 2788
441639 51764
441669 2774
441669 2782
441669 2788
441669 51764
441670 2774
441670 2782
441670 2788
441670 51764
441911 2774
441911 2782
441911 2788
441911 51764
441933 2774
441933 2782
441933 2788
441933 51764
442184 2774
442184 2782
442184 2788
442184 51764
442186 2774
442186 2782
442186 2788
442186 51764
442191 2774
442191 2782
442191 2788
442191 51764
442194 2774
442194 2782
442194 2788
442194 51764
442361 2774
442361 2782
442361 2788
442361 51764
4991 2774
4991 2782
4991 2788
4991 51764
4992 2774
4992 2782
4992 2788
4992 51764
4993 2774
4993 2782
4993 2788
4993 51764
4994 2774
4994 2782
4994 2788
4994 51764
4995 2774
4995 2782
4995 2788
4995 51764
504189 2774
504189 2782
504189 2788
504189 51764
504190 2774
504190 2782
504190 2788
504190 51764
504191 2774
504191 2782
504191 2788
504191 51764
56656 2774
56656 2782
56656 2788
56656 51764
729759 2774
729759 2782
729759 2788
729759 51764
79290 2774
79290 2782
79290 2788
79290 51764
79295 2774
79295 2782
79295 2788
79295 51764
79310 2774
79310 2782
79310 2788
79310 51764
79317 2774
79317 2782
79317 2788
79317 51764
7932 2774
7932 2782
7932 2788
7932 51764
79324 2774
79324 2782
79324 2788
79324 51764
79339 2774
79339 2782
79339 2788
79339 51764
79345 2774
79345 2782
79345 2788
79345 51764
79473 2774
79473 2782
79473 2788
79473 51764
79501 2774
79501 2782
79501 2788
79501 51764
79541 2774
79541 2782
79541 2788
79541 51764
79544 2774
79544 2782
79544 2788
79544 51764
81050 2774
81050 2782
81050 2788
81050 51764
81061 2774
81061 2782
81061 2788
81061 51764
81099 2774
81099 2782
81099 2788
81099 51764
81127 2774
81127 2782
81127 2788
81127 51764
81168 2774
81168 2782
81168 2788
81168 51764
81282 2774
81282 2782
81282 2788
81282 51764
81285 2774
81285 2782
81285 2788
81285 51764
81300 2774
81300 2782
81300 2788
81300 51764
81309 2774
81309 2782
81309 2788
81309 51764
81318 2774
81318 2782
81318 2788
81318 51764
81327 2774
81327 2782
81327 2788
81327 51764
81328 2774
81328 2782
81328 2788
81328 51764
81341 2774
81341 2782
81341 2788
81341 51764
81392 2774
81392 2782
81392 2788
81392 51764
81399 2774
81399 2782
81399 2788
81399 51764
81442 2774
81442 2782
81442 2788
81442 51764
81448 2774
81448 2782
81448 2788
81448 51764
81466 2774
81466 2782
81466 2788
81466 51764
81469 2774
81469 2782
81469 2788
81469 51764
81470 2774
81470 2782
81470 2788
81470 51764
81472 2774
81472 2782
81472 2788
81472 51764
81696 2774
81696 2782
81696 2788
81696 51764
81697 2774
81697 2782
81697 2788
81697 51764
81797 2774
81797 2782
81797 2788
81797 51764
8383 2774
8383 2782
8383 2788
8383 51764
8386 2774
8386 2782
8386 2788
8386 51764
8387 2774
8387 2782
8387 2788
8387 51764
8388 2774
8388 2782
8388 2788
8388 51764
8390 2774
8390 2782
8390 2788
8390 51764
8392 2774
8392 2782
8392 2788
8392 51764
8590 2774
8590 2782
8590 2788
8590 51764
815 109
816 109
817 109
818 109
163688 1258
163688 1260
163688 1262
163688 815
163688 816
163688 817
163688 818
163688 5136
163688 5137
163688 5153
51806 1258
51806 1260
51806 1262
51806 815
51806 816
51806 817
51806 818
51806 5136
51806 5137
51806 5153
801 1258
801 1260
801 1262
801 815
801 816
801 817
801 818
801 5136
801 5137
801 5153
805 1258
805 1260
805 1262
805 815
805 816
805 817
805 818
805 5136
805 5137
805 5153
808 1258
808 1260
808 1262
808 815
808 816
808 817
808 818
808 5136
808 5137
808 5153
810 1258
810 1260
810 1262
810 815
810 816
810 817
810 818
810 5136
810 5137
810 5153
91860 1258
91860 1260
91860 1262
91860 815
91860 816
91860 817
91860 818
91860 5136
91860 5137
91860 5153
5566 102723532
5566 105369274
5566 10798
5566 119678
5566 119679
5566 119682
5566 119687
5566 119692
5566 119694
5566 119695
5566 119749
5566 119764
5566 119765
5566 119772
5566 119774
5566 120065
5566 120066
5566 120586
5566 120775
5566 120776
5566 120787
5566 120793
5566 120796
5566 121129
5566 121130
5566 121275
5566 121364
5566 122740
5566 122742
5566 122748
5566 124538
5566 125958
5566 125962
5566 125963
5566 126370
5566 126541
5566 127059
5566 127062
5566 127064
5566 127066
5566 127068
5566 127069
5566 127074
5566 127077
5566 127385
5566 127623
5566 128360
5566 128366
5566 128367
5566 128368
5566 128371
5566 128372
5566 130075
5566 134083
5566 135924
5566 135941
5566 135946
5566 135948
5566 138799
5566 138802
5566 138803
5566 138804
5566 138805
5566 138881
5566 138882
5566 138883
5566 143496
5566 143502
5566 143503
5566 144124
5566 144125
5566 150681
5566 158131
5566 162998
5566 196335
5566 219417
5566 219428
5566 219429
5566 219431
5566 219432
5566 219436
5566 219437
5566 219438
5566 219447
5566 219453
5566 219464
5566 219469
5566 219473
5566 219477
5566 219479
5566 219482
5566 219484
5566 219487
5566 219493
5566 219858
5566 219865
5566 219869
5566 219870
5566 219873
5566 219874
5566 219875
5566 219952
5566 219954
5566 219956
5566 219957
5566 219958
5566 219959
5566 219960
5566 219965
5566 219968
5566 219981
5566 219982
5566 219983
5566 219986
5566 23538
5566 254783
5566 254786
5566 254879
5566 254973
5566 255725
5566 256144
5566 256148
5566 256892
5566 26188
5566 26189
5566 26211
5566 26212
5566 26219
5566 26245
5566 26246
5566 26248
5566 26333
5566 26338
5566 26339
5566 26341
5566 26476
5566 26492
5566 26493
5566 26494
5566 26496
5566 26529
5566 26531
5566 26532
5566 26533
5566 26534
5566 26538
5566 26539
5566 26595
5566 26648
5566 26658
5566 26659
5566 26664
5566 26682
5566 26683
5566 26686
5566 26687
5566 26689
5566 26692
5566 26693
5566 26696
5566 26707
5566 26716
5566 26735
5566 26737
5566 26740
5566 282763
5566 282770
5566 282775
5566 283092
5566 283093
5566 283111
5566 283159
5566 283160
5566 283162
5566 283189
5566 283297
5566 283365
5566 283694
5566 284383
5566 284433
5566 284521
5566 284532
5566 285659
5566 286362
5566 286365
5566 338662
5566 338674
5566 338675
5566 338751
5566 338755
5566 340980
5566 341152
5566 341276
5566 341416
5566 341418
5566 341568
5566 341799
5566 343169
5566 343171
5566 343172
5566 343173
5566 343406
5566 343563
5566 346517
5566 346525
5566 346528
5566 347168
5566 347169
5566 347468
5566 387748
5566 389090
5566 390036
5566 390037
5566 390038
5566 390054
5566 390058
5566 390059
5566 390061
5566 390063
5566 390064
5566 390066
5566 390067
5566 390072
5566 390075
5566 390077
5566 390078
5566 390079
5566 390081
5566 390083
5566 390084
5566 390093
5566 390113
5566 390142
5566 390144
5566 390148
5566 390151
5566 390152
5566 390154
5566 390155
5566 390157
5566 390162
5566 390167
5566 390168
5566 390174
5566 390181
5566 390190
5566 390191
5566 390195
5566 390197
5566 390199
5566 390201
5566 390260
5566 390261
5566 390264
5566 390265
5566 390271
5566 390275
5566 390321
5566 390323
5566 390326
5566 390327
5566 390429
5566 390431
5566 390433
5566 390436
5566 390437
5566 390439
5566 390442
5566 390445
5566 390538
5566 390648
5566 390649
5566 390882
5566 390883
5566 390892
5566 391107
5566 391109
5566 391112
5566 391114
5566 391189
5566 391190
5566 391191
5566 391192
5566 391194
5566 391195
5566 391196
5566 391211
5566 392138
5566 392309
5566 392376
5566 392390
5566 392391
5566 392392
5566 393046
5566 401427
5566 401665
5566 401666
5566 401667
5566 401992
5566 401993
5566 401994
5566 402135
5566 402317
5566 403239
5566 403253
5566 403257
5566 403273
5566 403274
5566 403277
5566 403278
5566 403282
5566 403284
5566 440153
5566 441308
5566 441608
5566 441639
5566 441669
5566 441670
5566 441911
5566 441933
5566 442184
5566 442186
5566 442191
5566 442194
5566 442361
5566 4991
5566 4992
5566 4993
5566 4994
5566 4995
5566 504189
5566 504190
5566 504191
5566 56656
5566 729759
5566 79290
5566 79295
5566 79310
5566 79317
5566 7932
5566 79324
5566 79339
5566 79345
5566 79473
5566 79501
5566 79541
5566 79544
5566 81050
5566 81061
5566 81099
5566 81127
5566 81168
5566 81282
5566 81285
5566 81300
5566 81309
5566 81318
5566 81327
5566 81328
5566 81341
5566 81392
5566 81399
5566 81442
5566 81448
5566 81466
5566 81469
5566 81470
5566 81472
5566 81696
5566 81697
5566 81797
5566 8383
5566 8386
5566 8387
5566 8388
5566 8390
5566 8392
5566 8590
5567 102723532
5567 105369274
5567 10798
5567 119678
5567 119679
5567 119682
5567 119687
5567 119692
5567 119694
5567 119695
5567 119749
5567 119764
5567 119765
5567 119772
5567 119774
5567 120065
5567 120066
5567 120586
5567 120775
5567 120776
5567 120787
5567 120793
5567 120796
5567 121129
5567 121130
5567 121275
5567 121364
5567 122740
5567 122742
5567 122748
5567 124538
5567 125958
5567 125962
5567 125963
5567 126370
5567 126541
5567 127059
5567 127062
5567 127064
5567 127066
5567 127068
5567 127069
5567 127074
5567 127077
5567 127385
5567 127623
5567 128360
5567 128366
5567 128367
5567 128368
5567 128371
5567 128372
5567 130075
5567 134083
5567 135924
5567 135941
5567 135946
5567 135948
5567 138799
5567 138802
5567 138803
5567 138804
5567 138805
5567 138881
5567 138882
5567 138883
5567 143496
5567 143502
5567 143503
5567 144124
5567 144125
5567 150681
5567 158131
5567 162998
5567 196335
5567 219417
5567 219428
5567 219429
5567 219431
5567 219432
5567 219436
5567 219437
5567 219438
5567 219447
5567 219453
5567 219464
5567 219469
5567 219473
5567 219477
5567 219479
5567 219482
5567 219484
5567 219487
5567 219493
5567 219858
5567 219865
5567 219869
5567 219870
5567 219873
5567 219874
5567 219875
5567 219952
5567 219954
5567 219956
5567 219957
5567 219958
5567 219959
5567 219960
5567 219965
5567 219968
5567 219981
5567 219982
5567 219983
5567 219986
5567 23538
5567 254783
5567 254786
5567 254879
5567 254973
5567 255725
5567 256144
5567 256148
5567 256892
5567 26188
5567 26189
5567 26211
5567 26212
5567 26219
5567 26245
5567 26246
5567 26248
5567 26333
5567 26338
5567 26339
5567 26341
5567 26476
5567 26492
5567 26493
5567 26494
5567 26496
5567 26529
5567 26531
5567 26532
5567 26533
5567 26534
5567 26538
5567 26539
5567 26595
5567 26648
5567 26658
5567 26659
5567 26664
5567 26682
5567 26683
5567 26686
5567 26687
5567 26689
5567 26692
5567 26693
5567 26696
5567 26707
5567 26716
5567 26735
5567 26737
5567 26740
5567 282763
5567 282770
5567 282775
5567 283092
5567 283093
5567 283111
5567 283159
5567 283160
5567 283162
5567 283189
5567 283297
5567 283365
5567 283694
5567 284383
5567 284433
5567 284521
5567 284532
5567 285659
5567 286362
5567 286365
5567 338662
5567 338674
5567 338675
5567 338751
5567 338755
5567 340980
5567 341152
5567 341276
5567 341416
5567 341418
5567 341568
5567 341799
5567 343169
5567 343171
5567 343172
5567 343173
5567 343406
5567 343563
5567 346517
5567 346525
5567 346528
5567 347168
5567 347169
5567 347468
5567 387748
5567 389090
5567 390036
5567 390037
5567 390038
5567 390054
5567 390058
5567 390059
5567 390061
5567 390063
5567 390064
5567 390066
5567 390067
5567 390072
5567 390075
5567 390077
5567 390078
5567 390079
5567 390081
5567 390083
5567 390084
5567 390093
5567 390113
5567 390142
5567 390144
5567 390148
5567 390151
5567 390152
5567 390154
5567 390155
5567 390157
5567 390162
5567 390167
5567 390168
5567 390174
5567 390181
5567 390190
5567 390191
5567 390195
5567 390197
5567 390199
5567 390201
5567 390260
5567 390261
5567 390264
5567 390265
5567 390271
5567 390275
5567 390321
5567 390323
5567 390326
5567 390327
5567 390429
5567 390431
5567 390433
5567 390436
5567 390437
5567 390439
5567 390442
5567 390445
5567 390538
5567 390648
5567 390649
5567 390882
5567 390883
5567 390892
5567 391107
5567 391109
5567 391112
5567 391114
5567 391189
5567 391190
5567 391191
5567 391192
5567 391194
5567 391195
5567 391196
5567 391211
5567 392138
5567 392309
5567 392376
5567 392390
5567 392391
5567 392392
5567 393046
5567 401427
5567 401665
5567 401666
5567 401667
5567 401992
5567 401993
5567 401994
5567 402135
5567 402317
5567 403239
5567 403253
5567 403257
5567 403273
5567 403274
5567 403277
5567 403278
5567 403282
5567 403284
5567 440153
5567 441308
5567 441608
5567 441639
5567 441669
5567 441670
5567 441911
5567 441933
5567 442184
5567 442186
5567 442191
5567 442194
5567 442361
5567 4991
5567 4992
5567 4993
5567 4994
5567 4995
5567 504189
5567 504190
5567 504191
5567 56656
5567 729759
5567 79290
5567 79295
5567 79310
5567 79317
5567 7932
5567 79324
5567 79339
5567 79345
5567 79473
5567 79501
5567 79541
5567 79544
5567 81050
5567 81061
5567 81099
5567 81127
5567 81168
5567 81282
5567 81285
5567 81300
5567 81309
5567 81318
5567 81327
5567 81328
5567 81341
5567 81392
5567 81399
5567 81442
5567 81448
5567 81466
5567 81469
5567 81470
5567 81472
5567 81696
5567 81697
5567 81797
5567 8383
5567 8386
5567 8387
5567 8388
5567 8390
5567 8392
5567 8590
5568 102723532
5568 105369274
5568 10798
5568 119678
5568 119679
5568 119682
5568 119687
5568 119692
5568 119694
5568 119695
5568 119749
5568 119764
5568 119765
5568 119772
5568 119774
5568 120065
5568 120066
5568 120586
5568 120775
5568 120776
5568 120787
5568 120793
5568 120796
5568 121129
5568 121130
5568 121275
5568 121364
5568 122740
5568 122742
5568 122748
5568 124538
5568 125958
5568 125962
5568 125963
5568 126370
5568 126541
5568 127059
5568 127062
5568 127064
5568 127066
5568 127068
5568 127069
5568 127074
5568 127077
5568 127385
5568 127623
5568 128360
5568 128366
5568 128367
5568 128368
5568 128371
5568 128372
5568 130075
5568 134083
5568 135924
5568 135941
5568 135946
5568 135948
5568 138799
5568 138802
5568 138803
5568 138804
5568 138805
5568 138881
5568 138882
5568 138883
5568 143496
5568 143502
5568 143503
5568 144124
5568 144125
5568 150681
5568 158131
5568 162998
5568 196335
5568 219417
5568 219428
5568 219429
5568 219431
5568 219432
5568 219436
5568 219437
5568 219438
5568 219447
5568 219453
5568 219464
5568 219469
5568 219473
5568 219477
5568 219479
5568 219482
5568 219484
5568 219487
5568 219493
5568 219858
5568 219865
5568 219869
5568 219870
5568 219873
5568 219874
5568 219875
5568 219952
5568 219954
5568 219956
5568 219957
5568 219958
5568 219959
5568 219960
5568 219965
5568 219968
5568 219981
5568 219982
5568 219983
5568 219986
5568 23538
5568 254783
5568 254786
5568 254879
5568 254973
5568 255725
5568 256144
5568 256148
5568 256892
5568 26188
5568 26189
5568 26211
5568 26212
5568 26219
5568 26245
5568 26246
5568 26248
5568 26333
5568 26338
5568 26339
5568 26341
5568 26476
5568 26492
5568 26493
5568 26494
5568 26496
5568 26529
5568 26531
5568 26532
5568 26533
5568 26534
5568 26538
5568 26539
5568 26595
5568 26648
5568 26658
5568 26659
5568 26664
5568 26682
5568 26683
5568 26686
5568 26687
5568 26689
5568 26692
5568 26693
5568 26696
5568 26707
5568 26716
5568 26735
5568 26737
5568 26740
5568 282763
5568 282770
5568 282775
5568 283092
5568 283093
5568 283111
5568 283159
5568 283160
5568 283162
5568 283189
5568 283297
5568 283365
5568 283694
5568 284383
5568 284433
5568 284521
5568 284532
5568 285659
5568 286362
5568 286365
5568 338662
5568 338674
5568 338675
5568 338751
5568 338755
5568 340980
5568 341152
5568 341276
5568 341416
5568 341418
5568 341568
5568 341799
5568 343169
5568 343171
5568 343172
5568 343173
5568 343406
5568 343563
5568 346517
5568 346525
5568 346528
5568 347168
5568 347169
5568 347468
5568 387748
5568 389090
5568 390036
5568 390037
5568 390038
5568 390054
5568 390058
5568 390059
5568 390061
5568 390063
5568 390064
5568 390066
5568 390067
5568 390072
5568 390075
5568 390077
5568 390078
5568 390079
5568 390081
5568 390083
5568 390084
5568 390093
5568 390113
5568 390142
5568 390144
5568 390148
5568 390151
5568 390152
5568 390154
5568 390155
5568 390157
5568 390162
5568 390167
5568 390168
5568 390174
5568 390181
5568 390190
5568 390191
5568 390195
5568 390197
5568 390199
5568 390201
5568 390260
5568 390261
5568 390264
5568 390265
5568 390271
5568 390275
5568 390321
5568 390323
5568 390326
5568 390327
5568 390429
5568 390431
5568 390433
5568 390436
5568 390437
5568 390439
5568 390442
5568 390445
5568 390538
5568 390648
5568 390649
5568 390882
5568 390883
5568 390892
5568 391107
5568 391109
5568 391112
5568 391114
5568 391189
5568 391190
5568 391191
5568 391192
5568 391194
5568 391195
5568 391196
5568 391211
5568 392138
5568 392309
5568 392376
5568 392390
5568 392391
5568 392392
5568 393046
5568 401427
5568 401665
5568 401666
5568 401667
5568 401992
5568 401993
5568 401994
5568 402135
5568 402317
5568 403239
5568 403253
5568 403257
5568 403273
5568 403274
5568 403277
5568 403278
5568 403282
5568 403284
5568 440153
5568 441308
5568 441608
5568 441639
5568 441669
5568 441670
5568 441911
5568 441933
5568 442184
5568 442186
5568 442191
5568 442194
5568 442361
5568 4991
5568 4992
5568 4993
5568 4994
5568 4995
5568 504189
5568 504190
5568 504191
5568 56656
5568 729759
5568 79290
5568 79295
5568 79310
5568 79317
5568 7932
5568 79324
5568 79339
5568 79345
5568 79473
5568 79501
5568 79541
5568 79544
5568 81050
5568 81061
5568 81099
5568 81127
5568 81168
5568 81282
5568 81285
5568 81300
5568 81309
5568 81318
5568 81327
5568 81328
5568 81341
5568 81392
5568 81399
5568 81442
5568 81448
5568 81466
5568 81469
5568 81470
5568 81472
5568 81696
5568 81697
5568 81797
5568 8383
5568 8386
5568 8387
5568 8388
5568 8390
5568 8392
5568 8590
408 102723532
408 105369274
408 10798
408 119678
408 119679
408 119682
408 119687
408 119692
408 119694
408 119695
408 119749
408 119764
408 119765
408 119772
408 119774
408 120065
408 120066
408 120586
408 120775
408 120776
408 120787
408 120793
408 120796
408 121129
408 121130
408 121275
408 121364
408 122740
408 122742
408 122748
408 124538
408 125958
408 125962
408 125963
408 126370
408 126541
408 127059
408 127062
408 127064
408 127066
408 127068
408 127069
408 127074
408 127077
408 127385
408 127623
408 128360
408 128366
408 128367
408 128368
408 128371
408 128372
408 130075
408 134083
408 135924
408 135941
408 135946
408 135948
408 138799
408 138802
408 138803
408 138804
408 138805
408 138881
408 138882
408 138883
408 143496
408 143502
408 143503
408 144124
408 144125
408 150681
408 158131
408 162998
408 196335
408 219417
408 219428
408 219429
408 219431
408 219432
408 219436
408 219437
408 219438
408 219447
408 219453
408 219464
408 219469
408 219473
408 219477
408 219479
408 219482
408 219484
408 219487
408 219493
408 219858
408 219865
408 219869
408 219870
408 219873
408 219874
408 219875
408 219952
408 219954
408 219956
408 219957
408 219958
408 219959
408 219960
408 219965
408 219968
408 219981
408 219982
408 219983
408 219986
408 23538
408 254783
408 254786
408 254879
408 254973
408 255725
408 256144
408 256148
408 256892
408 26188
408 26189
408 26211
408 26212
408 26219
408 26245
408 26246
408 26248
408 26333
408 26338
408 26339
408 26341
408 26476
408 26492
408 26493
408 26494
408 26496
408 26529
408 26531
408 26532
408 26533
408 26534
408 26538
408 26539
408 26595
408 26648
408 26658
408 26659
408 26664
408 26682
408 26683
408 26686
408 26687
408 26689
408 26692
408 26693
408 26696
408 26707
408 26716
408 26735
408 26737
408 26740
408 282763
408 282770
408 282775
408 283092
408 283093
408 283111
408 283159
408 283160
408 283162
408 283189
408 283297
408 283365
408 283694
408 284383
408 284433
408 284521
408 284532
408 285659
408 286362
408 286365
408 338662
408 338674
408 338675
408 338751
408 338755
408 340980
408 341152
408 341276
408 341416
408 341418
408 341568
408 341799
408 343169
408 343171
408 343172
408 343173
408 343406
408 343563
408 346517
408 346525
408 346528
408 347168
408 347169
408 347468
408 387748
408 389090
408 390036
408 390037
408 390038
408 390054
408 390058
408 390059
408 390061
408 390063
408 390064
408 390066
408 390067
408 390072
408 390075
408 390077
408 390078
408 390079
408 390081
408 390083
408 390084
408 390093
408 390113
408 390142
408 390144
408 390148
408 390151
408 390152
408 390154
408 390155
408 390157
408 390162
408 390167
408 390168
408 390174
408 390181
408 390190
408 390191
408 390195
408 390197
408 390199
408 390201
408 390260
408 390261
408 390264
408 390265
408 390271
408 390275
408 390321
408 390323
408 390326
408 390327
408 390429
408 390431
408 390433
408 390436
408 390437
408 390439
408 390442
408 390445
408 390538
408 390648
408 390649
408 390882
408 390883
408 390892
408 391107
408 391109
408 391112
408 391114
408 391189
408 391190
408 391191
408 391192
408 391194
408 391195
408 391196
408 391211
408 392138
408 392309
408 392376
408 392390
408 392391
408 392392
408 393046
408 401427
408 401665
408 401666
408 401667
408 401992
408 401993
408 401994
408 402135
408 402317
408 403239
408 403253
408 403257
408 403273
408 403274
408 403277
408 403278
408 403282
408 403284
408 440153
408 441308
408 441608
408 441639
408 441669
408 441670
408 441911
408 441933
408 442184
408 442186
408 442191
408 442194
408 442361
408 4991
408 4992
408 4993
408 4994
408 4995
408 504189
408 504190
408 504191
408 56656
408 729759
408 79290
408 79295
408 79310
408 79317
408 7932
408 79324
408 79339
408 79345
408 79473
408 79501
408 79541
408 79544
408 81050
408 81061
408 81099
408 81127
408 81168
408 81282
408 81285
408 81300
408 81309
408 81318
408 81327
408 81328
408 81341
408 81392
408 81399
408 81442
408 81448
408 81466
408 81469
408 81470
408 81472
408 81696
408 81697
408 81797
408 8383
408 8386
408 8387
408 8388
408 8390
408 8392
408 8590
409 102723532
409 105369274
409 10798
409 119678
409 119679
409 119682
409 119687
409 119692
409 119694
409 119695
409 119749
409 119764
409 119765
409 119772
409 119774
409 120065
409 120066
409 120586
409 120775
409 120776
409 120787
409 120793
409 120796
409 121129
409 121130
409 121275
409 121364
409 122740
409 122742
409 122748
409 124538
409 125958
409 125962
409 125963
409 126370
409 126541
409 127059
409 127062
409 127064
409 127066
409 127068
409 127069
409 127074
409 127077
409 127385
409 127623
409 128360
409 128366
409 128367
409 128368
409 128371
409 128372
409 130075
409 134083
409 135924
409 135941
409 135946
409 135948
409 138799
409 138802
409 138803
409 138804
409 138805
409 138881
409 138882
409 138883
409 143496
409 143502
409 143503
409 144124
409 144125
409 150681
409 158131
409 162998
409 196335
409 219417
409 219428
409 219429
409 219431
409 219432
409 219436
409 219437
409 219438
409 219447
409 219453
409 219464
409 219469
409 219473
409 219477
409 219479
409 219482
409 219484
409 219487
409 219493
409 219858
409 219865
409 219869
409 219870
409 219873
409 219874
409 219875
409 219952
409 219954
409 219956
409 219957
409 219958
409 219959
409 219960
409 219965
409 219968
409 219981
409 219982
409 219983
409 219986
409 23538
409 254783
409 254786
409 254879
409 254973
409 255725
409 256144
409 256148
409 256892
409 26188
409 26189
409 26211
409 26212
409 26219
409 26245
409 26246
409 26248
409 26333
409 26338
409 26339
409 26341
409 26476
409 26492
409 26493
409 26494
409 26496
409 26529
409 26531
409 26532
409 26533
409 26534
409 26538
409 26539
409 26595
409 26648
409 26658
409 26659
409 26664
409 26682
409 26683
409 26686
409 26687
409 26689
409 26692
409 26693
409 26696
409 26707
409 26716
409 26735
409 26737
409 26740
409 282763
409 282770
409 282775
409 283092
409 283093
409 283111
409 283159
409 283160
409 283162
409 283189
409 283297
409 283365
409 283694
409 284383
409 284433
409 284521
409 284532
409 285659
409 286362
409 286365
409 338662
409 338674
409 338675
409 338751
409 338755
409 340980
409 341152
409 341276
409 341416
409 341418
409 341568
409 341799
409 343169
409 343171
409 343172
409 343173
409 343406
409 343563
409 346517
409 346525
409 346528
409 347168
409 347169
409 347468
409 387748
409 389090
409 390036
409 390037
409 390038
409 390054
409 390058
409 390059
409 390061
409 390063
409 390064
409 390066
409 390067
409 390072
409 390075
409 390077
409 390078
409 390079
409 390081
409 390083
409 390084
409 390093
409 390113
409 390142
409 390144
409 390148
409 390151
409 390152
409 390154
409 390155
409 390157
409 390162
409 390167
409 390168
409 390174
409 390181
409 390190
409 390191
409 390195
409 390197
409 390199
409 390201
409 390260
409 390261
409 390264
409 390265
409 390271
409 390275
409 390321
409 390323
409 390326
409 390327
409 390429
409 390431
409 390433
409 390436
409 390437
409 390439
409 390442
409 390445
409 390538
409 390648
409 390649
409 390882
409 390883
409 390892
409 391107
409 391109
409 391112
409 391114
409 391189
409 391190
409 391191
409 391192
409 391194
409 391195
409 391196
409 391211
409 392138
409 392309
409 392376
409 392390
409 392391
409 392392
409 393046
409 401427
409 401665
409 401666
409 401667
409 401992
409 401993
409 401994
409 402135
409 402317
409 403239
409 403253
409 403257
409 403273
409 403274
409 403277
409 403278
409 403282
409 403284
409 440153
409 441308
409 441608
409 441639
409 441669
409 441670
409 441911
409 441933
409 442184
409 442186
409 442191
409 442194
409 442361
409 4991
409 4992
409 4993
409 4994
409 4995
409 504189
409 504190
409 504191
409 56656
409 729759
409 79290
409 79295
409 79310
409 79317
409 7932
409 79324
409 79339
409 79345
409 79473
409 79501
409 79541
409 79544
409 81050
409 81061
409 81099
409 81127
409 81168
409 81282
409 81285
409 81300
409 81309
409 81318
409 81327
409 81328
409 81341
409 81392
409 81399
409 81442
409 81448
409 81466
409 81469
409 81470
409 81472
409 81696
409 81697
409 81797
409 8383
409 8386
409 8387
409 8388
409 8390
409 8392
409 8590
156 102723532
156 105369274
156 10798
156 119678
156 119679
156 119682
156 119687
156 119692
156 119694
156 119695
156 119749
156 119764
156 119765
156 119772
156 119774
156 120065
156 120066
156 120586
156 120775
156 120776
156 120787
156 120793
156 120796
156 121129
156 121130
156 121275
156 121364
156 122740
156 122742
156 122748
156 124538
156 125958
156 125962
156 125963
156 126370
156 126541
156 127059
156 127062
156 127064
156 127066
156 127068
156 127069
156 127074
156 127077
156 127385
156 127623
156 128360
156 128366
156 128367
156 128368
156 128371
156 128372
156 130075
156 134083
156 135924
156 135941
156 135946
156 135948
156 138799
156 138802
156 138803
156 138804
156 138805
156 138881
156 138882
156 138883
156 143496
156 143502
156 143503
156 144124
156 144125
156 150681
156 158131
156 162998
156 196335
156 219417
156 219428
156 219429
156 219431
156 219432
156 219436
156 219437
156 219438
156 219447
156 219453
156 219464
156 219469
156 219473
156 219477
156 219479
156 219482
156 219484
156 219487
156 219493
156 219858
156 219865
156 219869
156 219870
156 219873
156 219874
156 219875
156 219952
156 219954
156 219956
156 219957
156 219958
156 219959
156 219960
156 219965
156 219968
156 219981
156 219982
156 219983
156 219986
156 23538
156 254783
156 254786
156 254879
156 254973
156 255725
156 256144
156 256148
156 256892
156 26188
156 26189
156 26211
156 26212
156 26219
156 26245
156 26246
156 26248
156 26333
156 26338
156 26339
156 26341
156 26476
156 26492
156 26493
156 26494
156 26496
156 26529
156 26531
156 26532
156 26533
156 26534
156 26538
156 26539
156 26595
156 26648
156 26658
156 26659
156 26664
156 26682
156 26683
156 26686
156 26687
156 26689
156 26692
156 26693
156 26696
156 26707
156 26716
156 26735
156 26737
156 26740
156 282763
156 282770
156 282775
156 283092
156 283093
156 283111
156 283159
156 283160
156 283162
156 283189
156 283297
156 283365
156 283694
156 284383
156 284433
156 284521
156 284532
156 285659
156 286362
156 286365
156 338662
156 338674
156 338675
156 338751
156 338755
156 340980
156 341152
156 341276
156 341416
156 341418
156 341568
156 341799
156 343169
156 343171
156 343172
156 343173
156 343406
156 343563
156 346517
156 346525
156 346528
156 347168
156 347169
156 347468
156 387748
156 389090
156 390036
156 390037
156 390038
156 390054
156 390058
156 390059
156 390061
156 390063
156 390064
156 390066
156 390067
156 390072
156 390075
156 390077
156 390078
156 390079
156 390081
156 390083
156 390084
156 390093
156 390113
156 390142
156 390144
156 390148
156 390151
156 390152
156 390154
156 390155
156 390157
156 390162
156 390167
156 390168
156 390174
156 390181
156 390190
156 390191
156 390195
156 390197
156 390199
156 390201
156 390260
156 390261
156 390264
156 390265
156 390271
156 390275
156 390321
156 390323
156 390326
156 390327
156 390429
156 390431
156 390433
156 390436
156 390437
156 390439
156 390442
156 390445
156 390538
156 390648
156 390649
156 390882
156 390883
156 390892
156 391107
156 391109
156 391112
156 391114
156 391189
156 391190
156 391191
156 391192
156 391194
156 391195
156 391196
156 391211
156 392138
156 392309
156 392376
156 392390
156 392391
156 392392
156 393046
156 401427
156 401665
156 401666
156 401667
156 401992
156 401993
156 401994
156 402135
156 402317
156 403239
156 403253
156 403257
156 403273
156 403274
156 403277
156 403278
156 403282
156 403284
156 440153
156 441308
156 441608
156 441639
156 441669
156 441670
156 441911
156 441933
156 442184
156 442186
156 442191
156 442194
156 442361
156 4991
156 4992
156 4993
156 4994
156 4995
156 504189
156 504190
156 504191
156 56656
156 729759
156 79290
156 79295
156 79310
156 79317
156 7932
156 79324
156 79339
156 79345
156 79473
156 79501
156 79541
156 79544
156 81050
156 81061
156 81099
156 81127
156 81168
156 81282
156 81285
156 81300
156 81309
156 81318
156 81327
156 81328
156 81341
156 81392
156 81399
156 81442
156 81448
156 81466
156 81469
156 81470
156 81472
156 81696
156 81697
156 81797
156 8383
156 8386
156 8387
156 8388
156 8390
156 8392
156 8590
157 102723532
157 105369274
157 10798
157 119678
157 119679
157 119682
157 119687
157 119692
157 119694
157 119695
157 119749
157 119764
157 119765
157 119772
157 119774
157 120065
157 120066
157 120586
157 120775
157 120776
157 120787
157 120793
157 120796
157 121129
157 121130
157 121275
157 121364
157 122740
157 122742
157 122748
157 124538
157 125958
157 125962
157 125963
157 126370
157 126541
157 127059
157 127062
157 127064
157 127066
157 127068
157 127069
157 127074
157 127077
157 127385
157 127623
157 128360
157 128366
157 128367
157 128368
157 128371
157 128372
157 130075
157 134083
157 135924
157 135941
157 135946
157 135948
157 138799
157 138802
157 138803
157 138804
157 138805
157 138881
157 138882
157 138883
157 143496
157 143502
157 143503
157 144124
157 144125
157 150681
157 158131
157 162998
157 196335
157 219417
157 219428
157 219429
157 219431
157 219432
157 219436
157 219437
157 219438
157 219447
157 219453
157 219464
157 219469
157 219473
157 219477
157 219479
157 219482
157 219484
157 219487
157 219493
157 219858
157 219865
157 219869
157 219870
157 219873
157 219874
157 219875
157 219952
157 219954
157 219956
157 219957
157 219958
157 219959
157 219960
157 219965
157 219968
157 219981
157 219982
157 219983
157 219986
157 23538
157 254783
157 254786
157 254879
157 254973
157 255725
157 256144
157 256148
157 256892
157 26188
157 26189
157 26211
157 26212
157 26219
157 26245
157 26246
157 26248
157 26333
157 26338
157 26339
157 26341
157 26476
157 26492
157 26493
157 26494
157 26496
157 26529
157 26531
157 26532
157 26533
157 26534
157 26538
157 26539
157 26595
157 26648
157 26658
157 26659
157 26664
157 26682
157 26683
157 26686
157 26687
157 26689
157 26692
157 26693
157 26696
157 26707
157 26716
157 26735
157 26737
157 26740
157 282763
157 282770
157 282775
157 283092
157 283093
157 283111
157 283159
157 283160
157 283162
157 283189
157 283297
157 283365
157 283694
157 284383
157 284433
157 284521
157 284532
157 285659
157 286362
157 286365
157 338662
157 338674
157 338675
157 338751
157 338755
157 340980
157 341152
157 341276
157 341416
157 341418
157 341568
157 341799
157 343169
157 343171
157 343172
157 343173
157 343406
157 343563
157 346517
157 346525
157 346528
157 347168
157 347169
157 347468
157 387748
157 389090
157 390036
157 390037
157 390038
157 390054
157 390058
157 390059
157 390061
157 390063
157 390064
157 390066
157 390067
157 390072
157 390075
157 390077
157 390078
157 390079
157 390081
157 390083
157 390084
157 390093
157 390113
157 390142
157 390144
157 390148
157 390151
157 390152
157 390154
157 390155
157 390157
157 390162
157 390167
157 390168
157 390174
157 390181
157 390190
157 390191
157 390195
157 390197
157 390199
157 390201
157 390260
157 390261
157 390264
157 390265
157 390271
157 390275
157 390321
157 390323
157 390326
157 390327
157 390429
157 390431
157 390433
157 390436
157 390437
157 390439
157 390442
157 390445
157 390538
157 390648
157 390649
157 390882
157 390883
157 390892
157 391107
157 391109
157 391112
157 391114
157 391189
157 391190
157 391191
157 391192
157 391194
157 391195
157 391196
157 391211
157 392138
157 392309
157 392376
157 392390
157 392391
157 392392
157 393046
157 401427
157 401665
157 401666
157 401667
157 401992
157 401993
157 401994
157 402135
157 402317
157 403239
157 403253
157 403257
157 403273
157 403274
157 403277
157 403278
157 403282
157 403284
157 440153
157 441308
157 441608
157 441639
157 441669
157 441670
157 441911
157 441933
157 442184
157 442186
157 442191
157 442194
157 442361
157 4991
157 4992
157 4993
157 4994
157 4995
157 504189
157 504190
157 504191
157 56656
157 729759
157 79290
157 79295
157 79310
157 79317
157 7932
157 79324
157 79339
157 79345
157 79473
157 79501
157 79541
157 79544
157 81050
157 81061
157 81099
157 81127
157 81168
157 81282
157 81285
157 81300
157 81309
157 81318
157 81327
157 81328
157 81341
157 81392
157 81399
157 81442
157 81448
157 81466
157 81469
157 81470
157 81472
157 81696
157 81697
157 81797
157 8383
157 8386
157 8387
157 8388
157 8390
157 8392
157 8590
83988 3000
5997 109
