2308 6648
2308 847
2308 9474
2309 6648
2309 847
2309 9474
2475 6198
2475 6199
2475 1978
2475 8408
2475 9821
2475 9776
2475 60673
57521 6198
57521 6199
57521 1978
57521 8408
57521 9821
57521 9776
57521 60673
84335 6198
84335 6199
84335 1978
84335 8408
84335 9821
84335 9776
84335 60673
10000 107
10000 108
10000 109
10000 111
10000 112
10000 113
10000 114
10000 115
10000 196883
10000 2475
10000 57521
10000 84335
10000 2308
10000 2309
10000 7249
10000 7248
207 107
207 108
207 109
207 111
207 112
207 113
207 114
207 115
207 196883
207 2475
207 57521
207 84335
207 2308
207 2309
207 7249
207 7248
208 107
208 108
208 109
208 111
208 112
208 113
208 114
208 115
208 196883
208 2475
208 57521
208 84335
208 2308
208 2309
208 7249
208 7248
3479 3480
3480 3265
3480 3845
3480 4893
3667 5290
3667 5291
3667 5293
3667 5295
3667 5296
3667 8503
8471 5290
8471 5291
8471 5293
8471 5295
8471 5296
8471 8503
8660 5290
8660 5291
8660 5293
8660 5295
8660 5296
8660 8503
3265 5290
3265 5291
3265 5293
3265 5295
3265 5296
3265 8503
3845 5290
3845 5291
3845 5293
3845 5295
3845 5296
3845 8503
4893 5290
4893 5291
4893 5293
4893 5295
4893 5296
4893 8503
5566 2308
5566 2309
5566 10919
5566 79813
5567 2308
5567 2309
5567 10919
5567 79813
5568 2308
5568 2309
5568 10919
5568 79813
51422 2475
51422 57521
51422 84335
51422 2308
51422 2309
51422 7249
51422 7248
53632 2475
53632 57521
53632 84335
53632 2308
53632 2309
53632 7249
53632 7248
5562 2475
5562 57521
5562 84335
5562 2308
5562 2309
5562 7249
5562 7248
5563 2475
5563 57521
5563 84335
5563 2308
5563 2309
5563 7249
5563 7248
5564 2475
5564 57521
5564 84335
5564 2308
5564 2309
5564 7249
5564 7248
5565 2475
5565 57521
5565 84335
5565 2308
5565 2309
5565 7249
5565 7248
5571 2475
5571 57521
5571 84335
5571 2308
5571 2309
5571 7249
5571 7248
3630 3643
3643 3667
3643 8471
3643 8660
7249 6009
7248 6009
6009 2475
6009 57521
6009 84335
1978 1977
1978 253314
1978 9470
6794 51422
6794 53632
6794 5562
6794 5563
6794 5564
6794 5565
6794 5571
7157 143686
7157 27244
7157 83667
143686 51422
143686 53632
143686 5562
143686 5563
143686 5564
143686 5565
143686 5571
27244 51422
27244 53632
27244 5562
27244 5563
27244 5564
27244 5565
27244 5571
83667 51422
83667 53632
83667 5562
83667 5563
83667 5564
83667 5565
83667 5571
9370 51094
9370 79602
51094 26060
79602 26060
23411 10891
23411 581
23411 7157
23411 4790
23411 5970
23411 5468
23411 2308
23411 2309
9365 3643
9365 3667
9365 8471
9365 8660
9365 3480
10645 51422
10645 53632
10645 5562
10645 5563
10645 5564
10645 5565
10645 5571
10645 814
814 10891
