5029 2776
623 2776
624 2776
3356 2776
3357 2776
3358 2776
3269 2776
5732 2778
5734 2778
7442 7442
3554 5606
3554 5608
3556 5606
3556 5608
4914 5335
4914 5336
4914 5290
4914 5291
4914 5293
4914 5295
4914 5296
4914 8503
3553 3554
3553 3556
4803 4914
2776 100137049
2776 123745
2776 255189
2776 283748
2776 5321
2776 8398
2776 8605
2776 8681
2776 23236
2776 5330
2776 5331
2776 5332
2778 107
2778 108
2778 109
2778 111
2778 112
2778 113
2778 114
2778 115
2778 196883
5581 5499
5581 5500
5581 5501
5581 7442
5581 8989
5581 59341
5566 7442
5566 59341
5566 79054
5567 7442
5567 59341
5567 79054
5568 7442
5568 59341
5568 79054
815 7442
816 7442
817 7442
818 7442
1432 7442
5599 7442
5600 7442
5601 7442
5602 7442
5603 7442
6300 7442
5290 5580
5291 5580
5293 5580
5295 5580
5296 5580
8503 5580
5580 59341
5580 6714
6714 7442
5499 79054
5500 79054
5501 79054
3479 51393
2150 2776
5578 59341
5579 59341
5582 59341
5583 59341
5588 59341
163688 815
163688 816
163688 817
163688 818
51806 815
51806 816
51806 817
51806 818
801 815
801 816
801 817
801 818
805 815
805 816
805 817
805 818
808 815
808 816
808 817
808 818
810 815
810 816
810 817
810 818
91860 815
91860 816
91860 817
91860 818
5606 1432
5606 5599
5606 5600
5606 5601
5606 5602
5606 5603
5606 6300
5608 1432
5608 5599
5608 5600
5608 5601
5608 5602
5608 5603
5608 6300
