2776 3265
2776 3845
2776 4893
2776 23236
2776 5330
2776 5331
2776 5332
2776 3759
2776 3761
2776 3768
2776 3770
340156 10398
340156 140465
340156 4637
4638 10398
4638 140465
4638 4637
85366 10398
85366 140465
85366 4637
91807 10398
91807 140465
91807 4637
163688 5530
163688 5532
163688 5533
163688 5534
163688 5535
163688 10645
163688 57118
163688 57172
163688 814
163688 815
163688 816
163688 817
163688 818
163688 8536
163688 340156
163688 4638
163688 85366
163688 91807
51806 5530
51806 5532
51806 5533
51806 5534
51806 5535
51806 10645
51806 57118
51806 57172
51806 814
51806 815
51806 816
51806 817
51806 818
51806 8536
51806 340156
51806 4638
51806 85366
51806 91807
801 5530
801 5532
801 5533
801 5534
801 5535
801 10645
801 57118
801 57172
801 814
801 815
801 816
801 817
801 818
801 8536
801 340156
801 4638
801 85366
801 91807
805 5530
805 5532
805 5533
805 5534
805 5535
805 10645
805 57118
805 57172
805 814
805 815
805 816
805 817
805 818
805 8536
805 340156
805 4638
805 85366
805 91807
808 5530
808 5532
808 5533
808 5534
808 5535
808 10645
808 57118
808 57172
808 814
808 815
808 816
808 817
808 818
808 8536
808 340156
808 4638
808 85366
808 91807
810 5530
810 5532
810 5533
810 5534
810 5535
810 10645
810 57118
810 57172
810 814
810 815
810 816
810 817
810 818
810 8536
810 340156
810 4638
810 85366
810 91807
91860 5530
91860 5532
91860 5533
91860 5534
91860 5535
91860 10645
91860 57118
91860 57172
91860 814
91860 815
91860 816
91860 817
91860 818
91860 8536
91860 340156
91860 4638
91860 85366
91860 91807
2778 107
2778 108
2778 109
2778 111
2778 112
2778 113
2778 114
2778 115
2778 196883
5021 2776
5021 2778
5021 2770
5021 2771
5021 2773
5021 2775
5021 10368
5021 10369
5021 27091
5021 27092
5021 55799
5021 59283
5021 59284
5021 59285
5021 775
5021 776
5021 778
5021 779
5021 781
5021 782
5021 783
5021 784
5021 785
5021 786
5021 9254
5021 93589
5021 387
5020 5021
23236 1956
5330 1956
5331 1956
5332 1956
5578 952
5578 5894
5578 29904
5579 952
5579 5894
5579 29904
5582 952
5582 5894
5582 29904
3265 5894
3845 5894
4893 5894
5894 5604
5894 5605
5604 5594
5604 5595
5605 5594
5605 5595
5594 100137049
5594 123745
5594 255189
5594 283748
5594 5321
5594 8605
5594 8681
5594 5743
5594 4208
5594 3725
5594 595
5594 2353
5594 2002
5594 1026
5595 100137049
5595 123745
5595 255189
5595 283748
5595 5321
5595 8605
5595 8681
5595 5743
5595 4208
5595 3725
5595 595
5595 2353
5595 2002
5595 1026
29904 1938
57118 4846
57172 4846
814 4846
815 4846
816 4846
817 4846
818 4846
8536 4846
60 10398
60 140465
60 4637
71 10398
71 140465
71 4637
387 6093
387 9475
6093 4659
6093 4660
6093 54776
6093 5499
6093 5500
6093 5501
9475 4659
9475 4660
9475 54776
9475 5499
9475 5500
9475 5501
4659 10398
4659 140465
4659 4637
4660 10398
4660 140465
4660 4637
54776 10398
54776 140465
54776 4637
5499 10398
5499 140465
5499 4637
5500 10398
5500 140465
5500 4637
5501 10398
5501 140465
5501 4637
10645 51422
10645 53632
10645 5562
10645 5563
10645 5564
10645 5565
10645 5571
5607 5598
5598 5743
5598 4208
5598 3725
5598 595
5598 2353
5598 2002
5530 4772
5530 4773
5530 4775
5530 4776
5532 4772
5532 4773
5532 4775
5532 4776
5533 4772
5533 4773
5533 4775
5533 4776
5534 4772
5534 4773
5534 4775
5534 4776
5535 4772
5535 4773
5535 4775
5535 4776
4772 5743
4772 5997
4772 1827
4773 5743
4773 5997
4773 1827
4775 5743
4775 5997
4775 1827
4776 5743
4776 5997
4776 1827
2770 3760
2770 3762
2770 3763
2770 3765
2770 107
2770 108
2770 109
2770 111
2770 112
2770 113
2770 114
2770 115
2770 196883
2770 23236
2770 5330
2770 5331
2770 5332
2770 146850
2770 23533
2770 5294
2770 6714
2771 3760
2771 3762
2771 3763
2771 3765
2771 107
2771 108
2771 109
2771 111
2771 112
2771 113
2771 114
2771 115
2771 196883
2771 23236
2771 5330
2771 5331
2771 5332
2771 146850
2771 23533
2771 5294
2771 6714
2773 3760
2773 3762
2773 3763
2773 3765
2773 107
2773 108
2773 109
2773 111
2773 112
2773 113
2773 114
2773 115
2773 196883
2773 23236
2773 5330
2773 5331
2773 5332
2773 146850
2773 23533
2773 5294
2773 6714
2775 3760
2775 3762
2775 3763
2775 3765
2775 107
2775 108
2775 109
2775 111
2775 112
2775 113
2775 114
2775 115
2775 196883
2775 23236
2775 5330
2775 5331
2775 5332
2775 146850
2775 23533
2775 5294
2775 6714
146850 1956
23533 1956
5294 1956
6714 1956
1956 5594
1956 5595
