1136 3717
1137 3717
1139 3717
1141 3717
1143 3717
8973 3717
1128 2767
1128 2776
1129 10681
1129 2770
1129 2771
1129 2773
1129 2775
1129 2782
1129 2783
1129 2784
1129 2785
1129 2786
1129 2787
1129 2788
1129 2790
1129 2791
1129 2792
1129 2793
1129 51764
1129 54331
1129 55970
1129 59345
1129 94235
1132 10681
1132 2770
1132 2771
1132 2773
1132 2775
1132 2782
1132 2783
1132 2784
1132 2785
1132 2786
1132 2787
1132 2788
1132 2790
1132 2791
1132 2792
1132 2793
1132 51764
1132 54331
1132 55970
1132 59345
1132 94235
5566 107
5566 108
5566 109
5566 111
5566 112
5566 113
5566 114
5566 115
5566 196883
5566 5594
5566 5595
5567 107
5567 108
5567 109
5567 111
5567 112
5567 113
5567 114
5567 115
5567 196883
5567 5594
5567 5595
5568 107
5568 108
5568 109
5568 111
5568 112
5568 113
5568 114
5568 115
5568 196883
5568 5594
5568 5595
2767 23236
2767 5330
2767 5331
2767 5332
2776 23236
2776 5330
2776 5331
2776 5332
10681 3760
10681 3763
10681 146850
10681 23533
10681 5294
10681 773
10681 774
10681 107
10681 108
10681 109
10681 111
10681 112
10681 113
10681 114
10681 115
10681 196883
2770 3760
2770 3763
2770 146850
2770 23533
2770 5294
2770 773
2770 774
2770 107
2770 108
2770 109
2770 111
2770 112
2770 113
2770 114
2770 115
2770 196883
2771 3760
2771 3763
2771 146850
2771 23533
2771 5294
2771 773
2771 774
2771 107
2771 108
2771 109
2771 111
2771 112
2771 113
2771 114
2771 115
2771 196883
2773 3760
2773 3763
2773 146850
2773 23533
2773 5294
2773 773
2773 774
2773 107
2773 108
2773 109
2773 111
2773 112
2773 113
2773 114
2773 115
2773 196883
2775 3760
2775 3763
2775 146850
2775 23533
2775 5294
2775 773
2775 774
2775 107
2775 108
2775 109
2775 111
2775 112
2775 113
2775 114
2775 115
2775 196883
2782 3760
2782 3763
2782 146850
2782 23533
2782 5294
2782 773
2782 774
2782 107
2782 108
2782 109
2782 111
2782 112
2782 113
2782 114
2782 115
2782 196883
2783 3760
2783 3763
2783 146850
2783 23533
2783 5294
2783 773
2783 774
2783 107
2783 108
2783 109
2783 111
2783 112
2783 113
2783 114
2783 115
2783 196883
2784 3760
2784 3763
2784 146850
2784 23533
2784 5294
2784 773
2784 774
2784 107
2784 108
2784 109
2784 111
2784 112
2784 113
2784 114
2784 115
2784 196883
2785 3760
2785 3763
2785 146850
2785 23533
2785 5294
2785 773
2785 774
2785 107
2785 108
2785 109
2785 111
2785 112
2785 113
2785 114
2785 115
2785 196883
2786 3760
2786 3763
2786 146850
2786 23533
2786 5294
2786 773
2786 774
2786 107
2786 108
2786 109
2786 111
2786 112
2786 113
2786 114
2786 115
2786 196883
2787 3760
2787 3763
2787 146850
2787 23533
2787 5294
2787 773
2787 774
2787 107
2787 108
2787 109
2787 111
2787 112
2787 113
2787 114
2787 115
2787 196883
2788 3760
2788 3763
2788 146850
2788 23533
2788 5294
2788 773
2788 774
2788 107
2788 108
2788 109
2788 111
2788 112
2788 113
2788 114
2788 115
2788 196883
2790 3760
2790 3763
2790 146850
2790 23533
2790 5294
2790 773
2790 774
2790 107
2790 108
2790 109
2790 111
2790 112
2790 113
2790 114
2790 115
2790 196883
2791 3760
2791 3763
2791 146850
2791 23533
2791 5294
2791 773
2791 774
2791 107
2791 108
2791 109
2791 111
2791 112
2791 113
2791 114
2791 115
2791 196883
2792 3760
2792 3763
2792 146850
2792 23533
2792 5294
2792 773
2792 774
2792 107
2792 108
2792 109
2792 111
2792 112
2792 113
2792 114
2792 115
2792 196883
2793 3760
2793 3763
2793 146850
2793 23533
2793 5294
2793 773
2793 774
2793 107
2793 108
2793 109
2793 111
2793 112
2793 113
2793 114
2793 115
2793 196883
51764 3760
51764 3763
51764 146850
51764 23533
51764 5294
51764 773
51764 774
51764 107
51764 108
51764 109
51764 111
51764 112
51764 113
51764 114
51764 115
51764 196883
54331 3760
54331 3763
54331 146850
54331 23533
54331 5294
54331 773
54331 774
54331 107
54331 108
54331 109
54331 111
54331 112
54331 113
54331 114
54331 115
54331 196883
55970 3760
55970 3763
55970 146850
55970 23533
55970 5294
55970 773
55970 774
55970 107
55970 108
55970 109
55970 111
55970 112
55970 113
55970 114
55970 115
55970 196883
59345 3760
59345 3763
59345 146850
59345 23533
59345 5294
59345 773
59345 774
59345 107
59345 108
59345 109
59345 111
59345 112
59345 113
59345 114
59345 115
59345 196883
94235 3760
94235 3763
94235 146850
94235 23533
94235 5294
94235 773
94235 774
94235 107
94235 108
94235 109
94235 111
94235 112
94235 113
94235 114
94235 115
94235 196883
1133 2767
1133 2776
1131 2767
1131 2776
5594 2353
5594 10488
5594 1385
5594 148327
5594 468
5594 64764
5594 84699
5594 90993
5594 9586
5595 2353
5595 10488
5595 1385
5595 148327
5595 468
5595 64764
5595 84699
5595 90993
5595 9586
814 5594
814 5595
815 5594
815 5595
816 5594
816 5595
817 5594
817 5595
818 5594
818 5595
5290 10000
5290 207
5290 208
5291 10000
5291 207
5291 208
5293 10000
5293 207
5293 208
5295 10000
5295 207
5295 208
5296 10000
5296 207
5296 208
8503 10000
8503 207
8503 208
10000 596
207 596
208 596
146850 3265
146850 3845
146850 4893
23533 3265
23533 3845
23533 4893
5294 3265
5294 3845
5294 4893
3265 5604
3845 5604
4893 5604
5604 5594
5604 5595
3717 5290
3717 5291
3717 5293
3717 5295
3717 5296
3717 8503
2534 5290
2534 5291
2534 5293
2534 5295
2534 5296
2534 8503
