57521 2475
57521 9706
57521 9776
57521 60673
57521 3476
2475 64223
2475 9706
2475 9776
2475 60673
2475 3476
64223 9706
64223 9776
64223 60673
64223 3476
9706 9776
9776 60673
3476 5515
3476 5516
5515 9706
5515 9776
5515 60673
5516 9706
5516 9776
5516 60673
64422 11337
64422 11345
64422 23710
115201 11337
115201 11345
115201 23710
23192 11337
23192 11345
23192 23710
84938 11337
84938 11345
84938 23710
84971 11337
84971 11345
84971 23710
55054 9140
55054 9474
55054 11337
55054 11345
55054 23710
55054 64422
9140 11337
9140 11345
9140 23710
9140 64422
83734 9140
10533 9140
10533 11337
10533 11345
10533 23710
9474 9140
9474 11337
9474 11345
9474 23710
9474 64422
