231 6652
57016 6652
6652 3795
6652 3098
6652 3099
6652 3101
6652 80201
3795 3098
3795 3099
3795 3101
3795 80201
3795 226
3795 229
3795 230
3098 5207
3098 5208
3098 5209
3098 5210
3098 57103
3098 5211
3098 5213
3098 5214
3098 2203
3098 8789
3098 4351
3098 5372
3098 5373
3099 5207
3099 5208
3099 5209
3099 5210
3099 57103
3099 5211
3099 5213
3099 5214
3099 2203
3099 8789
3099 4351
3099 5372
3099 5373
3101 5207
3101 5208
3101 5209
3101 5210
3101 57103
3101 5211
3101 5213
3101 5214
3101 2203
3101 8789
3101 4351
3101 5372
3101 5373
80201 5207
80201 5208
80201 5209
80201 5210
80201 57103
80201 5211
80201 5213
80201 5214
80201 2203
80201 8789
80201 4351
80201 5372
80201 5373
5207 5211
5207 5213
5207 5214
5207 2203
5207 8789
5207 4351
5208 5211
5208 5213
5208 5214
5208 2203
5208 8789
5208 4351
5209 5211
5209 5213
5209 5214
5209 2203
5209 8789
5209 4351
5210 5211
5210 5213
5210 5214
5210 2203
5210 8789
5210 4351
57103 5211
57103 5213
57103 5214
57103 2203
57103 8789
57103 4351
4351 5211
4351 5213
4351 5214
4351 2203
4351 8789
4351 5372
4351 5373
5372 29925
5372 29926
5373 29925
5373 29926
8790 7264
8790 197258
7264 2762
2762 29925
2762 29926
5211 226
5211 229
5211 230
5213 226
5213 229
5213 230
5214 226
5214 229
5214 230
7167 226
7167 229
7167 230
7167 26007
226 2203
226 8789
226 26007
229 2203
229 8789
229 26007
230 2203
230 8789
230 26007
26007 226
26007 229
26007 230
