23385 4851
23385 4853
23385 4854
23385 4855
51107 4851
51107 4853
51107 4854
51107 4855
83464 4851
83464 4853
83464 4854
83464 4855
5663 4851
5663 4853
5663 4854
5663 4855
5664 4851
5664 4853
5664 4854
5664 4855
3065 11317
3065 3516
3066 11317
3066 3516
9541 11317
9541 3516
1487 11317
1487 3516
1488 11317
1488 3516
9612 11317
9612 3516
11317 3280
11317 388585
11317 171558
11317 22938
3516 3280
3516 388585
3516 171558
3516 22938
1387 11317
1387 3516
2033 11317
2033 3516
2648 11317
2648 3516
8850 11317
8850 3516
55534 11317
55534 3516
84441 11317
84441 3516
9794 11317
9794 3516
6868 4851
6868 4853
6868 4854
6868 4855
55851 4851
55851 4853
55851 4854
55851 4855
8650 4851
8650 4853
8650 4854
8650 4855
9253 4851
9253 4853
9253 4854
9253 4855
182 4851
182 4853
182 4854
182 4855
3714 4851
3714 4853
3714 4854
3714 4855
4851 113878
4851 151636
4851 1840
4851 196403
4851 23220
4851 11317
4851 3516
4853 113878
4853 151636
4853 1840
4853 196403
4853 23220
4853 11317
4853 3516
4854 113878
4854 151636
4854 1840
4854 196403
4854 23220
4854 11317
4854 3516
4855 113878
4855 151636
4855 1840
4855 196403
4855 23220
4855 11317
4855 3516
1855 4851
1855 4853
1855 4854
1855 4855
1856 4851
1856 4853
1856 4854
1856 4855
1857 4851
1857 4853
1857 4854
1857 4855
3955 4851
3955 4853
3955 4854
3955 4855
4242 4851
4242 4853
4242 4854
4242 4855
5986 4851
5986 4853
5986 4854
5986 4855
10683 4851
10683 4853
10683 4854
10683 4855
28514 4851
28514 4853
28514 4854
28514 4855
54567 4851
54567 4853
54567 4854
54567 4855
