3458 3459
3458 3460
4790 4792
4790 4793
4790 4794
4790 30009
4790 3458
4790 3594
4790 3595
4790 2625
4790 3559
4790 3566
4790 3565
4790 3558
4790 3567
4790 3596
5970 4792
5970 4793
5970 4794
5970 30009
5970 3458
5970 3594
5970 3595
5970 2625
5970 3559
5970 3566
5970 3565
5970 3558
5970 3567
5970 3596
1147 4792
1147 4793
1147 4794
3551 4792
3551 4793
3551 4794
8517 4792
8517 4793
8517 4794
5588 1147
5588 3551
5588 8517
4772 30009
4772 3458
4772 3594
4772 3595
4772 2625
4772 3559
4772 3566
4772 3565
4772 3558
4772 3567
4772 3596
4773 30009
4773 3458
4773 3594
4773 3595
4773 2625
4773 3559
4773 3566
4773 3565
4773 3558
4773 3567
4773 3596
4775 30009
4775 3458
4775 3594
4775 3595
4775 2625
4775 3559
4775 3566
4775 3565
4775 3558
4775 3567
4775 3596
5530 4772
5530 4773
5530 4775
5532 4772
5532 4773
5532 4775
5533 4772
5533 4773
5533 4775
5534 4772
5534 4773
5534 4775
5535 4772
5535 4773
5535 4775
7535 27040
919 7535
5594 2353
5595 2353
1432 3725
5600 3725
5603 3725
6300 3725
5599 3725
5601 3725
5602 3725
3725 30009
3725 3458
3725 3594
3725 3595
3725 2625
3725 3559
3725 3566
3725 3565
3725 3558
3725 3567
3725 3596
27040 5335
2353 30009
2353 3458
2353 3594
2353 3595
2353 2625
2353 3559
2353 3566
2353 3565
2353 3558
2353 3567
2353 3596
920 3932
3932 7535
3459 6772
3459 3716
3459 3717
3460 6772
3460 3716
3460 3717
6772 30009
6772 3458
6772 3594
6772 3595
3592 3594
3592 3595
3593 3594
3593 3595
3594 6775
3594 3717
3594 7297
3595 6775
3595 3717
3595 7297
6775 30009
6775 3458
6775 3594
6775 3595
3565 3566
3566 6778
3566 3716
3566 3718
6778 2625
6778 3559
6778 3566
6778 3565
6778 3558
2625 2625
2625 3559
2625 3566
2625 3565
2625 3558
2625 3567
2625 3596
2625 4094
2625 30009
2625 3594
2625 3595
30009 3458
30009 3594
30009 3595
30009 2625
30009 3565
30009 864
3558 3559
3558 3560
3558 3561
3559 6776
3559 6777
3559 3716
3559 3718
3560 6776
3560 6777
3560 3716
3560 3718
3561 6776
3561 6777
3561 3716
3561 3718
6776 2625
6776 3559
6776 3566
6776 3565
6776 3558
6777 2625
6777 3559
6777 3566
6777 3565
6777 3558
4094 3559
4094 3566
4094 3565
182 4851
182 4853
3714 4851
3714 4853
4851 55534
4851 84441
4851 9794
4851 11317
4851 3516
4853 55534
4853 84441
4853 9794
4853 11317
4853 3516
55534 30009
55534 2625
55534 3565
84441 30009
84441 2625
84441 3565
9794 30009
9794 2625
9794 3565
11317 30009
11317 2625
11317 3565
3516 30009
3516 2625
3516 3565
10683 4854
28514 4854
54567 4854
4854 55534
4854 84441
4854 9794
4854 11317
4854 3516
4854 4790
4854 5970
3108 919
3109 919
3111 919
3112 919
3113 919
3115 919
3117 919
3118 919
3119 919
3122 919
3123 919
3125 919
3126 919
3127 919
