2912 2770
2912 2771
2912 2773
2913 2770
2913 2771
2913 2773
1813 2770
1813 2771
1813 2773
1812 2778
2778 111
5566 10488
5566 1385
5566 1386
5566 1388
5566 148327
5566 468
5566 64764
5566 84699
5566 90993
5566 9586
5567 10488
5567 1385
5567 1386
5567 1388
5567 148327
5567 468
5567 64764
5567 84699
5567 90993
5567 9586
5568 10488
5568 1385
5568 1386
5568 1388
5568 148327
5568 468
5568 64764
5568 84699
5568 90993
5568 9586
2770 111
2771 111
2773 111
26086 2770
26086 2771
26086 2773
8787 2770
8787 2771
8787 2773
3725 2891
3725 4790
3725 5970
3725 1020
2354 2891
2354 4790
2354 5970
2354 1020
1020 1742
1020 84152
10488 5173
10488 627
1385 5173
1385 627
1386 5173
1386 627
1388 5173
1388 627
148327 5173
148327 627
468 5173
468 627
64764 5173
64764 627
84699 5173
84699 627
90993 5173
90993 627
9586 5173
9586 627
84152 5566
84152 5567
84152 5568
116443 1742
116444 1742
2902 1742
2903 1742
2904 1742
2905 1742
2906 1742
8851 1020
