406 5187
406 8863
406 8864
406 1407
406 1408
406 79365
406 8553
406 9572
406 6095
406 6096
406 6097
4862 5187
4862 8863
4862 8864
4862 1407
4862 1408
4862 79365
4862 8553
4862 9572
4862 6095
4862 6096
4862 6097
9575 5187
9575 8863
9575 8864
9575 1407
9575 1408
9575 79365
9575 8553
9575 9572
9575 6095
9575 6096
9575 6097
9572 406
8864 406
8864 4862
8864 9575
1407 406
1407 4862
1407 9575
1408 406
1408 4862
1408 9575
102800317 5187
102800317 8863
102800317 8864
102800317 406
102800317 4862
102800317 9575
1453 5187
1453 8863
1453 8864
1453 406
1453 4862
1453 9575
1454 5187
1454 8863
1454 8864
1454 406
1454 4862
1454 9575
6500 5187
6500 8863
6500 8864
8454 5187
8454 8863
8454 8864
9978 5187
9978 8863
9978 8864
23291 5187
23291 8863
23291 8864
8945 5187
8945 8863
8945 8864
26224 1407
26224 1408
51422 1407
51422 1408
53632 1407
53632 1408
5562 1407
5562 1408
5563 1407
5563 1408
5564 1407
5564 1408
5565 1407
5565 1408
5571 1407
5571 1408
1385 5187
1385 8863
1385 8864
