64581 6850
64581 4046
93978 2207
26253 2207
26253 338339
338339 2207
2207 338339
2207 6850
10332 4046
30835 4046
4046 23365
4046 9641
4046 1540
4046 22800
4046 22808
4046 3265
4046 3845
4046 4893
4046 6237
4046 6714
6714 5894
4790 5970
4790 3553
4790 7124
4790 3569
4790 3592
4790 3593
4790 3586
4790 51561
4790 6361
4790 6367
5894 8844
5894 1263
5894 5970
5058 5894
22800 5894
22808 5894
3265 5894
3845 5894
4893 5894
6237 5894
5970 4790
5970 5971
5970 3592
5970 3593
5970 3553
5970 7124
5970 3569
5970 3586
5970 51561
6850 5336
6850 64170
6850 5781
6850 9020
8517 1147
8517 3551
8517 4792
1147 4791
1147 4792
3551 4792
114548 29108
114548 834
29108 834
841 29108
23365 22800
23365 22808
23365 3265
23365 3845
23365 4893
23365 6237
23365 387
387 5058
1540 602
9641 6772
9641 1540
6772 6773
6772 53342
6773 53342
10379 6772
10379 53342
602 4790
602 3586
602 6361
602 6367
602 3569
602 3592
602 3593
602 51561
9261 4046
4792 4790
4792 5970
64170 8915
64170 8517
64170 1147
64170 3551
64170 1432
64170 5600
64170 5603
64170 6300
64170 5599
64170 5601
64170 5602
64170 5594
64170 5595
64170 841
64170 5290
64170 5291
64170 5293
64170 5295
64170 5296
64170 8503
8915 10892
8915 8517
8915 1147
8915 3551
8915 1432
8915 5600
8915 5603
8915 6300
8915 5599
8915 5601
8915 5602
8915 5594
8915 5595
8915 841
8915 5290
8915 5291
8915 5293
8915 5295
8915 5296
8915 8503
10892 8517
10892 1147
10892 3551
10892 1432
10892 5600
10892 5603
10892 6300
10892 5599
10892 5601
10892 5602
10892 5594
10892 5595
10892 841
10892 5290
10892 5291
10892 5293
10892 5295
10892 5296
10892 8503
5580 5594
5580 5595
5580 64170
5594 3725
5595 3725
4772 3558
4772 3586
4772 1959
4772 1960
4772 5743
4772 53342
4773 3558
4773 3586
4773 1959
4773 1960
4773 5743
4773 53342
4775 3558
4775 3586
4775 1959
4775 1960
4775 5743
4775 53342
4776 3558
4776 3586
4776 1959
4776 1960
4776 5743
4776 53342
5530 4772
5530 4773
5530 4775
5530 4776
5532 4772
5532 4773
5532 4775
5532 4776
5533 4772
5533 4773
5533 4775
5533 4776
5534 4772
5534 4773
5534 4775
5534 4776
5535 4772
5535 4773
5535 4775
5535 4776
9020 1147
868 64581
868 6850
868 93978
51266 6850
5290 10000
5290 207
5290 208
5291 10000
5291 207
5291 208
5293 10000
5293 207
5293 208
5295 10000
5295 207
5295 208
5296 10000
5296 207
5296 208
8503 10000
8503 207
8503 208
10000 4193
207 4193
208 4193
4193 3659
4193 3592
4193 3593
3659 3592
3659 3593
5971 4791
5971 3592
5971 3593
5971 3553
163688 5530
163688 5532
163688 5533
163688 5534
163688 5535
51806 5530
51806 5532
51806 5533
51806 5534
51806 5535
801 5530
801 5532
801 5533
801 5534
801 5535
805 5530
805 5532
805 5533
805 5534
805 5535
808 5530
808 5532
808 5533
808 5534
808 5535
810 5530
810 5532
810 5533
810 5534
810 5535
91860 5530
91860 5532
91860 5533
91860 5534
91860 5535
1432 3725
5600 3725
5603 3725
6300 3725
5599 3725
5601 3725
5602 3725
3725 3592
3725 3593
