9245 192134
2650 100528030
2650 11226
2650 11227
2650 114805
2650 117248
2650 168391
2650 2589
2650 2590
2650 2591
2650 26290
2650 374378
2650 442117
2650 50614
2650 51809
2650 55568
2650 57452
2650 63917
2650 64409
2650 79623
2650 79695
2650 8693
2650 55808
2650 29071
2650 56913
2650 192134
2650 9334
55808 100528030
55808 11226
55808 11227
55808 114805
55808 117248
55808 168391
55808 2589
55808 2590
55808 2591
55808 26290
55808 374378
55808 442117
55808 50614
55808 51809
55808 55568
55808 57452
55808 63917
55808 64409
55808 79623
55808 79695
55808 8693
55808 29071
55808 56913
55808 192134
55808 6482
55808 6483
6482 29071
6482 56913
6482 2650
6482 51301
6482 9245
6483 29071
6483 56913
6483 2650
6483 51301
6483 9245
192134 100528030
192134 11226
192134 11227
192134 114805
192134 117248
192134 168391
192134 2589
192134 2590
192134 2591
192134 26290
192134 374378
192134 442117
192134 50614
192134 51809
192134 55568
192134 57452
192134 63917
192134 64409
192134 79623
192134 79695
192134 8693
192134 29071
192134 56913
100528030 29071
100528030 56913
11226 29071
11226 56913
11227 29071
11227 56913
114805 29071
114805 56913
117248 29071
117248 56913
168391 29071
168391 56913
2589 29071
2589 56913
2590 29071
2590 56913
2591 29071
2591 56913
26290 29071
26290 56913
374378 29071
374378 56913
442117 29071
442117 56913
50614 29071
50614 56913
51809 29071
51809 56913
55568 29071
55568 56913
57452 29071
57452 56913
63917 29071
63917 56913
64409 29071
64409 56913
79623 29071
79623 56913
79695 29071
79695 56913
8693 29071
8693 56913
29071 2650
29071 51301
29071 9245
56913 2650
56913 51301
56913 9245
