10841 6470
10841 6472
10841 275
10841 10840
10841 160428
10841 123263
10841 2618
10841 10841
10841 4548
2618 10841
2618 6470
2618 6472
2618 275
2618 2618
2618 4548
10797 4524
10797 6470
10797 6472
10797 275
10797 25902
10797 4522
10797 2618
10797 471
10797 10840
10797 160428
10797 123263
10797 100528021
10797 10588
10797 10797
10797 441024
10797 10841
441024 4524
441024 6470
441024 6472
441024 275
441024 25902
441024 4522
441024 2618
441024 471
441024 10840
441024 160428
441024 123263
441024 100528021
441024 10588
441024 10797
441024 441024
441024 10841
1719 25902
1719 4522
1719 2618
1719 471
1719 10841
1719 6470
1719 6472
1719 275
1719 10840
1719 160428
1719 123263
1719 4548
200895 25902
200895 4522
200895 2618
200895 471
200895 10841
200895 6470
200895 6472
200895 275
200895 10840
200895 160428
200895 123263
200895 4548
4524 4522
4522 10841
4522 6470
4522 6472
4522 275
4522 2618
4522 4548
4522 25902
4522 4522
4522 471
4522 10840
4522 160428
4522 123263
4522 100528021
4522 10588
4522 10797
4522 441024
100528021 10841
100528021 4522
100528021 10797
100528021 441024
100528021 2618
10588 10841
10588 4522
10588 10797
10588 441024
10588 2618
275 4524
275 4522
275 10841
275 10840
275 160428
275 123263
275 2618
275 4548
275 10797
275 441024
123263 2618
123263 10841
123263 4548
10840 2618
10840 10841
10840 4548
160428 2618
160428 10841
160428 4548
25902 10841
25902 6470
25902 6472
25902 275
25902 2618
25902 4548
471 10841
471 6470
471 6472
471 275
471 2618
471 4548
7298 1719
7298 200895
7298 4524
7298 10797
7298 441024
7298 4522
7298 6470
7298 6472
7298 275
4548 4524
6470 4524
6470 4522
6470 10840
6470 160428
6470 123263
6470 2618
6470 10841
6470 4548
6472 4524
6472 4522
6472 10840
6472 160428
6472 123263
6472 2618
6472 10841
6472 4548
