593 586
593 587
593 1629
593 1738
593 259307
594 586
594 587
594 1629
594 1738
594 259307
1738 593
1738 594
1738 1629
38 3157
38 3158
38 5019
38 64064
38 3155
38 54511
38 10449
38 30
38 3032
39 3157
39 3158
39 5019
39 64064
39 3155
39 54511
39 10449
39 30
39 3032
3157 549
3157 5019
3157 64064
3157 10449
3157 30
3157 3032
3157 3155
3157 54511
3158 549
3158 5019
3158 64064
3158 10449
3158 30
3158 3032
3158 3155
3158 54511
5019 3155
5019 54511
64064 3155
64064 54511
3155 549
3155 10449
3155 30
3155 3032
54511 549
54511 10449
54511 30
54511 3032
549 56922
549 64087
56922 3712
56922 34
56922 1892
56922 1962
56922 3030
64087 3712
64087 34
64087 1892
64087 1962
64087 3030
1892 3712
1892 34
1892 1962
1892 3028
1892 3033
1892 36
1892 35
1962 3712
1962 34
1962 1962
1962 3028
1962 3033
1962 36
1962 35
1962 26275
1962 4329
1962 316
1962 217
1962 219
1962 223
1962 224
1962 501
1962 18
3030 3712
3030 34
3030 1962
3030 3028
3030 3033
3030 36
3030 35
3712 1629
586 593
586 594
587 593
587 594
10449 5095
10449 5096
10449 4329
10449 1962
10449 3028
10449 3033
30 5095
30 5096
30 4329
30 1962
30 3028
30 3033
3032 5095
3032 5096
3032 4329
3032 1962
3032 3028
3032 3033
3033 26275
3033 4329
3033 316
3033 217
3033 219
3033 223
3033 224
3033 501
3033 18
36 1629
36 1892
36 1962
36 3030
1629 34
1629 35
1629 36
4594 84693
4594 197322
84693 5095
84693 5096
5095 4329
5096 4329
316 11112
316 4329
316 18
217 11112
217 4329
217 18
219 11112
219 4329
219 18
223 11112
223 4329
223 18
224 11112
224 4329
224 18
501 11112
501 4329
501 18
4329 11112
4329 18
18 11112
11112 26275
26275 1892
26275 1962
26275 3030
34 1629
27034 1892
27034 1962
27034 3030
27034 1629
197322 84693
197322 217
197322 219
197322 223
197322 224
197322 501
197322 316
65985 38
65985 39
65985 3157
65985 3158
65985 3155
65985 54511
64902 18
64902 11112
64902 1962
64902 3033
64902 4329
64902 217
64902 219
64902 223
64902 224
64902 501
64902 316
