1147 4792
1147 4793
1147 4794
3551 4792
3551 4793
3551 4794
8517 4792
8517 4793
8517 4794
4772 3605
4772 112744
4772 59067
4772 50616
4773 3605
4773 112744
4773 59067
4773 50616
4775 3605
4775 112744
4775 59067
4775 50616
5530 4772
5530 4773
5530 4775
5532 4772
5532 4773
5532 4775
5533 4772
5533 4773
5533 4775
5534 4772
5534 4773
5534 4775
5535 4772
5535 4773
5535 4775
7535 27040
5594 2353
5595 2353
1432 3662
1432 6097
1432 6095
1432 3725
5600 3662
5600 6097
5600 6095
5600 3725
5603 3662
5603 6097
5603 6095
5603 3725
6300 3662
6300 6097
6300 6095
6300 3725
5599 3725
5601 3725
5602 3725
27040 5335
27040 5594
27040 5595
27040 1432
27040 5600
27040 5603
27040 6300
27040 5599
27040 5601
27040 5602
920 3932
3932 7535
3458 3716
3458 3717
3458 3459
3458 3460
3459 6772
3460 6772
6772 30009
3565 3716
3565 3718
3565 3561
3565 3566
3561 6774
3561 6778
3561 6776
3561 6777
3566 6778
6778 2625
3558 3716
3558 3718
3558 3559
3558 3560
3558 3561
3559 6776
3559 6777
3560 6776
3560 6777
6776 50943
6777 50943
3554 1432
3554 5600
3554 5603
3554 6300
3554 2475
3556 1432
3556 5600
3556 5603
3556 6300
3556 2475
50615 6774
3570 6774
3572 6774
149233 6774
3594 6774
6774 6097
6774 6095
6774 3091
6774 149233
6774 3594
6774 3605
6774 112744
6774 59067
6774 50616
2475 3662
2475 6097
2475 6095
7046 4087
7046 4088
7046 4089
7048 4087
7048 4088
7048 4089
59067 3716
59067 3718
59067 3561
59067 50615
6097 3605
6097 112744
6097 59067
6097 50616
6095 3605
6095 112744
6095 59067
6095 50616
30009 861
861 6097
2625 6097
5914 50943
6256 50943
6257 50943
6258 50943
50943 861
50943 6097
7040 7046
7040 7048
4087 6097
4087 6095
4087 149233
4087 3594
4087 50943
4088 6097
4088 6095
4088 149233
4088 3594
4088 50943
4089 6097
4089 6095
4089 149233
4089 3594
4089 50943
9466 6772
3553 3554
3553 3556
53342 3716
53342 3717
53342 7297
53342 9466
3569 3716
3569 3717
3569 3570
3569 3572
51561 3717
51561 7297
51561 149233
51561 3594
3320 3605
3320 112744
3320 59067
3320 50616
3326 3605
3326 112744
3326 59067
3326 50616
196 3605
196 112744
196 59067
196 50616
916 7535
917 7535
915 7535
919 7535
