50855 5590
84552 5590
84612 5590
7852 2770
7852 2771
7852 2773
5879 22885
5879 3983
5879 84448
5879 10298
5879 106821730
5879 5058
5879 5062
5879 5063
5879 56924
5879 57144
5880 22885
5880 3983
5880 84448
5880 10298
5880 106821730
5880 5058
5880 5062
5880 5063
5880 56924
5880 57144
5881 22885
5881 3983
5881 84448
5881 10298
5881 106821730
5881 5058
5881 5062
5881 5063
5881 56924
5881 57144
1630 4690
1630 5335
1630 5336
1630 5747
1630 1630
1630 137970
1630 219699
1630 8633
1630 90249
5530 54434
5530 54961
5530 85464
5530 4773
5530 4775
5530 4776
5532 54434
5532 54961
5532 85464
5532 4773
5532 4775
5532 4776
5533 54434
5533 54961
5533 85464
5533 4773
5533 4775
5533 4776
5534 54434
5534 54961
5534 85464
5534 4773
5534 4775
5534 4776
5535 54434
5535 54961
5535 85464
5535 4773
5535 4775
5535 4776
22854 57689
9353 6092
9353 6091
6585 6092
6585 6091
5747 2534
5747 6714
5747 1630
5747 137970
5747 219699
5747 8633
5747 90249
5747 5594
5747 5595
998 22885
998 3983
998 84448
998 10298
998 106821730
998 5058
998 5062
998 5063
998 56924
998 57144
10298 998
10298 5879
10298 5880
10298 5881
10298 8440
10298 3984
10298 3985
106821730 998
106821730 5879
106821730 5880
106821730 5881
106821730 8440
106821730 3984
106821730 3985
5058 998
5058 5879
5058 5880
5058 5881
5058 8440
5058 3984
5058 3985
5062 998
5062 5879
5062 5880
5062 5881
5062 8440
5062 3984
5062 3985
5063 998
5063 5879
5063 5880
5063 5881
5063 8440
5063 3984
5063 3985
56924 998
56924 5879
56924 5880
56924 5881
56924 8440
56924 3984
56924 3985
57144 998
57144 5879
57144 5880
57144 5881
57144 8440
57144 3984
57144 3985
387 6093
387 9475
387 5894
3688 5747
5921 3265
5921 3845
5921 4893
4690 10298
4690 106821730
4690 5058
4690 5062
4690 5063
4690 56924
4690 57144
64221 6091
6091 23380
6091 57522
6091 9901
6091 10298
6091 106821730
6091 5058
6091 5062
6091 5063
6091 56924
6091 57144
6091 8440
25791 5879
25791 5880
25791 5881
25791 998
25791 387
25 55740
25 6092
25 6091
137970 5781
219699 5781
8633 5781
90249 5781
1969 25
1969 5921
1969 25791
1969 1942
1969 1943
1969 1944
1969 1945
1969 1946
2041 25
2041 5921
2041 25791
2041 1942
2041 1943
2041 1944
2041 1945
2041 1946
2042 25
2042 5921
2042 25791
2042 1942
2042 1943
2042 1944
2042 1945
2042 1946
2043 25
2043 5921
2043 25791
2043 1942
2043 1943
2043 1944
2043 1945
2043 1946
2044 25
2044 5921
2044 25791
2044 1942
2044 1943
2044 1944
2044 1945
2044 1946
2045 25
2045 5921
2045 25791
2045 1942
2045 1943
2045 1944
2045 1945
2045 1946
2046 25
2046 5921
2046 25791
2046 1942
2046 1943
2046 1944
2046 1945
2046 1946
285220 25
285220 5921
285220 25791
285220 1942
285220 1943
285220 1944
285220 1945
285220 1946
6092 23380
6092 57522
6092 9901
6092 10298
6092 106821730
6092 5058
6092 5062
6092 5063
6092 56924
6092 57144
6092 8440
1947 5998
1947 2047
1947 2048
1947 2049
1947 2050
1947 2051
1947 8440
1948 5998
1948 2047
1948 2048
1948 2049
1948 2050
1948 2051
1948 8440
1949 5998
1949 2047
1949 2048
1949 2049
1949 2050
1949 2051
1949 8440
2047 25
2047 5921
2047 25791
2048 25
2048 5921
2048 25791
2049 25
2049 5921
2049 25791
2050 25
2050 5921
2050 25791
2051 25
2051 5921
2051 25791
8482 10154
8482 3688
1942 5921
1942 2534
1943 5921
1943 2534
1944 5921
1944 2534
1945 5921
1945 2534
1946 5921
1946 2534
2534 387
2534 5879
2534 5880
2534 5881
2534 998
2534 5361
2534 5362
2534 55558
2534 91584
2534 1020
9423 1630
9423 137970
9423 219699
9423 8633
9423 90249
5998 2770
5998 2771
5998 2773
23365 23654
23365 5364
23365 5365
23365 387
4233 23654
4233 5364
4233 5365
23654 5879
23654 5880
23654 5881
23654 6237
5364 5879
5364 5880
5364 5881
5364 6237
5365 5879
5365 5880
5365 5881
5365 6237
5361 29984
5361 27289
5361 8829
5361 5879
5361 5880
5361 5881
5362 29984
5362 27289
5362 8829
5362 5879
5362 5880
5362 5881
55558 29984
55558 27289
55558 8829
55558 5879
55558 5880
55558 5881
91584 29984
91584 27289
91584 8829
91584 5879
91584 5880
91584 5881
10371 5361
10371 5362
10371 55558
10371 91584
10371 8829
10512 5361
10512 5362
10512 55558
10512 91584
10512 8829
223117 5361
223117 5362
223117 55558
223117 91584
223117 8829
56920 5361
56920 5362
56920 55558
56920 91584
56920 8829
6405 5361
6405 5362
6405 55558
6405 91584
6405 8829
7869 5361
7869 5362
7869 55558
7869 91584
7869 8829
9723 5361
9723 5362
9723 55558
9723 91584
9723 8829
10505 23654
10505 5364
10505 5365
10507 23654
10507 5364
10507 5365
10509 23654
10509 5364
10509 5365
54910 23654
54910 5364
54910 5365
57715 23654
57715 5364
57715 5365
64218 23654
64218 5364
64218 5365
23380 998
57522 998
9901 998
3897 8829
6387 7852
8440 5747
8440 5879
8440 5880
8440 5881
84628 64101
6714 5879
6714 5880
6714 5881
6714 998
6714 1630
6714 137970
6714 219699
6714 8633
6714 90249
3265 5594
3265 5595
3845 5594
3845 5595
4893 5594
4893 5595
5727 6608
6608 5578
6608 2534
6608 6714
5578 3611
6469 5727
6469 91653
655 659
655 658
658 659
658 3984
658 7220
658 7222
658 7223
658 7224
658 7225
659 3984
659 7220
659 7222
659 7223
659 7224
659 7225
151449 655
151449 659
151449 658
3984 1072
3984 1073
7976 6259
7976 5290
7976 5291
7976 5293
7976 5295
7976 5296
7976 8503
54361 7976
7474 7976
7474 6259
81029 7976
81029 6259
5290 5163
5291 5163
5293 5163
5295 5163
5296 5163
8503 5163
2932 1808
5163 5590
5163 56288
5163 50855
5163 84552
5163 84612
1808 56896
29984 27289
27289 387
27289 23654
27289 5364
27289 5365
3985 1072
3985 1073
1020 1808
2242 5361
2242 5362
2242 55558
2242 91584
2242 56896
2242 1808
6237 387
5590 2932
5590 56288
54434 1072
54434 1073
54961 1072
54961 1073
85464 1072
85464 1073
91653 6608
