2767 23236
2767 5330
2767 5331
2767 5332
2767 3776
2776 23236
2776 5330
2776 5331
2776 5332
2776 3776
10488 6770
10488 1584
10488 1586
10488 57552
1385 6770
1385 1584
1385 1586
1385 57552
1386 6770
1386 1584
1386 1586
1386 57552
1388 6770
1388 1584
1388 1586
1388 57552
148327 6770
148327 1584
148327 1586
148327 57552
468 6770
468 1584
468 1586
468 57552
64764 6770
64764 1584
64764 1586
64764 57552
84699 6770
84699 1584
84699 1586
84699 57552
90993 6770
90993 1584
90993 1586
90993 57552
9586 6770
9586 1584
9586 1586
9586 57552
185 2767
185 2776
4158 2778
4158 56246
2778 107
2778 108
2778 109
2778 111
2778 112
2778 113
2778 114
2778 115
2778 196883
5566 3776
5566 2516
5566 3164
5566 6667
5566 5087
5566 10488
5566 1385
5566 1386
5566 1388
5566 148327
5566 468
5566 64764
5566 84699
5566 90993
5566 9586
5567 3776
5567 2516
5567 3164
5567 6667
5567 5087
5567 10488
5567 1385
5567 1386
5567 1388
5567 148327
5567 468
5567 64764
5567 84699
5567 90993
5567 9586
5568 3776
5568 2516
5568 3164
5568 6667
5568 5087
5568 10488
5568 1385
5568 1386
5568 1388
5568 148327
5568 468
5568 64764
5568 84699
5568 90993
5568 9586
3776 8911
3776 8912
3776 8913
5443 4158
2516 1584
2516 1586
2516 6770
2516 57552
3164 1584
3164 1586
3164 6770
3164 57552
6667 1584
6667 1586
6667 6770
6667 57552
5087 1584
5087 1586
5087 6770
5087 57552
