972 972
3108 3108
3108 3109
3108 3111
3108 3112
3108 3113
3108 3115
3108 3117
3108 3118
3108 3119
3108 3122
3108 3123
3108 3125
3108 3126
3108 3127
3108 972
3109 3108
3109 3109
3109 3111
3109 3112
3109 3113
3109 3115
3109 3117
3109 3118
3109 3119
3109 3122
3109 3123
3109 3125
3109 3126
3109 3127
3109 972
4261 5993
4261 5994
4261 8625
4261 1385
4261 4800
4261 4801
4261 4802
1508 972
1514 972
1520 972
5641 972
920 3108
920 3109
920 3111
920 3112
920 3113
920 3115
920 3117
920 3118
920 3119
920 3122
920 3123
920 3125
920 3126
920 3127
925 3105
925 3106
925 3107
925 3133
925 3134
925 3135
926 3105
926 3106
926 3107
926 3133
926 3134
926 3135
6892 3105
6892 3106
6892 3107
6892 3133
6892 3134
6892 3135
6892 6890
6892 6891
3105 3105
3105 3106
3105 3107
3105 3133
3105 3134
3105 3135
3105 100132285
3105 115653
3105 3802
3105 3803
3105 3804
3105 3805
3105 3806
3105 3808
3105 3809
3105 3810
3105 3811
3105 3812
3105 3821
3105 3822
3105 3823
3105 3824
3105 57292
3105 8302
3106 3105
3106 3106
3106 3107
3106 3133
3106 3134
3106 3135
3106 100132285
3106 115653
3106 3802
3106 3803
3106 3804
3106 3805
3106 3806
3106 3808
3106 3809
3106 3810
3106 3811
3106 3812
3106 3821
3106 3822
3106 3823
3106 3824
3106 57292
3106 8302
3107 3105
3107 3106
3107 3107
3107 3133
3107 3134
3107 3135
3107 100132285
3107 115653
3107 3802
3107 3803
3107 3804
3107 3805
3107 3806
3107 3808
3107 3809
3107 3810
3107 3811
3107 3812
3107 3821
3107 3822
3107 3823
3107 3824
3107 57292
3107 8302
3133 3105
3133 3106
3133 3107
3133 3133
3133 3134
3133 3135
3133 100132285
3133 115653
3133 3802
3133 3803
3133 3804
3133 3805
3133 3806
3133 3808
3133 3809
3133 3810
3133 3811
3133 3812
3133 3821
3133 3822
3133 3823
3133 3824
3133 57292
3133 8302
3134 3105
3134 3106
3134 3107
3134 3133
3134 3134
3134 3135
3134 100132285
3134 115653
3134 3802
3134 3803
3134 3804
3134 3805
3134 3806
3134 3808
3134 3809
3134 3810
3134 3811
3134 3812
3134 3821
3134 3822
3134 3823
3134 3824
3134 57292
3134 8302
3135 3105
3135 3106
3135 3107
3135 3133
3135 3134
3135 3135
3135 100132285
3135 115653
3135 3802
3135 3803
3135 3804
3135 3805
3135 3806
3135 3808
3135 3809
3135 3810
3135 3811
3135 3812
3135 3821
3135 3822
3135 3823
3135 3824
3135 57292
3135 8302
3111 3108
3111 3109
3111 3111
3111 3112
3111 3113
3111 3115
3111 3117
3111 3118
3111 3119
3111 3122
3111 3123
3111 3125
3111 3126
3111 3127
3112 3108
3112 3109
3112 3111
3112 3112
3112 3113
3112 3115
3112 3117
3112 3118
3112 3119
3112 3122
3112 3123
3112 3125
3112 3126
3112 3127
3113 3108
3113 3109
3113 3111
3113 3112
3113 3113
3113 3115
3113 3117
3113 3118
3113 3119
3113 3122
3113 3123
3113 3125
3113 3126
3113 3127
3115 3108
3115 3109
3115 3111
3115 3112
3115 3113
3115 3115
3115 3117
3115 3118
3115 3119
3115 3122
3115 3123
3115 3125
3115 3126
3115 3127
3117 3108
3117 3109
3117 3111
3117 3112
3117 3113
3117 3115
3117 3117
3117 3118
3117 3119
3117 3122
3117 3123
3117 3125
3117 3126
3117 3127
3118 3108
3118 3109
3118 3111
3118 3112
3118 3113
3118 3115
3118 3117
3118 3118
3118 3119
3118 3122
3118 3123
3118 3125
3118 3126
3118 3127
3119 3108
3119 3109
3119 3111
3119 3112
3119 3113
3119 3115
3119 3117
3119 3118
3119 3119
3119 3122
3119 3123
3119 3125
3119 3126
3119 3127
3122 3108
3122 3109
3122 3111
3122 3112
3122 3113
3122 3115
3122 3117
3122 3118
3122 3119
3122 3122
3122 3123
3122 3125
3122 3126
3122 3127
3123 3108
3123 3109
3123 3111
3123 3112
3123 3113
3123 3115
3123 3117
3123 3118
3123 3119
3123 3122
3123 3123
3123 3125
3123 3126
3123 3127
3125 3108
3125 3109
3125 3111
3125 3112
3125 3113
3125 3115
3125 3117
3125 3118
3125 3119
3125 3122
3125 3123
3125 3125
3125 3126
3125 3127
3126 3108
3126 3109
3126 3111
3126 3112
3126 3113
3126 3115
3126 3117
3126 3118
3126 3119
3126 3122
3126 3123
3126 3125
3126 3126
3126 3127
3127 3108
3127 3109
3127 3111
3127 3112
3127 3113
3127 3115
3127 3117
3127 3118
3127 3119
3127 3122
3127 3123
3127 3125
3127 3126
3127 3127
7124 10197
7124 5720
7124 5721
3458 10197
3458 5720
3458 5721
