3105 3105
3105 3106
3105 3107
3105 3133
3105 3134
3105 3135
3106 3105
3106 3106
3106 3107
3106 3133
3106 3134
3106 3135
3107 3105
3107 3106
3107 3107
3107 3133
3107 3134
3107 3135
3133 3105
3133 3106
3133 3107
3133 3133
3133 3134
3133 3135
3134 3105
3134 3106
3134 3107
3134 3133
3134 3134
3134 3135
3135 3105
3135 3106
3135 3107
3135 3133
3135 3134
3135 3135
11317 1380
11317 2208
11317 2268
11317 4609
3516 1380
3516 2208
3516 2268
3516 4609
2960 27044
2961 27044
100506248 1387
100506248 2033
5757 1387
5757 2033
1027 890
1027 8900
1027 1017
890 5925
8900 5925
1017 5925
6502 5925
7874 7157
7157 1026
7157 4193
8717 9020
8717 8517
8717 1147
8717 3551
7185 5290
7185 5291
7185 5293
7185 5295
7185 5296
7185 8503
7185 9020
7186 5290
7186 5291
7186 5293
7186 5295
7186 5296
7186 8503
7186 9020
7187 5290
7187 5291
7187 5293
7187 5295
7187 5296
7187 8503
7187 9020
7188 5290
7188 5291
7188 5293
7188 5295
7188 5296
7188 8503
7188 9020
1147 4791
1147 5971
1147 4792
1147 4793
1147 4794
4792 4790
4792 5970
4793 4790
4793 5970
4794 4790
4794 5970
9020 1147
3551 4792
3551 4793
3551 4794
3654 7189
7189 10454
7189 23118
7189 6885
10454 3551
10454 5606
10454 5608
10454 5609
10454 6416
23118 3551
23118 5606
23118 5608
23118 5609
23118 6416
5609 5599
5609 5601
5609 5602
6416 5599
6416 5601
6416 5602
5606 1432
5606 5600
5606 5603
5606 6300
5608 1432
5608 5600
5608 5603
5608 6300
5599 1386
5599 3725
5601 1386
5601 3725
5602 1386
5602 3725
1432 1386
1432 3725
5600 1386
5600 3725
5603 1386
5603 3725
6300 1386
6300 3725
5290 10000
5290 207
5290 208
5291 10000
5291 207
5291 208
5293 10000
5293 207
5293 208
5295 10000
5295 207
5295 208
5296 10000
5296 207
5296 208
8503 10000
8503 207
8503 208
10000 2932
207 2932
208 2932
4067 6850
4067 5335
4067 5336
4067 930
6850 5335
6850 5336
102723407 4067
930 5290
930 5291
930 5293
930 5295
930 5296
930 8503
4734 4067
23586 1147
23586 3551
23586 29110
29110 3661
3586 3587
3586 3588
3587 3716
3587 7297
3588 3716
3588 7297
3716 6774
7297 6774
