10488 9658
10488 7350
1385 9658
1385 7350
148327 9658
148327 7350
64764 9658
64764 7350
84699 9658
84699 7350
90993 9658
90993 7350
9586 9658
9586 7350
5566 5346
5566 3991
5566 10488
5566 1385
5566 148327
5566 64764
5566 84699
5566 90993
5566 9586
5566 51780
5566 55818
5566 4217
5567 5346
5567 3991
5567 10488
5567 1385
5567 148327
5567 64764
5567 84699
5567 90993
5567 9586
5567 51780
5567 55818
5567 4217
5568 5346
5568 3991
5568 10488
5568 1385
5568 148327
5568 64764
5568 84699
5568 90993
5568 9586
5568 51780
5568 55818
5568 4217
1432 10891
1432 1386
5600 10891
5600 1386
5603 10891
5603 1386
6300 10891
6300 1386
2778 107
2778 108
2778 109
2778 111
2778 112
2778 113
2778 114
2778 115
2778 196883
2778 55811
155 2778
1386 10891
1386 26291
1386 9658
1386 7350
26291 2260
10891 7350
5592 5346
5592 3991
5592 1432
5592 5600
5592 5603
5592 6300
5593 5346
5593 3991
5593 1432
5593 5600
5593 5603
5593 6300
51780 51412
51780 57492
51780 60
51780 6595
51780 6597
51780 6598
51780 6599
51780 6601
51780 6602
51780 6603
51780 6604
51780 6605
51780 71
51780 8110
51780 8193
51780 8289
51780 86
51780 5468
51780 7350
55818 51412
55818 57492
55818 60
55818 6595
55818 6597
55818 6598
55818 6599
55818 6601
55818 6602
55818 6603
55818 6604
55818 6605
55818 71
55818 8110
55818 8193
55818 8289
55818 86
55818 5468
55818 7350
51412 5468
57492 5468
60 5468
6595 5468
6597 5468
6598 5468
6599 5468
6601 5468
6602 5468
6603 5468
6604 5468
6605 5468
71 5468
8110 5468
8193 5468
8289 5468
86 5468
5346 3991
9658 23028
27330 7248
27330 7249
6195 7248
6195 7249
6196 7248
6196 7249
6197 7248
6197 7249
7248 6009
7249 6009
6009 57521
6009 2475
6009 64223
2475 64223
2475 6198
2475 6199
57521 2475
84335 57521
84335 2475
6198 6194
6199 6194
6194 7350
6194 26291
2260 10818
152831 2260
10818 2885
2885 6654
2885 6655
6654 3265
6654 3845
6654 4893
6655 3265
6655 3845
6655 4893
3265 27330
3265 6195
3265 6196
3265 6197
3845 27330
3845 6195
3845 6196
3845 6197
4893 27330
4893 6195
4893 6196
4893 6197
63976 9658
63976 23028
1268 107
1268 108
1268 109
1268 111
1268 112
1268 113
1268 114
1268 115
1268 196883
1268 55811
5606 1432
5606 5600
5606 5603
5606 6300
4217 5606
2641 51422
2641 53632
2641 5562
2641 5563
2641 5564
2641 5565
2641 5571
353500 51422
353500 53632
353500 5562
353500 5563
353500 5564
353500 5565
353500 5571
656 51422
656 53632
656 5562
656 5563
656 5564
656 5565
656 5571
