2990 10720
2990 10941
2990 54490
2990 54575
2990 54576
2990 54577
2990 54578
2990 54579
2990 54600
2990 54657
2990 54658
2990 54659
2990 574537
2990 7363
2990 7364
2990 7365
2990 7366
2990 7367
2990 79799
2990 10327
9365 10720
9365 10941
9365 54490
9365 54575
9365 54576
9365 54577
9365 54578
9365 54579
9365 54600
9365 54657
9365 54658
9365 54659
9365 574537
9365 7363
9365 7364
9365 7365
9365 7366
9365 7367
9365 79799
9365 10327
6120 9942
729020 9942
231 6652
57016 6652
51181 231
51181 57016
7360 7358
10720 7358
10941 7358
54490 7358
54575 7358
54576 7358
54577 7358
54578 7358
54579 7358
54600 7358
54657 7358
54658 7358
54659 7358
574537 7358
7363 7358
7364 7358
7365 7358
7366 7358
7367 7358
79799 7358
27294 231
27294 57016
6652 51181
10327 51084
