7173 259307
7173 2805
7173 2806
7173 6898
7173 7054
7173 7299
7173 1644
2954 3081
3081 3242
2805 3242
2805 4282
2805 7054
2805 7299
2805 1644
2806 3242
2806 4282
2806 7054
2806 7299
2806 1644
4282 3242
4282 6898
4282 259307
3242 6898
3242 259307
218 4128
218 4129
218 314
218 8639
218 1312
218 220074
218 124
218 125
218 126
218 127
218 128
218 130
218 131
220 4128
220 4129
220 314
220 8639
220 1312
220 220074
220 124
220 125
220 126
220 127
220 128
220 130
220 131
221 4128
221 4129
221 314
221 8639
221 1312
221 220074
221 124
221 125
221 126
221 127
221 128
221 130
221 131
222 4128
222 4129
222 314
222 8639
222 1312
222 220074
222 124
222 125
222 126
222 127
222 128
222 130
222 131
4128 1644
4128 1312
4128 220074
4128 1621
4128 5409
4128 218
4128 220
4128 221
4128 222
4128 124
4128 125
4128 126
4128 127
4128 128
4128 130
4128 131
4129 1644
4129 1312
4129 220074
4129 1621
4129 5409
4129 218
4129 220
4129 221
4129 222
4129 124
4129 125
4129 126
4129 127
4129 128
4129 130
4129 131
7299 259307
7299 6898
7299 7054
7299 1644
7299 7299
259307 1644
6898 1644
1644 314
1644 8639
1644 7299
1644 7054
2184 2954
2184 81889
1638 7306
1312 1644
1312 314
1312 8639
1312 4128
1312 4129
1312 218
1312 220
1312 221
1312 222
1312 1621
1312 5409
220074 1644
220074 314
220074 8639
220074 4128
220074 4129
220074 218
220074 220
220074 221
220074 222
220074 1621
220074 5409
124 4128
124 4129
124 1312
124 220074
125 4128
125 4129
125 1312
125 220074
126 4128
126 4129
126 1312
126 220074
127 4128
127 4129
127 1312
127 220074
128 4128
128 4129
128 1312
128 220074
130 4128
130 4129
130 1312
130 220074
131 4128
131 4129
131 1312
131 220074
5409 1621
5409 4128
5409 4129
1621 1644
1621 1312
1621 220074
1621 4128
1621 4129
1621 314
1621 8639
7054 259307
7054 6898
7054 1644
7054 7299
