1978 1977
1978 253314
1978 9470
6198 1975
6198 6194
6199 1975
6199 6194
57521 1978
2475 6198
2475 6199
2475 1978
64223 1978
6009 57521
6009 2475
6009 64223
7249 6009
7248 6009
10000 4846
10000 10488
10000 1385
10000 1386
10000 1388
10000 148327
10000 468
10000 64764
10000 84699
10000 90993
10000 9586
10000 1147
10000 3551
10000 8517
10000 4193
10000 5894
10000 2932
10000 1026
10000 1027
10000 2309
10000 572
10000 842
10000 3164
10000 7249
10000 7248
207 4846
207 10488
207 1385
207 1386
207 1388
207 148327
207 468
207 64764
207 84699
207 90993
207 9586
207 1147
207 3551
207 8517
207 4193
207 5894
207 2932
207 1026
207 1027
207 2309
207 572
207 842
207 3164
207 7249
207 7248
208 4846
208 10488
208 1385
208 1386
208 1388
208 148327
208 468
208 64764
208 84699
208 90993
208 9586
208 1147
208 3551
208 8517
208 4193
208 5894
208 2932
208 1026
208 1027
208 2309
208 572
208 842
208 3164
208 7249
208 7248
5170 6198
5170 6199
5170 5578
5170 29941
5170 5585
5170 5586
5170 100533105
5170 10110
5170 23678
5170 6446
5170 10000
5170 207
5170 208
3667 5290
3667 5291
3667 5293
3667 5295
3667 5296
3667 8503
1436 2885
1436 3667
1956 2885
1956 3667
1969 2885
1969 3667
2064 2885
2064 3667
2065 2885
2065 3667
2066 2885
2066 3667
2260 2885
2260 3667
2261 2885
2261 3667
2263 2885
2263 3667
2264 2885
2264 3667
2321 2885
2321 3667
2322 2885
2322 3667
2324 2885
2324 3667
3480 2885
3480 3667
3643 2885
3643 3667
3791 2885
3791 3667
3815 2885
3815 3667
4233 2885
4233 3667
4804 2885
4804 3667
4914 2885
4914 3667
4915 2885
4915 3667
5156 2885
5156 3667
5159 2885
5159 3667
7010 2885
7010 3667
10161 146850
10161 23533
10161 5294
1128 146850
1128 23533
1128 5294
1129 146850
1129 23533
1129 5294
1902 146850
1902 23533
1902 5294
2149 146850
2149 23533
2149 5294
23566 146850
23566 23533
23566 5294
2846 146850
2846 23533
2846 5294
57121 146850
57121 23533
57121 5294
9170 146850
9170 23533
9170 5294
2932 2997
2932 2998
2932 4609
2932 595
1027 595
1027 894
1027 896
1027 898
1027 9134
1027 1017
1027 1019
1027 1021
2309 1027
2309 5934
2309 5105
2309 5106
2309 2538
2309 57818
2309 92579
2309 356
2309 10018
572 598
572 596
4193 7157
1147 4790
1147 5970
3551 4790
3551 5970
8517 4790
8517 5970
4790 598
4790 4602
5970 598
5970 4602
10971 2309
10971 572
7529 2309
7529 572
7531 2309
7531 572
7532 2309
7532 572
7533 2309
7533 572
7534 2309
7534 572
1435 1436
1435 1956
1435 1969
1435 2064
1435 2065
1435 2066
1435 2260
1435 2261
1435 2263
1435 2264
1435 2321
1435 2322
1435 2324
1435 3480
1435 3643
1435 3791
1435 3815
1435 4233
1435 4804
1435 4914
1435 4915
1435 5156
1435 5159
1435 7010
1942 1436
1942 1956
1942 1969
1942 2064
1942 2065
1942 2066
1942 2260
1942 2261
1942 2263
1942 2264
1942 2321
1942 2322
1942 2324
1942 3480
1942 3643
1942 3791
1942 3815
1942 4233
1942 4804
1942 4914
1942 4915
1942 5156
1942 5159
1942 7010
1943 1436
1943 1956
1943 1969
1943 2064
1943 2065
1943 2066
1943 2260
1943 2261
1943 2263
1943 2264
1943 2321
1943 2322
1943 2324
1943 3480
1943 3643
1943 3791
1943 3815
1943 4233
1943 4804
1943 4914
1943 4915
1943 5156
1943 5159
1943 7010
1944 1436
1944 1956
1944 1969
1944 2064
1944 2065
1944 2066
1944 2260
1944 2261
1944 2263
1944 2264
1944 2321
1944 2322
1944 2324
1944 3480
1944 3643
1944 3791
1944 3815
1944 4233
1944 4804
1944 4914
1944 4915
1944 5156
1944 5159
1944 7010
1945 1436
1945 1956
1945 1969
1945 2064
1945 2065
1945 2066
1945 2260
1945 2261
1945 2263
1945 2264
1945 2321
1945 2322
1945 2324
1945 3480
1945 3643
1945 3791
1945 3815
1945 4233
1945 4804
1945 4914
1945 4915
1945 5156
1945 5159
1945 7010
1946 1436
1946 1956
1946 1969
1946 2064
1946 2065
1946 2066
1946 2260
1946 2261
1946 2263
1946 2264
1946 2321
1946 2322
1946 2324
1946 3480
1946 3643
1946 3791
1946 3815
1946 4233
1946 4804
1946 4914
1946 4915
1946 5156
1946 5159
1946 7010
1950 1436
1950 1956
1950 1969
1950 2064
1950 2065
1950 2066
1950 2260
1950 2261
1950 2263
1950 2264
1950 2321
1950 2322
1950 2324
1950 3480
1950 3643
1950 3791
1950 3815
1950 4233
1950 4804
1950 4914
1950 4915
1950 5156
1950 5159
1950 7010
2069 1436
2069 1956
2069 1969
2069 2064
2069 2065
2069 2066
2069 2260
2069 2261
2069 2263
2069 2264
2069 2321
2069 2322
2069 2324
2069 3480
2069 3643
2069 3791
2069 3815
2069 4233
2069 4804
2069 4914
2069 4915
2069 5156
2069 5159
2069 7010
2246 1436
2246 1956
2246 1969
2246 2064
2246 2065
2246 2066
2246 2260
2246 2261
2246 2263
2246 2264
2246 2321
2246 2322
2246 2324
2246 3480
2246 3643
2246 3791
2246 3815
2246 4233
2246 4804
2246 4914
2246 4915
2246 5156
2246 5159
2246 7010
2247 1436
2247 1956
2247 1969
2247 2064
2247 2065
2247 2066
2247 2260
2247 2261
2247 2263
2247 2264
2247 2321
2247 2322
2247 2324
2247 3480
2247 3643
2247 3791
2247 3815
2247 4233
2247 4804
2247 4914
2247 4915
2247 5156
2247 5159
2247 7010
2248 1436
2248 1956
2248 1969
2248 2064
2248 2065
2248 2066
2248 2260
2248 2261
2248 2263
2248 2264
2248 2321
2248 2322
2248 2324
2248 3480
2248 3643
2248 3791
2248 3815
2248 4233
2248 4804
2248 4914
2248 4915
2248 5156
2248 5159
2248 7010
2249 1436
2249 1956
2249 1969
2249 2064
2249 2065
2249 2066
2249 2260
2249 2261
2249 2263
2249 2264
2249 2321
2249 2322
2249 2324
2249 3480
2249 3643
2249 3791
2249 3815
2249 4233
2249 4804
2249 4914
2249 4915
2249 5156
2249 5159
2249 7010
2250 1436
2250 1956
2250 1969
2250 2064
2250 2065
2250 2066
2250 2260
2250 2261
2250 2263
2250 2264
2250 2321
2250 2322
2250 2324
2250 3480
2250 3643
2250 3791
2250 3815
2250 4233
2250 4804
2250 4914
2250 4915
2250 5156
2250 5159
2250 7010
2251 1436
2251 1956
2251 1969
2251 2064
2251 2065
2251 2066
2251 2260
2251 2261
2251 2263
2251 2264
2251 2321
2251 2322
2251 2324
2251 3480
2251 3643
2251 3791
2251 3815
2251 4233
2251 4804
2251 4914
2251 4915
2251 5156
2251 5159
2251 7010
2252 1436
2252 1956
2252 1969
2252 2064
2252 2065
2252 2066
2252 2260
2252 2261
2252 2263
2252 2264
2252 2321
2252 2322
2252 2324
2252 3480
2252 3643
2252 3791
2252 3815
2252 4233
2252 4804
2252 4914
2252 4915
2252 5156
2252 5159
2252 7010
2253 1436
2253 1956
2253 1969
2253 2064
2253 2065
2253 2066
2253 2260
2253 2261
2253 2263
2253 2264
2253 2321
2253 2322
2253 2324
2253 3480
2253 3643
2253 3791
2253 3815
2253 4233
2253 4804
2253 4914
2253 4915
2253 5156
2253 5159
2253 7010
2254 1436
2254 1956
2254 1969
2254 2064
2254 2065
2254 2066
2254 2260
2254 2261
2254 2263
2254 2264
2254 2321
2254 2322
2254 2324
2254 3480
2254 3643
2254 3791
2254 3815
2254 4233
2254 4804
2254 4914
2254 4915
2254 5156
2254 5159
2254 7010
2255 1436
2255 1956
2255 1969
2255 2064
2255 2065
2255 2066
2255 2260
2255 2261
2255 2263
2255 2264
2255 2321
2255 2322
2255 2324
2255 3480
2255 3643
2255 3791
2255 3815
2255 4233
2255 4804
2255 4914
2255 4915
2255 5156
2255 5159
2255 7010
2277 1436
2277 1956
2277 1969
2277 2064
2277 2065
2277 2066
2277 2260
2277 2261
2277 2263
2277 2264
2277 2321
2277 2322
2277 2324
2277 3480
2277 3643
2277 3791
2277 3815
2277 4233
2277 4804
2277 4914
2277 4915
2277 5156
2277 5159
2277 7010
2323 1436
2323 1956
2323 1969
2323 2064
2323 2065
2323 2066
2323 2260
2323 2261
2323 2263
2323 2264
2323 2321
2323 2322
2323 2324
2323 3480
2323 3643
2323 3791
2323 3815
2323 4233
2323 4804
2323 4914
2323 4915
2323 5156
2323 5159
2323 7010
26281 1436
26281 1956
26281 1969
26281 2064
26281 2065
26281 2066
26281 2260
26281 2261
26281 2263
26281 2264
26281 2321
26281 2322
26281 2324
26281 3480
26281 3643
26281 3791
26281 3815
26281 4233
26281 4804
26281 4914
26281 4915
26281 5156
26281 5159
26281 7010
26291 1436
26291 1956
26291 1969
26291 2064
26291 2065
26291 2066
26291 2260
26291 2261
26291 2263
26291 2264
26291 2321
26291 2322
26291 2324
26291 3480
26291 3643
26291 3791
26291 3815
26291 4233
26291 4804
26291 4914
26291 4915
26291 5156
26291 5159
26291 7010
27006 1436
27006 1956
27006 1969
27006 2064
27006 2065
27006 2066
27006 2260
27006 2261
27006 2263
27006 2264
27006 2321
27006 2322
27006 2324
27006 3480
27006 3643
27006 3791
27006 3815
27006 4233
27006 4804
27006 4914
27006 4915
27006 5156
27006 5159
27006 7010
284 1436
284 1956
284 1969
284 2064
284 2065
284 2066
284 2260
284 2261
284 2263
284 2264
284 2321
284 2322
284 2324
284 3480
284 3643
284 3791
284 3815
284 4233
284 4804
284 4914
284 4915
284 5156
284 5159
284 7010
285 1436
285 1956
285 1969
285 2064
285 2065
285 2066
285 2260
285 2261
285 2263
285 2264
285 2321
285 2322
285 2324
285 3480
285 3643
285 3791
285 3815
285 4233
285 4804
285 4914
285 4915
285 5156
285 5159
285 7010
3082 1436
3082 1956
3082 1969
3082 2064
3082 2065
3082 2066
3082 2260
3082 2261
3082 2263
3082 2264
3082 2321
3082 2322
3082 2324
3082 3480
3082 3643
3082 3791
3082 3815
3082 4233
3082 4804
3082 4914
3082 4915
3082 5156
3082 5159
3082 7010
3479 1436
3479 1956
3479 1969
3479 2064
3479 2065
3479 2066
3479 2260
3479 2261
3479 2263
3479 2264
3479 2321
3479 2322
3479 2324
3479 3480
3479 3643
3479 3791
3479 3815
3479 4233
3479 4804
3479 4914
3479 4915
3479 5156
3479 5159
3479 7010
3481 1436
3481 1956
3481 1969
3481 2064
3481 2065
3481 2066
3481 2260
3481 2261
3481 2263
3481 2264
3481 2321
3481 2322
3481 2324
3481 3480
3481 3643
3481 3791
3481 3815
3481 4233
3481 4804
3481 4914
3481 4915
3481 5156
3481 5159
3481 7010
3630 1436
3630 1956
3630 1969
3630 2064
3630 2065
3630 2066
3630 2260
3630 2261
3630 2263
3630 2264
3630 2321
3630 2322
3630 2324
3630 3480
3630 3643
3630 3791
3630 3815
3630 4233
3630 4804
3630 4914
3630 4915
3630 5156
3630 5159
3630 7010
374 1436
374 1956
374 1969
374 2064
374 2065
374 2066
374 2260
374 2261
374 2263
374 2264
374 2321
374 2322
374 2324
374 3480
374 3643
374 3791
374 3815
374 4233
374 4804
374 4914
374 4915
374 5156
374 5159
374 7010
4254 1436
4254 1956
4254 1969
4254 2064
4254 2065
4254 2066
4254 2260
4254 2261
4254 2263
4254 2264
4254 2321
4254 2322
4254 2324
4254 3480
4254 3643
4254 3791
4254 3815
4254 4233
4254 4804
4254 4914
4254 4915
4254 5156
4254 5159
4254 7010
4803 1436
4803 1956
4803 1969
4803 2064
4803 2065
4803 2066
4803 2260
4803 2261
4803 2263
4803 2264
4803 2321
4803 2322
4803 2324
4803 3480
4803 3643
4803 3791
4803 3815
4803 4233
4803 4804
4803 4914
4803 4915
4803 5156
4803 5159
4803 7010
4908 1436
4908 1956
4908 1969
4908 2064
4908 2065
4908 2066
4908 2260
4908 2261
4908 2263
4908 2264
4908 2321
4908 2322
4908 2324
4908 3480
4908 3643
4908 3791
4908 3815
4908 4233
4908 4804
4908 4914
4908 4915
4908 5156
4908 5159
4908 7010
4909 1436
4909 1956
4909 1969
4909 2064
4909 2065
4909 2066
4909 2260
4909 2261
4909 2263
4909 2264
4909 2321
4909 2322
4909 2324
4909 3480
4909 3643
4909 3791
4909 3815
4909 4233
4909 4804
4909 4914
4909 4915
4909 5156
4909 5159
4909 7010
51378 1436
51378 1956
51378 1969
51378 2064
51378 2065
51378 2066
51378 2260
51378 2261
51378 2263
51378 2264
51378 2321
51378 2322
51378 2324
51378 3480
51378 3643
51378 3791
51378 3815
51378 4233
51378 4804
51378 4914
51378 4915
51378 5156
51378 5159
51378 7010
5154 1436
5154 1956
5154 1969
5154 2064
5154 2065
5154 2066
5154 2260
5154 2261
5154 2263
5154 2264
5154 2321
5154 2322
5154 2324
5154 3480
5154 3643
5154 3791
5154 3815
5154 4233
5154 4804
5154 4914
5154 4915
5154 5156
5154 5159
5154 7010
5155 1436
5155 1956
5155 1969
5155 2064
5155 2065
5155 2066
5155 2260
5155 2261
5155 2263
5155 2264
5155 2321
5155 2322
5155 2324
5155 3480
5155 3643
5155 3791
5155 3815
5155 4233
5155 4804
5155 4914
5155 4915
5155 5156
5155 5159
5155 7010
5228 1436
5228 1956
5228 1969
5228 2064
5228 2065
5228 2066
5228 2260
5228 2261
5228 2263
5228 2264
5228 2321
5228 2322
5228 2324
5228 3480
5228 3643
5228 3791
5228 3815
5228 4233
5228 4804
5228 4914
5228 4915
5228 5156
5228 5159
5228 7010
56034 1436
56034 1956
56034 1969
56034 2064
56034 2065
56034 2066
56034 2260
56034 2261
56034 2263
56034 2264
56034 2321
56034 2322
56034 2324
56034 3480
56034 3643
56034 3791
56034 3815
56034 4233
56034 4804
56034 4914
56034 4915
56034 5156
56034 5159
56034 7010
627 1436
627 1956
627 1969
627 2064
627 2065
627 2066
627 2260
627 2261
627 2263
627 2264
627 2321
627 2322
627 2324
627 3480
627 3643
627 3791
627 3815
627 4233
627 4804
627 4914
627 4915
627 5156
627 5159
627 7010
7039 1436
7039 1956
7039 1969
7039 2064
7039 2065
7039 2066
7039 2260
7039 2261
7039 2263
7039 2264
7039 2321
7039 2322
7039 2324
7039 3480
7039 3643
7039 3791
7039 3815
7039 4233
7039 4804
7039 4914
7039 4915
7039 5156
7039 5159
7039 7010
7422 1436
7422 1956
7422 1969
7422 2064
7422 2065
7422 2066
7422 2260
7422 2261
7422 2263
7422 2264
7422 2321
7422 2322
7422 2324
7422 3480
7422 3643
7422 3791
7422 3815
7422 4233
7422 4804
7422 4914
7422 4915
7422 5156
7422 5159
7422 7010
7423 1436
7423 1956
7423 1969
7423 2064
7423 2065
7423 2066
7423 2260
7423 2261
7423 2263
7423 2264
7423 2321
7423 2322
7423 2324
7423 3480
7423 3643
7423 3791
7423 3815
7423 4233
7423 4804
7423 4914
7423 4915
7423 5156
7423 5159
7423 7010
7424 1436
7424 1956
7424 1969
7424 2064
7424 2065
7424 2066
7424 2260
7424 2261
7424 2263
7424 2264
7424 2321
7424 2322
7424 2324
7424 3480
7424 3643
7424 3791
7424 3815
7424 4233
7424 4804
7424 4914
7424 4915
7424 5156
7424 5159
7424 7010
80310 1436
80310 1956
80310 1969
80310 2064
80310 2065
80310 2066
80310 2260
80310 2261
80310 2263
80310 2264
80310 2321
80310 2322
80310 2324
80310 3480
80310 3643
80310 3791
80310 3815
80310 4233
80310 4804
80310 4914
80310 4915
80310 5156
80310 5159
80310 7010
8074 1436
8074 1956
8074 1969
8074 2064
8074 2065
8074 2066
8074 2260
8074 2261
8074 2263
8074 2264
8074 2321
8074 2322
8074 2324
8074 3480
8074 3643
8074 3791
8074 3815
8074 4233
8074 4804
8074 4914
8074 4915
8074 5156
8074 5159
8074 7010
8817 1436
8817 1956
8817 1969
8817 2064
8817 2065
8817 2066
8817 2260
8817 2261
8817 2263
8817 2264
8817 2321
8817 2322
8817 2324
8817 3480
8817 3643
8817 3791
8817 3815
8817 4233
8817 4804
8817 4914
8817 4915
8817 5156
8817 5159
8817 7010
8822 1436
8822 1956
8822 1969
8822 2064
8822 2065
8822 2066
8822 2260
8822 2261
8822 2263
8822 2264
8822 2321
8822 2322
8822 2324
8822 3480
8822 3643
8822 3791
8822 3815
8822 4233
8822 4804
8822 4914
8822 4915
8822 5156
8822 5159
8822 7010
8823 1436
8823 1956
8823 1969
8823 2064
8823 2065
8823 2066
8823 2260
8823 2261
8823 2263
8823 2264
8823 2321
8823 2322
8823 2324
8823 3480
8823 3643
8823 3791
8823 3815
8823 4233
8823 4804
8823 4914
8823 4915
8823 5156
8823 5159
8823 7010
9965 1436
9965 1956
9965 1969
9965 2064
9965 2065
9965 2066
9965 2260
9965 2261
9965 2263
9965 2264
9965 2321
9965 2322
9965 2324
9965 3480
9965 3643
9965 3791
9965 3815
9965 4233
9965 4804
9965 4914
9965 4915
9965 5156
9965 5159
9965 7010
2885 6654
2885 6655
6654 3265
6654 3845
6654 4893
6655 3265
6655 3845
6655 4893
3265 5894
3265 5290
3265 5291
3265 5293
3265 5295
3265 5296
3265 8503
3845 5894
3845 5290
3845 5291
3845 5293
3845 5295
3845 5296
3845 8503
4893 5894
4893 5290
4893 5291
4893 5293
4893 5295
4893 5296
4893 8503
117145 10000
117145 207
117145 208
28227 10000
28227 207
28227 208
55012 10000
55012 207
55012 208
5515 10000
5515 207
5515 208
5516 10000
5516 207
5516 208
5518 10000
5518 207
5518 208
5519 10000
5519 207
5519 208
5520 10000
5520 207
5520 208
5521 10000
5521 207
5521 208
5522 10000
5522 207
5522 208
5523 10000
5523 207
5523 208
5525 10000
5525 207
5525 208
5526 10000
5526 207
5526 208
5527 10000
5527 207
5527 208
5528 10000
5528 207
5528 208
5529 10000
5529 207
5529 208
55844 10000
55844 207
55844 208
3320 10000
3320 207
3320 208
3326 10000
3326 207
3326 208
7184 10000
7184 207
7184 208
11140 10000
11140 207
11140 208
5562 7249
5562 7248
5563 7249
5563 7248
54541 7249
54541 7248
6794 5562
6794 5563
200186 10000
200186 207
200186 208
23035 10000
23035 207
23035 208
23239 10000
23239 207
23239 208
1026 595
1026 894
1026 896
1026 898
1026 9134
1026 1017
1026 1019
1026 1021
5894 5604
5894 5605
5604 5594
5604 5595
5605 5594
5605 5595
102723407 6850
930 5290
930 5291
930 5293
930 5295
930 5296
930 8503
6850 930
10681 146850
10681 23533
10681 5294
2782 146850
2782 23533
2782 5294
2783 146850
2783 23533
2783 5294
2784 146850
2784 23533
2784 5294
2785 146850
2785 23533
2785 5294
2786 146850
2786 23533
2786 5294
2787 146850
2787 23533
2787 5294
2788 146850
2788 23533
2788 5294
2790 146850
2790 23533
2790 5294
2791 146850
2791 23533
2791 5294
2792 146850
2792 23533
2792 5294
2793 146850
2793 23533
2793 5294
51764 146850
51764 23533
51764 5294
54331 146850
54331 23533
54331 5294
55970 146850
55970 23533
55970 5294
59345 146850
59345 23533
59345 5294
94235 146850
94235 23533
94235 5294
10319 22801
10319 3655
10319 3672
10319 3673
10319 3674
10319 3675
10319 3676
10319 3678
10319 3679
10319 3680
10319 3685
10319 8515
10319 8516
10319 3688
10319 3690
10319 3691
10319 3693
10319 3694
10319 3695
10319 3696
10319 5747
1101 22801
1101 3655
1101 3672
1101 3673
1101 3674
1101 3675
1101 3676
1101 3678
1101 3679
1101 3680
1101 3685
1101 8515
1101 8516
1101 3688
1101 3690
1101 3691
1101 3693
1101 3694
1101 3695
1101 3696
1101 5747
1277 22801
1277 3655
1277 3672
1277 3673
1277 3674
1277 3675
1277 3676
1277 3678
1277 3679
1277 3680
1277 3685
1277 8515
1277 8516
1277 3688
1277 3690
1277 3691
1277 3693
1277 3694
1277 3695
1277 3696
1277 5747
1278 22801
1278 3655
1278 3672
1278 3673
1278 3674
1278 3675
1278 3676
1278 3678
1278 3679
1278 3680
1278 3685
1278 8515
1278 8516
1278 3688
1278 3690
1278 3691
1278 3693
1278 3694
1278 3695
1278 3696
1278 5747
1280 22801
1280 3655
1280 3672
1280 3673
1280 3674
1280 3675
1280 3676
1280 3678
1280 3679
1280 3680
1280 3685
1280 8515
1280 8516
1280 3688
1280 3690
1280 3691
1280 3693
1280 3694
1280 3695
1280 3696
1280 5747
1282 22801
1282 3655
1282 3672
1282 3673
1282 3674
1282 3675
1282 3676
1282 3678
1282 3679
1282 3680
1282 3685
1282 8515
1282 8516
1282 3688
1282 3690
1282 3691
1282 3693
1282 3694
1282 3695
1282 3696
1282 5747
1284 22801
1284 3655
1284 3672
1284 3673
1284 3674
1284 3675
1284 3676
1284 3678
1284 3679
1284 3680
1284 3685
1284 8515
1284 8516
1284 3688
1284 3690
1284 3691
1284 3693
1284 3694
1284 3695
1284 3696
1284 5747
1285 22801
1285 3655
1285 3672
1285 3673
1285 3674
1285 3675
1285 3676
1285 3678
1285 3679
1285 3680
1285 3685
1285 8515
1285 8516
1285 3688
1285 3690
1285 3691
1285 3693
1285 3694
1285 3695
1285 3696
1285 5747
1286 22801
1286 3655
1286 3672
1286 3673
1286 3674
1286 3675
1286 3676
1286 3678
1286 3679
1286 3680
1286 3685
1286 8515
1286 8516
1286 3688
1286 3690
1286 3691
1286 3693
1286 3694
1286 3695
1286 3696
1286 5747
1287 22801
1287 3655
1287 3672
1287 3673
1287 3674
1287 3675
1287 3676
1287 3678
1287 3679
1287 3680
1287 3685
1287 8515
1287 8516
1287 3688
1287 3690
1287 3691
1287 3693
1287 3694
1287 3695
1287 3696
1287 5747
1288 22801
1288 3655
1288 3672
1288 3673
1288 3674
1288 3675
1288 3676
1288 3678
1288 3679
1288 3680
1288 3685
1288 8515
1288 8516
1288 3688
1288 3690
1288 3691
1288 3693
1288 3694
1288 3695
1288 3696
1288 5747
1291 22801
1291 3655
1291 3672
1291 3673
1291 3674
1291 3675
1291 3676
1291 3678
1291 3679
1291 3680
1291 3685
1291 8515
1291 8516
1291 3688
1291 3690
1291 3691
1291 3693
1291 3694
1291 3695
1291 3696
1291 5747
1292 22801
1292 3655
1292 3672
1292 3673
1292 3674
1292 3675
1292 3676
1292 3678
1292 3679
1292 3680
1292 3685
1292 8515
1292 8516
1292 3688
1292 3690
1292 3691
1292 3693
1292 3694
1292 3695
1292 3696
1292 5747
1293 22801
1293 3655
1293 3672
1293 3673
1293 3674
1293 3675
1293 3676
1293 3678
1293 3679
1293 3680
1293 3685
1293 8515
1293 8516
1293 3688
1293 3690
1293 3691
1293 3693
1293 3694
1293 3695
1293 3696
1293 5747
1297 22801
1297 3655
1297 3672
1297 3673
1297 3674
1297 3675
1297 3676
1297 3678
1297 3679
1297 3680
1297 3685
1297 8515
1297 8516
1297 3688
1297 3690
1297 3691
1297 3693
1297 3694
1297 3695
1297 3696
1297 5747
1298 22801
1298 3655
1298 3672
1298 3673
1298 3674
1298 3675
1298 3676
1298 3678
1298 3679
1298 3680
1298 3685
1298 8515
1298 8516
1298 3688
1298 3690
1298 3691
1298 3693
1298 3694
1298 3695
1298 3696
1298 5747
1299 22801
1299 3655
1299 3672
1299 3673
1299 3674
1299 3675
1299 3676
1299 3678
1299 3679
1299 3680
1299 3685
1299 8515
1299 8516
1299 3688
1299 3690
1299 3691
1299 3693
1299 3694
1299 3695
1299 3696
1299 5747
1311 22801
1311 3655
1311 3672
1311 3673
1311 3674
1311 3675
1311 3676
1311 3678
1311 3679
1311 3680
1311 3685
1311 8515
1311 8516
1311 3688
1311 3690
1311 3691
1311 3693
1311 3694
1311 3695
1311 3696
1311 5747
131873 22801
131873 3655
131873 3672
131873 3673
131873 3674
131873 3675
131873 3676
131873 3678
131873 3679
131873 3680
131873 3685
131873 8515
131873 8516
131873 3688
131873 3690
131873 3691
131873 3693
131873 3694
131873 3695
131873 3696
131873 5747
22798 22801
22798 3655
22798 3672
22798 3673
22798 3674
22798 3675
22798 3676
22798 3678
22798 3679
22798 3680
22798 3685
22798 8515
22798 8516
22798 3688
22798 3690
22798 3691
22798 3693
22798 3694
22798 3695
22798 3696
22798 5747
2335 22801
2335 3655
2335 3672
2335 3673
2335 3674
2335 3675
2335 3676
2335 3678
2335 3679
2335 3680
2335 3685
2335 8515
2335 8516
2335 3688
2335 3690
2335 3691
2335 3693
2335 3694
2335 3695
2335 3696
2335 5747
256076 22801
256076 3655
256076 3672
256076 3673
256076 3674
256076 3675
256076 3676
256076 3678
256076 3679
256076 3680
256076 3685
256076 8515
256076 8516
256076 3688
256076 3690
256076 3691
256076 3693
256076 3694
256076 3695
256076 3696
256076 5747
284217 22801
284217 3655
284217 3672
284217 3673
284217 3674
284217 3675
284217 3676
284217 3678
284217 3679
284217 3680
284217 3685
284217 8515
284217 8516
284217 3688
284217 3690
284217 3691
284217 3693
284217 3694
284217 3695
284217 3696
284217 5747
3371 22801
3371 3655
3371 3672
3371 3673
3371 3674
3371 3675
3371 3676
3371 3678
3371 3679
3371 3680
3371 3685
3371 8515
3371 8516
3371 3688
3371 3690
3371 3691
3371 3693
3371 3694
3371 3695
3371 3696
3371 5747
3381 22801
3381 3655
3381 3672
3381 3673
3381 3674
3381 3675
3381 3676
3381 3678
3381 3679
3381 3680
3381 3685
3381 8515
3381 8516
3381 3688
3381 3690
3381 3691
3381 3693
3381 3694
3381 3695
3381 3696
3381 5747
3908 22801
3908 3655
3908 3672
3908 3673
3908 3674
3908 3675
3908 3676
3908 3678
3908 3679
3908 3680
3908 3685
3908 8515
3908 8516
3908 3688
3908 3690
3908 3691
3908 3693
3908 3694
3908 3695
3908 3696
3908 5747
3909 22801
3909 3655
3909 3672
3909 3673
3909 3674
3909 3675
3909 3676
3909 3678
3909 3679
3909 3680
3909 3685
3909 8515
3909 8516
3909 3688
3909 3690
3909 3691
3909 3693
3909 3694
3909 3695
3909 3696
3909 5747
3910 22801
3910 3655
3910 3672
3910 3673
3910 3674
3910 3675
3910 3676
3910 3678
3910 3679
3910 3680
3910 3685
3910 8515
3910 8516
3910 3688
3910 3690
3910 3691
3910 3693
3910 3694
3910 3695
3910 3696
3910 5747
3911 22801
3911 3655
3911 3672
3911 3673
3911 3674
3911 3675
3911 3676
3911 3678
3911 3679
3911 3680
3911 3685
3911 8515
3911 8516
3911 3688
3911 3690
3911 3691
3911 3693
3911 3694
3911 3695
3911 3696
3911 5747
3912 22801
3912 3655
3912 3672
3912 3673
3912 3674
3912 3675
3912 3676
3912 3678
3912 3679
3912 3680
3912 3685
3912 8515
3912 8516
3912 3688
3912 3690
3912 3691
3912 3693
3912 3694
3912 3695
3912 3696
3912 5747
3913 22801
3913 3655
3913 3672
3913 3673
3913 3674
3913 3675
3913 3676
3913 3678
3913 3679
3913 3680
3913 3685
3913 8515
3913 8516
3913 3688
3913 3690
3913 3691
3913 3693
3913 3694
3913 3695
3913 3696
3913 5747
3914 22801
3914 3655
3914 3672
3914 3673
3914 3674
3914 3675
3914 3676
3914 3678
3914 3679
3914 3680
3914 3685
3914 8515
3914 8516
3914 3688
3914 3690
3914 3691
3914 3693
3914 3694
3914 3695
3914 3696
3914 5747
3915 22801
3915 3655
3915 3672
3915 3673
3915 3674
3915 3675
3915 3676
3915 3678
3915 3679
3915 3680
3915 3685
3915 8515
3915 8516
3915 3688
3915 3690
3915 3691
3915 3693
3915 3694
3915 3695
3915 3696
3915 5747
3918 22801
3918 3655
3918 3672
3918 3673
3918 3674
3918 3675
3918 3676
3918 3678
3918 3679
3918 3680
3918 3685
3918 8515
3918 8516
3918 3688
3918 3690
3918 3691
3918 3693
3918 3694
3918 3695
3918 3696
3918 5747
5649 22801
5649 3655
5649 3672
5649 3673
5649 3674
5649 3675
5649 3676
5649 3678
5649 3679
5649 3680
5649 3685
5649 8515
5649 8516
5649 3688
5649 3690
5649 3691
5649 3693
5649 3694
5649 3695
5649 3696
5649 5747
63923 22801
63923 3655
63923 3672
63923 3673
63923 3674
63923 3675
63923 3676
63923 3678
63923 3679
63923 3680
63923 3685
63923 8515
63923 8516
63923 3688
63923 3690
63923 3691
63923 3693
63923 3694
63923 3695
63923 3696
63923 5747
6696 22801
6696 3655
6696 3672
6696 3673
6696 3674
6696 3675
6696 3676
6696 3678
6696 3679
6696 3680
6696 3685
6696 8515
6696 8516
6696 3688
6696 3690
6696 3691
6696 3693
6696 3694
6696 3695
6696 3696
6696 5747
7057 22801
7057 3655
7057 3672
7057 3673
7057 3674
7057 3675
7057 3676
7057 3678
7057 3679
7057 3680
7057 3685
7057 8515
7057 8516
7057 3688
7057 3690
7057 3691
7057 3693
7057 3694
7057 3695
7057 3696
7057 5747
7058 22801
7058 3655
7058 3672
7058 3673
7058 3674
7058 3675
7058 3676
7058 3678
7058 3679
7058 3680
7058 3685
7058 8515
7058 8516
7058 3688
7058 3690
7058 3691
7058 3693
7058 3694
7058 3695
7058 3696
7058 5747
7059 22801
7059 3655
7059 3672
7059 3673
7059 3674
7059 3675
7059 3676
7059 3678
7059 3679
7059 3680
7059 3685
7059 8515
7059 8516
7059 3688
7059 3690
7059 3691
7059 3693
7059 3694
7059 3695
7059 3696
7059 5747
7060 22801
7060 3655
7060 3672
7060 3673
7060 3674
7060 3675
7060 3676
7060 3678
7060 3679
7060 3680
7060 3685
7060 8515
7060 8516
7060 3688
7060 3690
7060 3691
7060 3693
7060 3694
7060 3695
7060 3696
7060 5747
7143 22801
7143 3655
7143 3672
7143 3673
7143 3674
7143 3675
7143 3676
7143 3678
7143 3679
7143 3680
7143 3685
7143 8515
7143 8516
7143 3688
7143 3690
7143 3691
7143 3693
7143 3694
7143 3695
7143 3696
7143 5747
7148 22801
7148 3655
7148 3672
7148 3673
7148 3674
7148 3675
7148 3676
7148 3678
7148 3679
7148 3680
7148 3685
7148 8515
7148 8516
7148 3688
7148 3690
7148 3691
7148 3693
7148 3694
7148 3695
7148 3696
7148 5747
7448 22801
7448 3655
7448 3672
7448 3673
7448 3674
7448 3675
7448 3676
7448 3678
7448 3679
7448 3680
7448 3685
7448 8515
7448 8516
7448 3688
7448 3690
7448 3691
7448 3693
7448 3694
7448 3695
7448 3696
7448 5747
7450 22801
7450 3655
7450 3672
7450 3673
7450 3674
7450 3675
7450 3676
7450 3678
7450 3679
7450 3680
7450 3685
7450 8515
7450 8516
7450 3688
7450 3690
7450 3691
7450 3693
7450 3694
7450 3695
7450 3696
7450 5747
5747 5290
5747 5291
5747 5293
5747 5295
5747 5296
5747 8503
7097 5879
7099 5879
5879 5290
5879 5291
5879 5293
5879 5295
5879 5296
5879 8503
3716 5290
3716 5291
3716 5293
3716 5295
3716 5296
3716 8503
3717 5290
3717 5291
3717 5293
3717 5295
3717 5296
3717 8503
3718 5290
3718 5291
3718 5293
3718 5295
3718 5296
3718 8503
1440 1441
1440 2057
1440 2690
1440 3454
1440 3455
1440 3559
1440 3560
1440 3561
1440 3563
1440 3566
1440 3570
1440 3575
1440 5618
1440 9180
1440 3716
1440 3717
1440 3718
1442 1441
1442 2057
1442 2690
1442 3454
1442 3455
1442 3559
1442 3560
1442 3561
1442 3563
1442 3566
1442 3570
1442 3575
1442 5618
1442 9180
1442 3716
1442 3717
1442 3718
1443 1441
1443 2057
1443 2690
1443 3454
1443 3455
1443 3559
1443 3560
1443 3561
1443 3563
1443 3566
1443 3570
1443 3575
1443 5618
1443 9180
1443 3716
1443 3717
1443 3718
2056 1441
2056 2057
2056 2690
2056 3454
2056 3455
2056 3559
2056 3560
2056 3561
2056 3563
2056 3566
2056 3570
2056 3575
2056 5618
2056 9180
2056 3716
2056 3717
2056 3718
2688 1441
2688 2057
2688 2690
2688 3454
2688 3455
2688 3559
2688 3560
2688 3561
2688 3563
2688 3566
2688 3570
2688 3575
2688 5618
2688 9180
2688 3716
2688 3717
2688 3718
2689 1441
2689 2057
2689 2690
2689 3454
2689 3455
2689 3559
2689 3560
2689 3561
2689 3563
2689 3566
2689 3570
2689 3575
2689 5618
2689 9180
2689 3716
2689 3717
2689 3718
3439 1441
3439 2057
3439 2690
3439 3454
3439 3455
3439 3559
3439 3560
3439 3561
3439 3563
3439 3566
3439 3570
3439 3575
3439 5618
3439 9180
3439 3716
3439 3717
3439 3718
3440 1441
3440 2057
3440 2690
3440 3454
3440 3455
3440 3559
3440 3560
3440 3561
3440 3563
3440 3566
3440 3570
3440 3575
3440 5618
3440 9180
3440 3716
3440 3717
3440 3718
3441 1441
3441 2057
3441 2690
3441 3454
3441 3455
3441 3559
3441 3560
3441 3561
3441 3563
3441 3566
3441 3570
3441 3575
3441 5618
3441 9180
3441 3716
3441 3717
3441 3718
3442 1441
3442 2057
3442 2690
3442 3454
3442 3455
3442 3559
3442 3560
3442 3561
3442 3563
3442 3566
3442 3570
3442 3575
3442 5618
3442 9180
3442 3716
3442 3717
3442 3718
3443 1441
3443 2057
3443 2690
3443 3454
3443 3455
3443 3559
3443 3560
3443 3561
3443 3563
3443 3566
3443 3570
3443 3575
3443 5618
3443 9180
3443 3716
3443 3717
3443 3718
3444 1441
3444 2057
3444 2690
3444 3454
3444 3455
3444 3559
3444 3560
3444 3561
3444 3563
3444 3566
3444 3570
3444 3575
3444 5618
3444 9180
3444 3716
3444 3717
3444 3718
3445 1441
3445 2057
3445 2690
3445 3454
3445 3455
3445 3559
3445 3560
3445 3561
3445 3563
3445 3566
3445 3570
3445 3575
3445 5618
3445 9180
3445 3716
3445 3717
3445 3718
3446 1441
3446 2057
3446 2690
3446 3454
3446 3455
3446 3559
3446 3560
3446 3561
3446 3563
3446 3566
3446 3570
3446 3575
3446 5618
3446 9180
3446 3716
3446 3717
3446 3718
3447 1441
3447 2057
3447 2690
3447 3454
3447 3455
3447 3559
3447 3560
3447 3561
3447 3563
3447 3566
3447 3570
3447 3575
3447 5618
3447 9180
3447 3716
3447 3717
3447 3718
3448 1441
3448 2057
3448 2690
3448 3454
3448 3455
3448 3559
3448 3560
3448 3561
3448 3563
3448 3566
3448 3570
3448 3575
3448 5618
3448 9180
3448 3716
3448 3717
3448 3718
3449 1441
3449 2057
3449 2690
3449 3454
3449 3455
3449 3559
3449 3560
3449 3561
3449 3563
3449 3566
3449 3570
3449 3575
3449 5618
3449 9180
3449 3716
3449 3717
3449 3718
3451 1441
3451 2057
3451 2690
3451 3454
3451 3455
3451 3559
3451 3560
3451 3561
3451 3563
3451 3566
3451 3570
3451 3575
3451 5618
3451 9180
3451 3716
3451 3717
3451 3718
3452 1441
3452 2057
3452 2690
3452 3454
3452 3455
3452 3559
3452 3560
3452 3561
3452 3563
3452 3566
3452 3570
3452 3575
3452 5618
3452 9180
3452 3716
3452 3717
3452 3718
3456 1441
3456 2057
3456 2690
3456 3454
3456 3455
3456 3559
3456 3560
3456 3561
3456 3563
3456 3566
3456 3570
3456 3575
3456 5618
3456 9180
3456 3716
3456 3717
3456 3718
3558 1441
3558 2057
3558 2690
3558 3454
3558 3455
3558 3559
3558 3560
3558 3561
3558 3563
3558 3566
3558 3570
3558 3575
3558 5618
3558 9180
3558 3716
3558 3717
3558 3718
3562 1441
3562 2057
3562 2690
3562 3454
3562 3455
3562 3559
3562 3560
3562 3561
3562 3563
3562 3566
3562 3570
3562 3575
3562 5618
3562 9180
3562 3716
3562 3717
3562 3718
3565 1441
3565 2057
3565 2690
3565 3454
3565 3455
3565 3559
3565 3560
3565 3561
3565 3563
3565 3566
3565 3570
3565 3575
3565 5618
3565 9180
3565 3716
3565 3717
3565 3718
3569 1441
3569 2057
3569 2690
3569 3454
3569 3455
3569 3559
3569 3560
3569 3561
3569 3563
3569 3566
3569 3570
3569 3575
3569 5618
3569 9180
3569 3716
3569 3717
3569 3718
3574 1441
3574 2057
3574 2690
3574 3454
3574 3455
3574 3559
3574 3560
3574 3561
3574 3563
3574 3566
3574 3570
3574 3575
3574 5618
3574 9180
3574 3716
3574 3717
3574 3718
5008 1441
5008 2057
5008 2690
5008 3454
5008 3455
5008 3559
5008 3560
5008 3561
5008 3563
5008 3566
5008 3570
5008 3575
5008 5618
5008 9180
5008 3716
5008 3717
5008 3718
5617 1441
5617 2057
5617 2690
5617 3454
5617 3455
5617 3559
5617 3560
5617 3561
5617 3563
5617 3566
5617 3570
5617 3575
5617 5618
5617 9180
5617 3716
5617 3717
5617 3718
10488 596
10488 4170
1385 596
1385 4170
1386 596
1386 4170
1388 596
1388 4170
148327 596
148327 4170
468 596
468 4170
64764 596
64764 4170
84699 596
84699 4170
90993 596
90993 4170
9586 596
9586 4170
118788 5290
118788 5291
118788 5293
118788 5295
118788 5296
118788 8503
4515 10000
4515 207
4515 208
8115 10000
8115 207
8115 208
9623 10000
9623 207
9623 208
3164 6256
3164 596
