468 1649
468 23645
1649 596
7186 4217
4217 5609
5609 5599
5609 5601
5609 5602
1965 468
23645 1965
823 100506742
824 100506742
55666 7415
55666 7353
30001 10130
30001 10961
30001 5034
30001 81567
30001 9601
56605 10130
56605 10961
56605 5034
56605 81567
56605 9601
578 823
578 824
581 823
581 824
1388 1649
22926 1649
2081 7186
2081 7494
27102 1965
27102 4780
440275 1965
440275 4780
5610 1965
5610 4780
9451 1965
9451 4780
7494 1649
7466 1388
7466 22926
55968 7415
80700 7415
258010 55968
258010 80700
258010 7415
258010 55666
4780 1649
22872 10427
22872 10483
22872 10484
22872 10802
22872 9632
22872 9871
22872 51128
22872 56681
25956 10427
25956 10483
25956 10484
25956 10802
25956 9632
25956 9871
25956 51128
25956 56681
6396 10427
6396 10483
6396 10484
6396 10802
6396 9632
6396 9871
6396 51128
6396 56681
10113 51128
10113 56681
596 578
596 581
