6647 596
6647 10452
6647 84134
6647 79139
6647 5530
6647 5532
6647 5533
6647 5534
6647 5535
6647 4747
54205 842
7124 7132
7124 7133
581 54205
572 54205
596 54205
598 54205
317 842
842 836
7132 1616
7133 1616
1616 4217
4217 5606
4217 5608
5606 1432
5606 5600
5606 5603
5606 6300
5608 1432
5608 5600
5608 5603
5608 6300
1432 4747
1432 4741
1432 4744
5600 4747
5600 4741
5600 4744
5603 4747
5603 4741
5603 4744
6300 4747
6300 4741
6300 4744
5630 4747
5630 4741
5630 4744
57679 5868
57679 5879
