51422 1994
51422 5207
51422 5208
51422 5209
51422 5210
51422 29904
51422 10891
51422 23417
51422 200186
51422 2997
51422 2998
51422 3991
51422 3156
51422 32
51422 31
51422 2475
51422 57521
51422 84335
51422 23216
51422 948
51422 6720
51422 1080
51422 7249
51422 7248
53632 1994
53632 5207
53632 5208
53632 5209
53632 5210
53632 29904
53632 10891
53632 23417
53632 200186
53632 2997
53632 2998
53632 3991
53632 3156
53632 32
53632 31
53632 2475
53632 57521
53632 84335
53632 23216
53632 948
53632 6720
53632 1080
53632 7249
53632 7248
5562 1994
5562 5207
5562 5208
5562 5209
5562 5210
5562 29904
5562 10891
5562 23417
5562 200186
5562 2997
5562 2998
5562 3991
5562 3156
5562 32
5562 31
5562 2475
5562 57521
5562 84335
5562 23216
5562 948
5562 6720
5562 1080
5562 7249
5562 7248
5563 1994
5563 5207
5563 5208
5563 5209
5563 5210
5563 29904
5563 10891
5563 23417
5563 200186
5563 2997
5563 2998
5563 3991
5563 3156
5563 32
5563 31
5563 2475
5563 57521
5563 84335
5563 23216
5563 948
5563 6720
5563 1080
5563 7249
5563 7248
5564 1994
5564 5207
5564 5208
5564 5209
5564 5210
5564 29904
5564 10891
5564 23417
5564 200186
5564 2997
5564 2998
5564 3991
5564 3156
5564 32
5564 31
5564 2475
5564 57521
5564 84335
5564 23216
5564 948
5564 6720
5564 1080
5564 7249
5564 7248
5565 1994
5565 5207
5565 5208
5565 5209
5565 5210
5565 29904
5565 10891
5565 23417
5565 200186
5565 2997
5565 2998
5565 3991
5565 3156
5565 32
5565 31
5565 2475
5565 57521
5565 84335
5565 23216
5565 948
5565 6720
5565 1080
5565 7249
5565 7248
5571 1994
5571 5207
5571 5208
5571 5209
5571 5210
5571 29904
5571 10891
5571 23417
5571 200186
5571 2997
5571 2998
5571 3991
5571 3156
5571 32
5571 31
5571 2475
5571 57521
5571 84335
5571 23216
5571 948
5571 6720
5571 1080
5571 7249
5571 7248
3630 3643
3643 3667
3643 8471
3643 8660
10000 7249
10000 7248
207 7249
207 7248
208 7249
208 7248
5170 10000
5170 207
5170 208
3667 5290
3667 5291
3667 5293
3667 5295
3667 5296
3667 8503
8471 5290
8471 5291
8471 5293
8471 5295
8471 5296
8471 8503
8660 5290
8660 5291
8660 5293
8660 5295
8660 5296
8660 8503
3479 3480
3480 3667
3480 8471
3480 8660
2308 2308
2308 2309
2309 2308
2309 2309
6794 51422
6794 53632
6794 5562
6794 5563
6794 5564
6794 5565
6794 5571
10891 10891
10891 6517
10645 51422
10645 53632
10645 5562
10645 5563
10645 5564
10645 5565
10645 5571
7249 6009
2475 6198
2475 6199
2475 5468
2475 1978
2475 8408
57521 6198
57521 6199
57521 5468
57521 1978
57521 8408
84335 6198
84335 6199
84335 5468
84335 1978
84335 8408
9370 51094
9370 79602
3172 2538
3172 57818
3172 92579
3172 5105
3172 5106
6720 2194
6720 31
6720 6319
6720 79966
29904 1938
200186 5105
200186 5106
200186 10891
23216 10890
23216 4218
23216 51552
23216 5862
23216 9230
55437 51422
55437 53632
55437 5562
55437 5563
55437 5564
55437 5565
55437 5571
92335 51422
92335 53632
92335 5562
92335 5563
92335 5564
92335 5565
92335 5571
51719 51422
51719 53632
51719 5562
51719 5563
51719 5564
51719 5565
51719 5571
81617 51422
81617 53632
81617 5562
81617 5563
81617 5564
81617 5565
81617 5571
1994 595
1994 890
1994 8900
148 51422
148 53632
148 5562
148 5563
148 5564
148 5565
148 5571
3952 3953
10890 6517
4218 6517
51552 6517
5862 6517
9230 6517
6009 2475
6009 57521
6009 84335
7248 6009
6885 51422
6885 53632
6885 5562
6885 5563
6885 5564
6885 5565
6885 5571
10488 200186
1385 200186
148327 200186
64764 200186
84699 200186
90993 200186
9586 200186
