177 1536
177 27035
177 50507
177 113026
177 23236
177 51196
177 5330
177 5331
177 5332
177 5333
177 5335
177 5336
177 84812
177 1729
177 5290
177 5291
177 5293
177 5295
177 5296
177 8503
177 3717
177 5579
4790 177
4790 2277
4790 7422
4790 7423
4790 7424
4790 6347
4790 5054
4790 6401
4790 7412
4790 3383
4790 4313
4790 3552
4790 3553
4790 3569
4790 3576
4790 7124
4790 2152
4790 1906
4790 7056
5970 177
5970 2277
5970 7422
5970 7423
5970 7424
5970 6347
5970 5054
5970 6401
5970 7412
5970 3383
5970 4313
5970 3552
5970 3553
5970 3569
5970 3576
5970 7124
5970 2152
5970 1906
5970 7056
5579 5594
5579 5595
5579 1432
5579 5600
5579 5603
5579 6300
5579 5599
5579 5601
5579 5602
5579 1536
5579 27035
5579 50507
5599 3725
5599 4790
5599 5970
5599 2308
5599 596
5599 581
5599 1958
5601 3725
5601 4790
5601 5970
5601 2308
5601 596
5601 581
5601 1958
5602 3725
5602 4790
5602 5970
5602 2308
5602 596
5602 581
5602 1958
3265 5594
3265 5595
3265 1432
3265 5600
3265 5603
3265 6300
3845 5594
3845 5595
3845 1432
3845 5600
3845 5603
3845 6300
4893 5594
4893 5595
4893 1432
4893 5600
4893 5603
4893 6300
1432 3725
1432 4790
1432 5970
1432 4087
1432 4088
1432 2308
1432 596
1432 581
5600 3725
5600 4790
5600 5970
5600 4087
5600 4088
5600 2308
5600 596
5600 581
5603 3725
5603 4790
5603 5970
5603 4087
5603 4088
5603 2308
5603 596
5603 581
6300 3725
6300 4790
6300 5970
6300 4087
6300 4088
6300 2308
6300 596
6300 581
5594 3725
5594 4790
5594 5970
5594 4087
5594 4088
5595 3725
5595 4790
5595 5970
5595 4087
5595 4088
7042 7048
7043 7048
7046 4087
7046 4088
4087 4089
4088 4089
3725 7040
3725 177
3725 2277
3725 7422
3725 7423
3725 7424
3725 6347
3725 5054
3725 6401
3725 7412
3725 3383
3725 4313
3725 3552
3725 3553
3725 3569
3725 3576
3725 7124
3725 2152
3725 1906
3725 7056
3717 6774
3717 6772
3717 6776
3717 6777
6776 595
6777 595
6772 1277
6772 1278
6774 5292
6774 4772
6774 1277
6774 1278
581 836
596 836
10000 4790
10000 5970
207 4790
207 5970
208 4790
208 5970
1729 5879
1729 998
5290 10000
5290 207
5290 208
5290 836
5291 10000
5291 207
5291 208
5291 836
5293 10000
5293 207
5293 208
5293 836
5295 10000
5295 207
5295 208
5295 836
5296 10000
5296 207
5296 208
5296 836
8503 10000
8503 207
8503 208
8503 836
4846 1432
4846 5600
4846 5603
4846 6300
4846 5599
4846 5601
4846 5602
5879 5599
5879 5601
5879 5602
5879 1432
5879 5600
5879 5603
5879 6300
998 5599
998 5601
998 5602
998 1432
998 5600
998 5603
998 6300
5292 4772
5578 5594
5578 5595
5578 1432
5578 5600
5578 5603
5578 6300
5578 5599
5578 5601
5578 5602
5578 1536
5578 27035
5578 50507
5580 5594
5580 5595
5580 1432
5580 5600
5580 5603
5580 6300
5580 5599
5580 5601
5580 5602
5580 1536
5580 27035
5580 50507
5581 5594
5581 5595
5581 1432
5581 5600
5581 5603
5581 6300
5581 5599
5581 5601
5581 5602
5581 1536
5581 27035
5581 50507
5590 5594
5590 5595
5590 1432
5590 5600
5590 5603
5590 6300
5590 5599
5590 5601
5590 5602
5590 1536
5590 27035
5590 50507
7040 7048
185 7042
185 7043
185 7040
