5599 5130
5599 9468
5599 100137049
5599 123745
5599 255189
5599 283748
5599 5321
5599 8605
5599 8681
5601 5130
5601 9468
5601 100137049
5601 123745
5601 255189
5601 283748
5601 5321
5601 8605
5601 8681
5602 5130
5602 9468
5602 100137049
5602 123745
5602 255189
5602 283748
5602 5321
5602 8605
5602 8681
5594 5130
5594 9468
5594 100137049
5594 123745
5594 255189
5594 283748
5594 5321
5594 8605
5594 8681
5595 5130
5595 9468
5595 100137049
5595 123745
5595 255189
5595 283748
5595 5321
5595 8605
5595 8681
6654 3265
6654 3845
6654 4893
6655 3265
6655 3845
6655 4893
3265 5894
3265 5900
3265 5337
3265 5338
3265 5335
3845 5894
3845 5900
3845 5337
3845 5338
3845 5335
4893 5894
4893 5900
4893 5337
4893 5338
4893 5335
5604 5594
5604 5595
5605 5594
5605 5595
5894 5337
5894 5338
5894 1119
5894 1120
5894 5604
5894 5605
10000 7248
10000 7249
207 7248
207 7249
208 7248
208 7249
5290 1119
5290 1120
5290 5337
5290 5338
5291 1119
5291 1120
5291 5337
5291 5338
5293 1119
5293 1120
5293 5337
5293 5338
5295 1119
5295 1120
5295 5337
5295 5338
5296 1119
5296 1120
5296 5337
5296 5338
8503 1119
8503 1120
8503 5337
8503 5338
5170 10000
5170 207
5170 208
1956 2885
1956 5290
1956 5291
1956 5293
1956 5295
1956 5296
1956 8503
5156 2885
5156 5290
5156 5291
5156 5293
5156 5295
5156 5296
5156 8503
5159 2885
5159 5290
5159 5291
5159 5293
5159 5295
5159 5296
5159 8503
2885 6654
2885 6655
1950 1956
1950 5156
1950 5159
5154 1956
5154 5156
5154 5159
5155 1956
5155 5156
5155 5159
56034 1956
56034 5156
56034 5159
80310 1956
80310 5156
80310 5159
5900 5599
5900 5601
5900 5602
5900 5337
5900 5338
5900 1119
5900 1120
6009 2475
2475 6198
2475 6199
2475 1978
23396 7454
23396 8976
8394 7454
8394 8976
8395 7454
8395 8976
5879 10163
5879 10810
5879 8936
5880 10163
5880 10810
5880 8936
5881 10163
5881 10810
5881 8936
6667 126969
6667 204962
6667 23446
6667 57153
6667 60482
6667 6580
6667 6581
6667 6582
6667 6583
6667 6584
6667 80736
6667 5337
6667 5338
6667 5130
6667 9468
2353 1119
2353 1120
3725 1119
3725 1120
3091 1119
3091 1120
