9146 10254
9146 8027
10193 1956
10193 2261
10193 2263
10193 2264
10193 3480
10193 5156
11059 1956
11059 2261
11059 2263
11059 2264
11059 3480
11059 5156
23327 1956
23327 2261
23327 2263
23327 2264
23327 3480
23327 5156
23624 1956
23624 2261
23624 2263
23624 2264
23624 3480
23624 5156
4193 1956
4193 2261
4193 2263
4193 2264
4193 3480
4193 5156
4734 1956
4734 2261
4734 2263
4734 2264
4734 3480
4734 5156
57154 1956
57154 2261
57154 2263
57154 2264
57154 3480
57154 5156
64750 1956
64750 2261
64750 2263
64750 2264
64750 3480
64750 5156
7189 1956
7189 2261
7189 2263
7189 2264
7189 3480
7189 5156
83737 1956
83737 2261
83737 2263
83737 2264
83737 3480
83737 5156
867 1956
867 2261
867 2263
867 2264
867 3480
867 5156
868 1956
868 2261
868 2263
868 2264
868 3480
868 5156
1211 30846
1212 30846
1213 30846
8218 30846
1173 30846
1175 30846
160 30846
161 30846
163 30846
89853 10015
93343 10015
128866 10015
29082 10015
92421 10015
5119 25978
5119 27243
5119 27183
5119 9525
5119 51534
57132 25978
57132 27243
57132 27183
57132 9525
57132 51534
27183 51534
9525 51534
51510 27183
51510 9525
6714 857
6714 858
6714 859
22905 1956
22905 2261
22905 2263
22905 2264
22905 3480
22905 5156
29924 1956
29924 2261
29924 2263
29924 2264
29924 3480
29924 5156
55040 1956
55040 2261
55040 2263
55040 2264
55040 3480
55040 5156
2060 1956
2060 2261
2060 2263
2060 2264
2060 3480
2060 5156
58513 1956
58513 2261
58513 2263
58513 2264
58513 3480
58513 5156
26119 3949
1601 3949
30011 1956
30011 2261
30011 2263
30011 2264
30011 3480
30011 5156
51100 1956
51100 2261
51100 2263
51100 2264
51100 3480
51100 5156
56904 1956
56904 2261
56904 2263
56904 2264
56904 3480
56904 5156
6455 1956
6455 2261
6455 2263
6455 2264
6455 3480
6455 5156
6456 1956
6456 2261
6456 2263
6456 2264
6456 3480
6456 5156
6457 1956
6457 2261
6457 2263
6457 2264
6457 3480
6457 5156
131890 1234
131890 3577
131890 3579
131890 7852
156 1234
156 3577
156 3579
156 7852
157 1234
157 3577
157 3579
157 7852
2868 1234
2868 3577
2868 3579
2868 7852
2869 1234
2869 3577
2869 3579
2869 7852
2870 1234
2870 3577
2870 3579
2870 7852
6011 1234
6011 3577
6011 3579
6011 7852
408 1234
408 3577
408 3579
408 7852
409 1234
409 3577
409 3579
409 7852
22841 8766
22841 9230
26056 8766
26056 9230
80223 8766
80223 9230
30845 64145
10938 22841
10938 26056
10938 80223
5867 80230
64145 5867
64145 10938
11311 64145
7046 4087
7046 4088
7048 4087
7048 4088
387 3559
387 3560
387 3561
91782 128866
91782 29082
91782 92421
