7040 7046
7040 7048
7042 7046
7042 7048
7043 7046
7043 7048
7094 3383
83660 3383
915 4215
916 4215
917 4215
3383 3683
3383 3689
3683 3383
3689 3383
5530 4772
5530 4773
5530 4775
5530 4776
5532 4772
5532 4773
5532 4775
5532 4776
5533 4772
5533 4773
5533 4775
5533 4776
5534 4772
5534 4773
5534 4775
5534 4776
5535 4772
5535 4773
5535 4775
5535 4776
811 5530
811 5532
811 5533
811 5534
811 5535
3560 3716
3560 3718
3561 3716
3561 3718
3716 6776
3716 6777
3718 6776
3718 6777
894 5925
2224 22800
2224 22808
2224 3265
2224 3845
2224 4893
2224 6237
107 5566
107 5567
107 5568
108 5566
108 5567
108 5568
109 5566
109 5567
109 5568
111 5566
111 5567
111 5568
112 5566
112 5567
112 5568
113 5566
113 5567
113 5568
114 5566
114 5567
114 5568
115 5566
115 5567
115 5568
196883 5566
196883 5567
196883 5568
5566 1385
5566 1386
5566 1390
5566 466
5566 467
5566 468
5566 7494
5567 1385
5567 1386
5567 1390
5567 466
5567 467
5567 468
5567 7494
5568 1385
5568 1386
5568 1390
5568 466
5568 467
5568 468
5568 7494
1385 200186
1385 23373
1385 64784
1386 200186
1386 23373
1386 64784
1390 200186
1390 23373
1390 64784
466 200186
466 23373
466 64784
467 200186
467 23373
467 64784
468 200186
468 23373
468 64784
7494 200186
7494 23373
7494 64784
7046 4087
7046 4088
7046 4089
7048 4087
7048 4088
7048 4089
4087 6513
4088 6513
4089 6513
5111 10714
5111 54107
5111 5424
5111 5425
5111 5426
5111 5427
5111 56655
5111 57804
1026 5111
10393 10744
10393 9232
10393 9133
246184 10744
246184 9232
246184 9133
29882 10744
29882 9232
29882 9133
29945 10744
29945 9232
29945 9133
51433 10744
51433 9232
51433 9133
51434 10744
51434 9232
51434 9133
51529 10744
51529 9232
51529 9133
64682 10744
64682 9232
64682 9133
8697 10744
8697 9232
8697 9133
8881 10744
8881 9232
8881 9133
996 10744
996 9232
996 9133
701 10393
701 246184
701 29882
701 29945
701 51433
701 51434
701 51529
701 64682
701 8697
701 8881
701 996
701 991
4085 10393
4085 246184
4085 29882
4085 29945
4085 51433
4085 51434
4085 51529
4085 64682
4085 8697
4085 8881
4085 996
4085 991
9184 10393
9184 246184
9184 29882
9184 29945
9184 51433
9184 51434
9184 51529
9184 64682
9184 8697
9184 8881
9184 996
9184 991
4790 7157
5970 7157
4792 4790
4792 5970
1147 4792
1147 4791
1147 5971
9020 1147
4055 9020
958 9020
115650 9020
3551 4792
7132 4214
3554 4215
7850 4215
4214 6416
4215 1147
4215 3551
4215 8517
6416 5599
5599 3725
5156 5290
5156 5291
5156 5293
5156 5295
5156 5296
5156 8503
5159 5290
5159 5291
5159 5293
5159 5295
5159 5296
5159 8503
5154 5156
5154 5159
5155 5156
5155 5159
5290 10000
5290 207
5290 208
5291 10000
5291 207
5291 208
5293 10000
5293 207
5293 208
5295 10000
5295 207
5295 208
5296 10000
5296 207
5296 208
8503 10000
8503 207
8503 208
10000 2932
10000 3725
10000 1147
10000 3551
207 2932
207 3725
207 1147
207 3551
208 2932
208 3725
208 1147
208 3551
51384 11211
51384 2535
51384 7855
51384 7976
51384 8321
51384 8322
51384 8323
51384 8324
51384 8325
51384 8326
54361 11211
54361 2535
54361 7855
54361 7976
54361 8321
54361 8322
54361 8323
54361 8324
54361 8325
54361 8326
7471 11211
7471 2535
7471 7855
7471 7976
7471 8321
7471 8322
7471 8323
7471 8324
7471 8325
7471 8326
7472 11211
7472 2535
7472 7855
7472 7976
7472 8321
7472 8322
7472 8323
7472 8324
7472 8325
7472 8326
7473 11211
7473 2535
7473 7855
7473 7976
7473 8321
7473 8322
7473 8323
7473 8324
7473 8325
7473 8326
7474 11211
7474 2535
7474 7855
7474 7976
7474 8321
7474 8322
7474 8323
7474 8324
7474 8325
7474 8326
7475 11211
7475 2535
7475 7855
7475 7976
7475 8321
7475 8322
7475 8323
7475 8324
7475 8325
7475 8326
7476 11211
7476 2535
7476 7855
7476 7976
7476 8321
7476 8322
7476 8323
7476 8324
7476 8325
7476 8326
7477 11211
7477 2535
7477 7855
7477 7976
7477 8321
7477 8322
7477 8323
7477 8324
7477 8325
7477 8326
7478 11211
7478 2535
7478 7855
7478 7976
7478 8321
7478 8322
7478 8323
7478 8324
7478 8325
7478 8326
7479 11211
7479 2535
7479 7855
7479 7976
7479 8321
7479 8322
7479 8323
7479 8324
7479 8325
7479 8326
7480 11211
7480 2535
7480 7855
7480 7976
7480 8321
7480 8322
7480 8323
7480 8324
7480 8325
7480 8326
7481 11211
7481 2535
7481 7855
7481 7976
7481 8321
7481 8322
7481 8323
7481 8324
7481 8325
7481 8326
7482 11211
7482 2535
7482 7855
7482 7976
7482 8321
7482 8322
7482 8323
7482 8324
7482 8325
7482 8326
7483 11211
7483 2535
7483 7855
7483 7976
7483 8321
7483 8322
7483 8323
7483 8324
7483 8325
7483 8326
7484 11211
7484 2535
7484 7855
7484 7976
7484 8321
7484 8322
7484 8323
7484 8324
7484 8325
7484 8326
80326 11211
80326 2535
80326 7855
80326 7976
80326 8321
80326 8322
80326 8323
80326 8324
80326 8325
80326 8326
81029 11211
81029 2535
81029 7855
81029 7976
81029 8321
81029 8322
81029 8323
81029 8324
81029 8325
81029 8326
89780 11211
89780 2535
89780 7855
89780 7976
89780 8321
89780 8322
89780 8323
89780 8324
89780 8325
89780 8326
11211 1855
11211 1856
11211 1857
2535 1855
2535 1856
2535 1857
7855 1855
7855 1856
7855 1857
7976 1855
7976 1856
7976 1857
8321 1855
8321 1856
8321 1857
8322 1855
8322 1856
8322 1857
8323 1855
8323 1856
8323 1857
8324 1855
8324 1856
8324 1857
8325 1855
8325 1856
8325 1857
8326 1855
8326 1856
8326 1857
1855 2932
1856 2932
1857 2932
2932 1499
2932 10297
2932 324
1739 10297
1739 324
1029 1019
1030 1019
1019 5925
595 5925
896 5925
5925 1869
5925 1870
5925 1871
6722 387332
6722 6908
6722 9519
2002 387332
2002 6908
2002 9519
2005 387332
2005 6908
2005 9519
2113 387332
2113 6908
2113 9519
2114 387332
2114 6908
2114 9519
6688 387332
6688 6908
6688 9519
1387 6929
1387 4602
1387 4087
1387 4088
1387 7157
2033 6929
2033 4602
2033 4087
2033 4088
2033 7157
7157 387332
7157 6908
7157 9519
1111 7157
11200 7157
472 1111
472 11200
545 1111
545 11200
7124 7132
