4609 27165
4609 2744
4609 6510
4609 6514
4609 6513
4609 3098
4609 3099
4609 3101
4609 80201
4609 441531
4609 5223
4609 5224
4609 5315
4609 3939
51548 4609
51548 3091
3091 6513
3091 3098
3091 3099
3091 3101
3091 80201
3091 441531
3091 5223
3091 5224
3091 3939
3091 5315
3091 5211
3091 5213
3091 5214
3091 5163
5163 5160
5163 5161
5163 5162
1956 3265
1956 3845
1956 4893
1956 5290
1956 5291
1956 5293
1956 5295
1956 5296
1956 8503
2064 3265
2064 3845
2064 4893
2064 5290
2064 5291
2064 5293
2064 5295
2064 5296
2064 8503
2260 3265
2260 3845
2260 4893
2261 3265
2261 3845
2261 4893
2263 3265
2263 3845
2263 4893
2322 3265
2322 3845
2322 4893
3815 3265
3815 3845
3815 4893
4233 3265
4233 3845
4233 4893
4233 5290
4233 5291
4233 5293
4233 5295
4233 5296
4233 8503
4914 3265
4914 3845
4914 4893
4916 3265
4916 3845
4916 4893
5156 3265
5156 3845
5156 4893
5159 3265
5159 3845
5159 4893
5979 3265
5979 3845
5979 4893
3265 5894
3845 5894
4893 5894
5894 5604
5894 5605
5604 5594
5604 5595
5605 5594
5605 5595
5594 4609
5595 4609
5290 10000
5290 207
5290 208
5291 10000
5291 207
5291 208
5293 10000
5293 207
5293 208
5295 10000
5295 207
5295 208
5296 10000
5296 207
5296 208
8503 10000
8503 207
8503 208
10000 2475
207 2475
208 2475
2475 3091
2475 8140
7157 9997
7157 2539
7157 6513
7157 6514
7157 57103
7157 5728
