1956 25759
1956 399694
1956 53358
1956 6464
1956 5335
1956 5336
1956 5290
1956 5291
1956 5293
1956 5295
1956 5296
1956 8503
3265 369
3265 5894
3265 673
3845 369
3845 5894
3845 673
4893 369
4893 5894
4893 673
369 5604
369 5605
5894 5604
5894 5605
673 5604
673 5605
5604 5594
5604 5595
5605 5594
5605 5595
25759 2885
399694 2885
53358 2885
6464 2885
2885 6654
2885 6655
6654 3265
6654 3845
6654 4893
6655 3265
6655 3845
6655 4893
2475 6198
2475 6199
3481 3480
3480 25759
3480 399694
3480 53358
3480 6464
3480 5290
3480 5291
3480 5293
3480 5295
3480 5296
3480 8503
10000 2475
10000 572
207 2475
207 572
208 2475
208 572
595 5925
51176 4609
51176 595
6932 4609
6932 595
6934 4609
6934 595
83439 4609
83439 595
8312 122011
8312 1452
8312 1499
8313 122011
8313 1452
8313 1499
10297 122011
10297 1452
10297 1499
324 122011
324 1452
324 1499
1499 51176
1499 6932
1499 6934
1499 83439
2932 122011
2932 1452
2932 1499
1855 10023
1855 23401
1855 2932
1856 10023
1856 23401
1856 2932
1857 10023
1857 23401
1857 2932
11211 1855
11211 1856
11211 1857
2535 1855
2535 1856
2535 1857
7855 1855
7855 1856
7855 1857
7976 1855
7976 1856
7976 1857
8321 1855
8321 1856
8321 1857
8322 1855
8322 1856
8322 1857
8323 1855
8323 1856
8323 1857
8324 1855
8324 1856
8324 1857
8325 1855
8325 1856
8325 1857
8326 1855
8326 1856
8326 1857
51384 4040
51384 4041
51384 11211
51384 2535
51384 7855
51384 7976
51384 8321
51384 8322
51384 8323
51384 8324
51384 8325
51384 8326
54361 4040
54361 4041
54361 11211
54361 2535
54361 7855
54361 7976
54361 8321
54361 8322
54361 8323
54361 8324
54361 8325
54361 8326
7471 4040
7471 4041
7471 11211
7471 2535
7471 7855
7471 7976
7471 8321
7471 8322
7471 8323
7471 8324
7471 8325
7471 8326
7472 4040
7472 4041
7472 11211
7472 2535
7472 7855
7472 7976
7472 8321
7472 8322
7472 8323
7472 8324
7472 8325
7472 8326
7473 4040
7473 4041
7473 11211
7473 2535
7473 7855
7473 7976
7473 8321
7473 8322
7473 8323
7473 8324
7473 8325
7473 8326
7474 4040
7474 4041
7474 11211
7474 2535
7474 7855
7474 7976
7474 8321
7474 8322
7474 8323
7474 8324
7474 8325
7474 8326
7475 4040
7475 4041
7475 11211
7475 2535
7475 7855
7475 7976
7475 8321
7475 8322
7475 8323
7475 8324
7475 8325
7475 8326
7476 4040
7476 4041
7476 11211
7476 2535
7476 7855
7476 7976
7476 8321
7476 8322
7476 8323
7476 8324
7476 8325
7476 8326
7477 4040
7477 4041
7477 11211
7477 2535
7477 7855
7477 7976
7477 8321
7477 8322
7477 8323
7477 8324
7477 8325
7477 8326
7478 4040
7478 4041
7478 11211
7478 2535
7478 7855
7478 7976
7478 8321
7478 8322
7478 8323
7478 8324
7478 8325
7478 8326
7479 4040
7479 4041
7479 11211
7479 2535
7479 7855
7479 7976
7479 8321
7479 8322
7479 8323
7479 8324
7479 8325
7479 8326
7480 4040
7480 4041
7480 11211
7480 2535
7480 7855
7480 7976
7480 8321
7480 8322
7480 8323
7480 8324
7480 8325
7480 8326
7481 4040
7481 4041
7481 11211
7481 2535
7481 7855
7481 7976
7481 8321
7481 8322
7481 8323
7481 8324
7481 8325
7481 8326
7482 4040
7482 4041
7482 11211
7482 2535
7482 7855
7482 7976
7482 8321
7482 8322
7482 8323
7482 8324
7482 8325
7482 8326
7483 4040
7483 4041
7483 11211
7483 2535
7483 7855
7483 7976
7483 8321
7483 8322
7483 8323
7483 8324
7483 8325
7483 8326
7484 4040
7484 4041
7484 11211
7484 2535
7484 7855
7484 7976
7484 8321
7484 8322
7484 8323
7484 8324
7484 8325
7484 8326
80326 4040
80326 4041
80326 11211
80326 2535
80326 7855
80326 7976
80326 8321
80326 8322
80326 8323
80326 8324
80326 8325
80326 8326
81029 4040
81029 4041
81029 11211
81029 2535
81029 7855
81029 7976
81029 8321
81029 8322
81029 8323
81029 8324
81029 8325
81029 8326
89780 4040
89780 4041
89780 11211
89780 2535
89780 7855
89780 7976
89780 8321
89780 8322
89780 8323
89780 8324
89780 8325
89780 8326
5925 1869
5925 1870
5925 1871
7157 1026
7157 10912
7157 1647
7157 4616
7157 581
7157 578
7157 1643
7157 51426
7039 1956
5578 2002
5579 2002
5582 2002
7040 7046
7040 7048
7042 7046
7042 7048
7043 7046
7043 7048
4087 4089
4088 4089
7046 4087
7046 4088
7048 4087
7048 4088
3082 4233
4233 2885
4233 2549
57492 6598
57492 6599
57492 6601
57492 6595
57492 6597
8289 6598
8289 6599
8289 6601
8289 6595
8289 6597
6598 55193
6598 6605
6598 29117
6598 60
6598 71
6598 51412
6598 86
6598 6602
6598 6603
6598 6604
6598 55274
6598 8110
6598 8193
6598 196528
6599 55193
6599 6605
6599 29117
6599 60
6599 71
6599 51412
6599 86
6599 6602
6599 6603
6599 6604
6599 55274
6599 8110
6599 8193
6599 196528
6601 55193
6601 6605
6601 29117
6601 60
6601 71
6601 51412
6601 86
6601 6602
6601 6603
6601 6604
6601 55274
6601 8110
6601 8193
6601 196528
6595 55193
6595 6605
6595 29117
6595 60
6595 71
6595 51412
6595 86
6595 6602
6595 6603
6595 6604
6595 55274
6595 8110
6595 8193
6595 196528
6597 55193
6597 6605
6597 29117
6597 60
6597 71
6597 51412
6597 86
6597 6602
6597 6603
6597 6604
6597 55274
6597 8110
6597 8193
6597 196528
4780 3162
4780 1728
4780 119391
4780 221357
4780 2938
4780 2939
4780 2940
4780 2941
4780 2944
4780 2946
4780 2947
4780 2948
4780 2949
4780 2950
4780 2952
4780 2953
4780 4257
4780 4258
4780 4259
4780 653689
4780 9446
4780 10587
4780 114112
4780 7296
9817 4780
572 598
1029 595
1029 1019
1029 1021
1019 5925
1021 5925
2549 5290
2549 5291
2549 5293
2549 5295
2549 5296
2549 8503
60 6598
60 6599
60 6601
60 6595
60 6597
71 6598
71 6599
71 6601
71 6595
71 6597
55274 6598
55274 6599
55274 6601
55274 6595
55274 6597
8110 6598
8110 6599
8110 6601
8110 6595
8110 6597
8193 6598
8193 6599
8193 6601
8193 6595
8193 6597
51412 6598
51412 6599
51412 6601
51412 6595
51412 6597
86 6598
86 6599
86 6601
86 6595
86 6597
6602 6598
6602 6599
6602 6601
6602 6595
6602 6597
6603 6598
6603 6599
6603 6601
6603 6595
6603 6597
6604 6598
6604 6599
6604 6601
6604 6595
6604 6597
6605 6598
6605 6599
6605 6601
6605 6595
6605 6597
