598 581
598 578
472 7157
7157 578
7157 581
7157 55367
7157 637
7157 317
7157 63970
7157 355
7157 8795
7157 8797
7157 27113
7157 5366
596 581
596 578
329 842
329 836
329 840
330 842
330 836
330 840
331 842
331 836
331 840
332 842
332 836
332 840
842 10038
842 10039
842 142
842 143
842 839
842 836
842 840
840 10038
840 10039
840 142
840 143
840 60
840 71
836 6708
836 6709
836 10038
836 10039
836 142
836 143
836 1676
836 60
836 71
572 596
4790 5783
4790 8837
4790 329
4790 330
4790 331
4790 332
4790 10912
4790 1647
4790 4616
4790 7185
4790 7186
4790 598
4790 597
5970 5783
5970 8837
5970 329
5970 330
5970 331
5970 332
5970 10912
5970 1647
5970 4616
5970 7185
5970 7186
5970 598
5970 597
839 4000
839 4001
839 84823
839 60
839 71
4792 4790
4792 5970
317 842
54205 842
54205 317
841 839
841 836
841 840
823 100506742
824 100506742
10000 572
10000 1147
10000 3551
10000 8517
207 572
207 1147
207 3551
207 8517
208 572
208 1147
208 3551
208 8517
9020 1147
9020 3551
9020 8517
1147 4792
3551 4792
8517 4792
8837 841
8837 843
7186 153090
7186 9020
7186 4217
8717 841
8717 843
8772 841
8772 843
1439 3265
1439 3845
1439 4893
1439 5290
1439 5291
1439 5293
1439 5295
1439 5296
1439 8503
3563 3265
3563 3845
3563 4893
3563 5290
3563 5291
3563 5293
3563 5295
3563 5296
3563 8503
4914 5290
4914 5291
4914 5293
4914 5295
4914 5296
4914 8503
4914 3265
4914 3845
4914 4893
7132 8772
7132 8717
7132 7186
7132 8737
8795 8772
8797 8772
355 8772
355 1616
3562 1439
3562 3563
4803 4914
7124 7132
8743 8795
8743 8797
356 355
56616 329
56616 330
56616 331
56616 332
5414 329
5414 330
5414 331
5414 332
27429 329
27429 330
27429 331
27429 332
5366 596
5366 598
27113 596
27113 598
2081 4217
100506742 836
100506742 840
1616 4217
4217 5599
4217 5601
4217 5602
5599 598
5599 596
5599 637
5599 572
5599 3725
5599 2353
5601 598
5601 596
5601 637
5601 572
5601 3725
5601 2353
5602 598
5602 596
5602 637
5602 572
5602 3725
5602 2353
153090 4217
3725 7157
3725 355
3725 356
3725 10018
3725 8739
2353 7157
2353 355
2353 356
2353 10018
2353 8739
10018 598
10018 596
10018 581
1075 598
1075 596
1075 329
1075 330
1075 331
1075 332
1075 637
1508 598
1508 596
1508 329
1508 330
1508 331
1508 332
1508 637
1509 598
1509 596
1509 329
1509 330
1509 331
1509 332
1509 637
1512 598
1512 596
1512 329
1512 330
1512 331
1512 332
1512 637
1513 598
1513 596
1513 329
1513 330
1513 331
1513 332
1513 637
1514 598
1514 596
1514 329
1514 330
1514 331
1514 332
1514 637
1515 598
1515 596
1515 329
1515 330
1515 331
1515 332
1515 637
1519 598
1519 596
1519 329
1519 330
1519 331
1519 332
1519 637
1520 598
1520 596
1520 329
1520 330
1520 331
1520 332
1520 637
1521 598
1521 596
1521 329
1521 330
1521 331
1521 332
1521 637
1522 598
1522 596
1522 329
1522 330
1522 331
1522 332
1522 637
8722 598
8722 596
8722 329
8722 330
8722 331
8722 332
8722 637
1649 598
1649 596
9451 1965
1965 468
468 1649
5170 10000
5170 207
5170 208
835 637
55367 637
3002 10376
3002 112714
3002 113457
3002 51807
3002 7277
3002 7278
3002 7846
3002 79861
3002 84790
3002 4170
3002 4000
3002 4001
3002 84823
3002 10038
3002 10039
3002 142
3002 143
3002 1676
3002 836
3002 840
3002 841
3002 637
4170 10018
3265 5894
3845 5894
4893 5894
5894 5604
5894 5605
5604 5594
5604 5595
5605 5594
5605 5595
5594 596
5595 596
