10663 3717
10663 3718
10663 2770
10663 2771
10663 2773
10803 3717
10803 3718
10803 2770
10803 2771
10803 2773
1230 3717
1230 3718
1230 2770
1230 2771
1230 2773
1232 3717
1232 3718
1232 2770
1232 2771
1232 2773
1233 3717
1233 3718
1233 2770
1233 2771
1233 2773
1234 3717
1234 3718
1234 2770
1234 2771
1234 2773
1235 3717
1235 3718
1235 2770
1235 2771
1235 2773
1236 3717
1236 3718
1236 2770
1236 2771
1236 2773
1237 3717
1237 3718
1237 2770
1237 2771
1237 2773
1524 3717
1524 3718
1524 2770
1524 2771
1524 2773
2826 3717
2826 3718
2826 2770
2826 2771
2826 2773
2829 3717
2829 3718
2829 2770
2829 2771
2829 2773
2833 3717
2833 3718
2833 2770
2833 2771
2833 2773
3577 3717
3577 3718
3577 2770
3577 2771
3577 2773
3579 3717
3579 3718
3579 2770
3579 2771
3579 2773
643 3717
643 3718
643 2770
643 2771
643 2773
729230 3717
729230 3718
729230 2770
729230 2771
729230 2773
7852 3717
7852 3718
7852 2770
7852 2771
7852 2773
10344 10663
10344 10803
10344 1230
10344 1232
10344 1233
10344 1234
10344 1235
10344 1236
10344 1237
10344 1524
10344 2826
10344 2829
10344 2833
10344 3577
10344 3579
10344 643
10344 729230
10344 7852
10563 10663
10563 10803
10563 1230
10563 1232
10563 1233
10563 1234
10563 1235
10563 1236
10563 1237
10563 1524
10563 2826
10563 2829
10563 2833
10563 3577
10563 3579
10563 643
10563 729230
10563 7852
10850 10663
10850 10803
10850 1230
10850 1232
10850 1233
10850 1234
10850 1235
10850 1236
10850 1237
10850 1524
10850 2826
10850 2829
10850 2833
10850 3577
10850 3579
10850 643
10850 729230
10850 7852
2919 10663
2919 10803
2919 1230
2919 1232
2919 1233
2919 1234
2919 1235
2919 1236
2919 1237
2919 1524
2919 2826
2919 2829
2919 2833
2919 3577
2919 3579
2919 643
2919 729230
2919 7852
2920 10663
2920 10803
2920 1230
2920 1232
2920 1233
2920 1234
2920 1235
2920 1236
2920 1237
2920 1524
2920 2826
2920 2829
2920 2833
2920 3577
2920 3579
2920 643
2920 729230
2920 7852
2921 10663
2921 10803
2921 1230
2921 1232
2921 1233
2921 1234
2921 1235
2921 1236
2921 1237
2921 1524
2921 2826
2921 2829
2921 2833
2921 3577
2921 3579
2921 643
2921 729230
2921 7852
3576 10663
3576 10803
3576 1230
3576 1232
3576 1233
3576 1234
3576 1235
3576 1236
3576 1237
3576 1524
3576 2826
3576 2829
3576 2833
3576 3577
3576 3579
3576 643
3576 729230
3576 7852
3627 10663
3627 10803
3627 1230
3627 1232
3627 1233
3627 1234
3627 1235
3627 1236
3627 1237
3627 1524
3627 2826
3627 2829
3627 2833
3627 3577
3627 3579
3627 643
3627 729230
3627 7852
388372 10663
388372 10803
388372 1230
388372 1232
388372 1233
388372 1234
388372 1235
388372 1236
388372 1237
388372 1524
388372 2826
388372 2829
388372 2833
388372 3577
388372 3579
388372 643
388372 729230
388372 7852
414062 10663
414062 10803
414062 1230
414062 1232
414062 1233
414062 1234
414062 1235
414062 1236
414062 1237
414062 1524
414062 2826
414062 2829
414062 2833
414062 3577
414062 3579
414062 643
414062 729230
414062 7852
4283 10663
4283 10803
4283 1230
4283 1232
4283 1233
4283 1234
4283 1235
4283 1236
4283 1237
4283 1524
4283 2826
4283 2829
4283 2833
4283 3577
4283 3579
4283 643
4283 729230
4283 7852
5196 10663
5196 10803
5196 1230
5196 1232
5196 1233
5196 1234
5196 1235
5196 1236
5196 1237
5196 1524
5196 2826
5196 2829
5196 2833
5196 3577
5196 3579
5196 643
5196 729230
5196 7852
5197 10663
5197 10803
5197 1230
5197 1232
5197 1233
5197 1234
5197 1235
5197 1236
5197 1237
5197 1524
5197 2826
5197 2829
5197 2833
5197 3577
5197 3579
5197 643
5197 729230
5197 7852
5473 10663
5473 10803
5473 1230
5473 1232
5473 1233
5473 1234
5473 1235
5473 1236
5473 1237
5473 1524
5473 2826
5473 2829
5473 2833
5473 3577
5473 3579
5473 643
5473 729230
5473 7852
56477 10663
56477 10803
56477 1230
56477 1232
56477 1233
56477 1234
56477 1235
56477 1236
56477 1237
56477 1524
56477 2826
56477 2829
56477 2833
56477 3577
56477 3579
56477 643
56477 729230
56477 7852
58191 10663
58191 10803
58191 1230
58191 1232
58191 1233
58191 1234
58191 1235
58191 1236
58191 1237
58191 1524
58191 2826
58191 2829
58191 2833
58191 3577
58191 3579
58191 643
58191 729230
58191 7852
6346 10663
6346 10803
6346 1230
6346 1232
6346 1233
6346 1234
6346 1235
6346 1236
6346 1237
6346 1524
6346 2826
6346 2829
6346 2833
6346 3577
6346 3579
6346 643
6346 729230
6346 7852
6347 10663
6347 10803
6347 1230
6347 1232
6347 1233
6347 1234
6347 1235
6347 1236
6347 1237
6347 1524
6347 2826
6347 2829
6347 2833
6347 3577
6347 3579
6347 643
6347 729230
6347 7852
6348 10663
6348 10803
6348 1230
6348 1232
6348 1233
6348 1234
6348 1235
6348 1236
6348 1237
6348 1524
6348 2826
6348 2829
6348 2833
6348 3577
6348 3579
6348 643
6348 729230
6348 7852
6349 10663
6349 10803
6349 1230
6349 1232
6349 1233
6349 1234
6349 1235
6349 1236
6349 1237
6349 1524
6349 2826
6349 2829
6349 2833
6349 3577
6349 3579
6349 643
6349 729230
6349 7852
6351 10663
6351 10803
6351 1230
6351 1232
6351 1233
6351 1234
6351 1235
6351 1236
6351 1237
6351 1524
6351 2826
6351 2829
6351 2833
6351 3577
6351 3579
6351 643
6351 729230
6351 7852
6352 10663
6352 10803
6352 1230
6352 1232
6352 1233
6352 1234
6352 1235
6352 1236
6352 1237
6352 1524
6352 2826
6352 2829
6352 2833
6352 3577
6352 3579
6352 643
6352 729230
6352 7852
6354 10663
6354 10803
6354 1230
6354 1232
6354 1233
6354 1234
6354 1235
6354 1236
6354 1237
6354 1524
6354 2826
6354 2829
6354 2833
6354 3577
6354 3579
6354 643
6354 729230
6354 7852
6355 10663
6355 10803
6355 1230
6355 1232
6355 1233
6355 1234
6355 1235
6355 1236
6355 1237
6355 1524
6355 2826
6355 2829
6355 2833
6355 3577
6355 3579
6355 643
6355 729230
6355 7852
6356 10663
6356 10803
6356 1230
6356 1232
6356 1233
6356 1234
6356 1235
6356 1236
6356 1237
6356 1524
6356 2826
6356 2829
6356 2833
6356 3577
6356 3579
6356 643
6356 729230
6356 7852
6357 10663
6357 10803
6357 1230
6357 1232
6357 1233
6357 1234
6357 1235
6357 1236
6357 1237
6357 1524
6357 2826
6357 2829
6357 2833
6357 3577
6357 3579
6357 643
6357 729230
6357 7852
6358 10663
6358 10803
6358 1230
6358 1232
6358 1233
6358 1234
6358 1235
6358 1236
6358 1237
6358 1524
6358 2826
6358 2829
6358 2833
6358 3577
6358 3579
6358 643
6358 729230
6358 7852
6359 10663
6359 10803
6359 1230
6359 1232
6359 1233
6359 1234
6359 1235
6359 1236
6359 1237
6359 1524
6359 2826
6359 2829
6359 2833
6359 3577
6359 3579
6359 643
6359 729230
6359 7852
6360 10663
6360 10803
6360 1230
6360 1232
6360 1233
6360 1234
6360 1235
6360 1236
6360 1237
6360 1524
6360 2826
6360 2829
6360 2833
6360 3577
6360 3579
6360 643
6360 729230
6360 7852
6361 10663
6361 10803
6361 1230
6361 1232
6361 1233
6361 1234
6361 1235
6361 1236
6361 1237
6361 1524
6361 2826
6361 2829
6361 2833
6361 3577
6361 3579
6361 643
6361 729230
6361 7852
6362 10663
6362 10803
6362 1230
6362 1232
6362 1233
6362 1234
6362 1235
6362 1236
6362 1237
6362 1524
6362 2826
6362 2829
6362 2833
6362 3577
6362 3579
6362 643
6362 729230
6362 7852
6363 10663
6363 10803
6363 1230
6363 1232
6363 1233
6363 1234
6363 1235
6363 1236
6363 1237
6363 1524
6363 2826
6363 2829
6363 2833
6363 3577
6363 3579
6363 643
6363 729230
6363 7852
6364 10663
6364 10803
6364 1230
6364 1232
6364 1233
6364 1234
6364 1235
6364 1236
6364 1237
6364 1524
6364 2826
6364 2829
6364 2833
6364 3577
6364 3579
6364 643
6364 729230
6364 7852
6366 10663
6366 10803
6366 1230
6366 1232
6366 1233
6366 1234
6366 1235
6366 1236
6366 1237
6366 1524
6366 2826
6366 2829
6366 2833
6366 3577
6366 3579
6366 643
6366 729230
6366 7852
6367 10663
6367 10803
6367 1230
6367 1232
6367 1233
6367 1234
6367 1235
6367 1236
6367 1237
6367 1524
6367 2826
6367 2829
6367 2833
6367 3577
6367 3579
6367 643
6367 729230
6367 7852
6368 10663
6368 10803
6368 1230
6368 1232
6368 1233
6368 1234
6368 1235
6368 1236
6368 1237
6368 1524
6368 2826
6368 2829
6368 2833
6368 3577
6368 3579
6368 643
6368 729230
6368 7852
6369 10663
6369 10803
6369 1230
6369 1232
6369 1233
6369 1234
6369 1235
6369 1236
6369 1237
6369 1524
6369 2826
6369 2829
6369 2833
6369 3577
6369 3579
6369 643
6369 729230
6369 7852
6370 10663
6370 10803
6370 1230
6370 1232
6370 1233
6370 1234
6370 1235
6370 1236
6370 1237
6370 1524
6370 2826
6370 2829
6370 2833
6370 3577
6370 3579
6370 643
6370 729230
6370 7852
6372 10663
6372 10803
6372 1230
6372 1232
6372 1233
6372 1234
6372 1235
6372 1236
6372 1237
6372 1524
6372 2826
6372 2829
6372 2833
6372 3577
6372 3579
6372 643
6372 729230
6372 7852
6373 10663
6373 10803
6373 1230
6373 1232
6373 1233
6373 1234
6373 1235
6373 1236
6373 1237
6373 1524
6373 2826
6373 2829
6373 2833
6373 3577
6373 3579
6373 643
6373 729230
6373 7852
6374 10663
6374 10803
6374 1230
6374 1232
6374 1233
6374 1234
6374 1235
6374 1236
6374 1237
6374 1524
6374 2826
6374 2829
6374 2833
6374 3577
6374 3579
6374 643
6374 729230
6374 7852
6375 10663
6375 10803
6375 1230
6375 1232
6375 1233
6375 1234
6375 1235
6375 1236
6375 1237
6375 1524
6375 2826
6375 2829
6375 2833
6375 3577
6375 3579
6375 643
6375 729230
6375 7852
6376 10663
6376 10803
6376 1230
6376 1232
6376 1233
6376 1234
6376 1235
6376 1236
6376 1237
6376 1524
6376 2826
6376 2829
6376 2833
6376 3577
6376 3579
6376 643
6376 729230
6376 7852
6387 10663
6387 10803
6387 1230
6387 1232
6387 1233
6387 1234
6387 1235
6387 1236
6387 1237
6387 1524
6387 2826
6387 2829
6387 2833
6387 3577
6387 3579
6387 643
6387 729230
6387 7852
6846 10663
6846 10803
6846 1230
6846 1232
6846 1233
6846 1234
6846 1235
6846 1236
6846 1237
6846 1524
6846 2826
6846 2829
6846 2833
6846 3577
6846 3579
6846 643
6846 729230
6846 7852
9547 10663
9547 10803
9547 1230
9547 1232
9547 1233
9547 1234
9547 1235
9547 1236
9547 1237
9547 1524
9547 2826
9547 2829
9547 2833
9547 3577
9547 3579
9547 643
9547 729230
9547 7852
9560 10663
9560 10803
9560 1230
9560 1232
9560 1233
9560 1234
9560 1235
9560 1236
9560 1237
9560 1524
9560 2826
9560 2829
9560 2833
9560 3577
9560 3579
9560 643
9560 729230
9560 7852
3717 6772
3717 6773
3717 6774
3717 6777
3718 6772
3718 6773
3718 6774
3718 6777
5747 5829
5747 9564
2268 25759
2268 399694
2268 53358
2268 6464
2268 5290
2268 5291
2268 5293
2268 5295
2268 5296
2268 8503
2268 3702
2268 2185
2268 5747
2268 9844
2268 1794
3055 25759
3055 399694
3055 53358
3055 6464
3055 5290
3055 5291
3055 5293
3055 5295
3055 5296
3055 8503
3055 3702
3055 2185
3055 5747
3055 9844
3055 1794
4067 25759
4067 399694
4067 53358
4067 6464
4067 5290
4067 5291
4067 5293
4067 5295
4067 5296
4067 8503
4067 3702
4067 2185
4067 5747
4067 9844
4067 1794
6714 25759
6714 399694
6714 53358
6714 6464
6714 5290
6714 5291
6714 5293
6714 5295
6714 5296
6714 8503
6714 3702
6714 2185
6714 5747
6714 9844
6714 1794
387 6093
387 9475
5290 3265
5290 3845
5290 4893
5290 5590
5290 10000
5290 207
5290 208
5290 3702
5290 57580
5290 5747
5291 3265
5291 3845
5291 4893
5291 5590
5291 10000
5291 207
5291 208
5291 3702
5291 57580
5291 5747
5293 3265
5293 3845
5293 4893
5293 5590
5293 10000
5293 207
5293 208
5293 3702
5293 57580
5293 5747
5295 3265
5295 3845
5295 4893
5295 5590
5295 10000
5295 207
5295 208
5295 3702
5295 57580
5295 5747
5296 3265
5296 3845
5296 4893
5296 5590
5296 10000
5296 207
5296 208
5296 3702
5296 57580
5296 5747
8503 3265
8503 3845
8503 4893
8503 5590
8503 10000
8503 207
8503 208
8503 3702
8503 57580
8503 5747
23236 5579
23236 5580
5330 5579
5330 5580
5331 5579
5331 5580
5332 5579
5332 5580
25759 2885
399694 2885
53358 2885
6464 2885
2770 107
2770 108
2770 109
2770 111
2770 112
2770 113
2770 114
2770 115
2770 196883
2770 2268
2770 3055
2770 4067
2770 6714
2770 10681
2770 2782
2770 2783
2770 2784
2770 2785
2770 2786
2770 2787
2770 2788
2770 2790
2770 2791
2770 2792
2770 2793
2770 51764
2770 54331
2770 55970
2770 59345
2770 94235
2771 107
2771 108
2771 109
2771 111
2771 112
2771 113
2771 114
2771 115
2771 196883
2771 2268
2771 3055
2771 4067
2771 6714
2771 10681
2771 2782
2771 2783
2771 2784
2771 2785
2771 2786
2771 2787
2771 2788
2771 2790
2771 2791
2771 2792
2771 2793
2771 51764
2771 54331
2771 55970
2771 59345
2771 94235
2773 107
2773 108
2773 109
2773 111
2773 112
2773 113
2773 114
2773 115
2773 196883
2773 2268
2773 3055
2773 4067
2773 6714
2773 10681
2773 2782
2773 2783
2773 2784
2773 2785
2773 2786
2773 2787
2773 2788
2773 2790
2773 2791
2773 2792
2773 2793
2773 51764
2773 54331
2773 55970
2773 59345
2773 94235
10681 57580
10681 5290
10681 5291
10681 5293
10681 5295
10681 5296
10681 8503
10681 23236
10681 5330
10681 5331
10681 5332
2782 57580
2782 5290
2782 5291
2782 5293
2782 5295
2782 5296
2782 8503
2782 23236
2782 5330
2782 5331
2782 5332
2783 57580
2783 5290
2783 5291
2783 5293
2783 5295
2783 5296
2783 8503
2783 23236
2783 5330
2783 5331
2783 5332
2784 57580
2784 5290
2784 5291
2784 5293
2784 5295
2784 5296
2784 8503
2784 23236
2784 5330
2784 5331
2784 5332
2785 57580
2785 5290
2785 5291
2785 5293
2785 5295
2785 5296
2785 8503
2785 23236
2785 5330
2785 5331
2785 5332
2786 57580
2786 5290
2786 5291
2786 5293
2786 5295
2786 5296
2786 8503
2786 23236
2786 5330
2786 5331
2786 5332
2787 57580
2787 5290
2787 5291
2787 5293
2787 5295
2787 5296
2787 8503
2787 23236
2787 5330
2787 5331
2787 5332
2788 57580
2788 5290
2788 5291
2788 5293
2788 5295
2788 5296
2788 8503
2788 23236
2788 5330
2788 5331
2788 5332
2790 57580
2790 5290
2790 5291
2790 5293
2790 5295
2790 5296
2790 8503
2790 23236
2790 5330
2790 5331
2790 5332
2791 57580
2791 5290
2791 5291
2791 5293
2791 5295
2791 5296
2791 8503
2791 23236
2791 5330
2791 5331
2791 5332
2792 57580
2792 5290
2792 5291
2792 5293
2792 5295
2792 5296
2792 8503
2792 23236
2792 5330
2792 5331
2792 5332
2793 57580
2793 5290
2793 5291
2793 5293
2793 5295
2793 5296
2793 8503
2793 23236
2793 5330
2793 5331
2793 5332
51764 57580
51764 5290
51764 5291
51764 5293
51764 5295
51764 5296
51764 8503
51764 23236
51764 5330
51764 5331
51764 5332
54331 57580
54331 5290
54331 5291
54331 5293
54331 5295
54331 5296
54331 8503
54331 23236
54331 5330
54331 5331
54331 5332
55970 57580
55970 5290
55970 5291
55970 5293
55970 5295
55970 5296
55970 8503
55970 23236
55970 5330
55970 5331
55970 5332
59345 57580
59345 5290
59345 5291
59345 5293
59345 5295
59345 5296
59345 8503
59345 23236
59345 5330
59345 5331
59345 5332
94235 57580
94235 5290
94235 5291
94235 5293
94235 5295
94235 5296
94235 8503
94235 23236
94235 5330
94235 5331
94235 5332
2885 6654
2885 6655
9564 1398
9564 1399
9844 5879
9844 5880
131890 10663
131890 10803
131890 1230
131890 1232
131890 1233
131890 1234
131890 1235
131890 1236
131890 1237
131890 1524
131890 2826
131890 2829
131890 2833
131890 3577
131890 3579
131890 643
131890 729230
131890 7852
156 10663
156 10803
156 1230
156 1232
156 1233
156 1234
156 1235
156 1236
156 1237
156 1524
156 2826
156 2829
156 2833
156 3577
156 3579
156 643
156 729230
156 7852
157 10663
157 10803
157 1230
157 1232
157 1233
157 1234
157 1235
157 1236
157 1237
157 1524
157 2826
157 2829
157 2833
157 3577
157 3579
157 643
157 729230
157 7852
2868 10663
2868 10803
2868 1230
2868 1232
2868 1233
2868 1234
2868 1235
2868 1236
2868 1237
2868 1524
2868 2826
2868 2829
2868 2833
2868 3577
2868 3579
2868 643
2868 729230
2868 7852
2869 10663
2869 10803
2869 1230
2869 1232
2869 1233
2869 1234
2869 1235
2869 1236
2869 1237
2869 1524
2869 2826
2869 2829
2869 2833
2869 3577
2869 3579
2869 643
2869 729230
2869 7852
2870 10663
2870 10803
2870 1230
2870 1232
2870 1233
2870 1234
2870 1235
2870 1236
2870 1237
2870 1524
2870 2826
2870 2829
2870 2833
2870 3577
2870 3579
2870 643
2870 729230
2870 7852
6011 10663
6011 10803
6011 1230
6011 1232
6011 1233
6011 1234
6011 1235
6011 1236
6011 1237
6011 1524
6011 2826
6011 2829
6011 2833
6011 3577
6011 3579
6011 643
6011 729230
6011 7852
408 10663
408 10803
408 1230
408 1232
408 1233
408 1234
408 1235
408 1236
408 1237
408 1524
408 2826
408 2829
408 2833
408 3577
408 3579
408 643
408 729230
408 7852
409 10663
409 10803
409 1230
409 1232
409 1233
409 1234
409 1235
409 1236
409 1237
409 1524
409 2826
409 2829
409 2833
409 3577
409 3579
409 643
409 729230
409 7852
10451 5879
10451 5880
10451 998
10451 387
7409 5879
7409 5880
7409 998
7409 387
7410 5879
7410 5880
7410 998
7410 387
3702 10451
3702 7409
3702 7410
998 5058
998 7454
998 8976
998 56288
998 5590
998 7074
107 5566
107 5567
107 5568
108 5566
108 5567
108 5568
109 5566
109 5567
109 5568
111 5566
111 5567
111 5568
112 5566
112 5567
112 5568
113 5566
113 5567
113 5568
114 5566
114 5567
114 5568
115 5566
115 5567
115 5568
196883 5566
196883 5567
196883 5568
10235 5906
10235 5908
5906 998
5908 998
5579 653361
5580 653361
5590 5594
5590 5595
7074 5879
7074 5880
2185 5829
2185 1398
2185 1399
10000 1147
10000 3551
10000 8517
10000 2931
10000 2932
10000 2309
207 1147
207 3551
207 8517
207 2931
207 2932
207 2309
208 1147
208 3551
208 8517
208 2931
208 2932
208 2309
3265 5894
3265 673
3845 5894
3845 673
4893 5894
4893 673
5604 5594
5604 5595
5894 5604
673 5604
1794 5879
1794 5880
5879 5058
5880 5058
1147 4792
1147 4793
3551 4792
3551 4793
8517 4792
8517 4793
4792 4790
4792 5970
4793 4790
4793 5970
57580 5879
57580 5880
6654 3265
6654 3845
6654 4893
6655 3265
6655 3845
6655 4893
