1544 100137049
1544 11145
1544 123745
1544 151056
1544 255189
1544 26279
1544 283748
1544 30814
1544 391013
1544 50487
1544 5319
1544 5320
1544 5321
1544 5322
1544 64600
1544 81579
1544 8398
1544 8399
1544 84647
1544 8605
1544 8681
1544 246
1544 1573
1544 1576
1544 1571
1544 1557
1544 1558
1544 1559
246 100137049
246 11145
246 123745
246 151056
246 255189
246 26279
246 283748
246 30814
246 391013
246 50487
246 5319
246 5320
246 5321
246 5322
246 64600
246 81579
246 8398
246 8399
246 84647
246 8605
246 8681
246 1571
100137049 1571
11145 1571
123745 1571
151056 1571
255189 1571
26279 1571
283748 1571
30814 1571
391013 1571
50487 1571
5319 1571
5320 1571
5321 1571
5322 1571
64600 1571
81579 1571
8398 1571
8399 1571
84647 1571
8605 1571
8681 1571
1557 1544
1557 1573
1557 1576
1557 1571
1557 100137049
1557 11145
1557 123745
1557 151056
1557 255189
1557 26279
1557 283748
1557 30814
1557 391013
1557 50487
1557 5319
1557 5320
1557 5321
1557 5322
1557 64600
1557 81579
1557 8398
1557 8399
1557 84647
1557 8605
1557 8681
1557 246
1558 1544
1558 1573
1558 1576
1558 1571
1558 100137049
1558 11145
1558 123745
1558 151056
1558 255189
1558 26279
1558 283748
1558 30814
1558 391013
1558 50487
1558 5319
1558 5320
1558 5321
1558 5322
1558 64600
1558 81579
1558 8398
1558 8399
1558 84647
1558 8605
1558 8681
1558 246
1559 1544
1559 1573
1559 1576
1559 1571
1559 100137049
1559 11145
1559 123745
1559 151056
1559 255189
1559 26279
1559 283748
1559 30814
1559 391013
1559 50487
1559 5319
1559 5320
1559 5321
1559 5322
1559 64600
1559 81579
1559 8398
1559 8399
1559 84647
1559 8605
1559 8681
1559 246
1573 1544
1573 1576
1573 1571
1573 1557
1573 1558
1573 1559
1573 100137049
1573 11145
1573 123745
1573 151056
1573 255189
1573 26279
1573 283748
1573 30814
1573 391013
1573 50487
1573 5319
1573 5320
1573 5321
1573 5322
1573 64600
1573 81579
1573 8398
1573 8399
1573 84647
1573 8605
1573 8681
1573 246
1571 1544
1571 1573
1571 1576
1571 100137049
1571 11145
1571 123745
1571 151056
1571 255189
1571 26279
1571 283748
1571 30814
1571 391013
1571 50487
1571 5319
1571 5320
1571 5321
1571 5322
1571 64600
1571 81579
1571 8398
1571 8399
1571 84647
1571 8605
1571 8681
1571 246
1571 1557
1571 1558
1571 1559
1576 1544
1576 1573
1576 1571
1576 1557
1576 1558
1576 1559
1576 100137049
1576 11145
1576 123745
1576 151056
1576 255189
1576 26279
1576 283748
1576 30814
1576 391013
1576 50487
1576 5319
1576 5320
1576 5321
1576 5322
1576 64600
1576 81579
1576 8398
1576 8399
1576 84647
1576 8605
1576 8681
1576 246
