23286 6788
4771 6788
122786 6788
79981 6788
6788 26524
6788 9113
6788 55233
6788 92597
10413 374
10413 332
10413 174
10413 3689
10413 2246
10413 7046
10413 7048
10413 4087
10413 4088
10413 27113
10413 1490
10413 2736
10413 4092
10413 5054
10413 3397
10413 3398
10413 8312
10413 8313
10413 85407
10413 4609
10413 595
10413 894
10413 896
10413 6657
10413 6591
10413 329
25937 374
25937 332
25937 174
25937 3689
25937 2246
25937 102800317
25937 1453
25937 1454
25937 27113
25937 1490
25937 2736
25937 4092
25937 5054
26524 10413
26524 25937
9113 10413
9113 25937
23418 23418
23418 286204
286204 23418
286204 286204
1495 10971
1495 7529
1495 7531
1495 7532
1495 7533
1495 7534
1496 10971
1496 7529
1496 7531
1496 7532
1496 7533
1496 7534
29119 10971
29119 7529
29119 7531
29119 7532
29119 7533
29119 7534
11186 6788
5499 10413
5499 25937
5500 10413
5500 25937
5501 10413
5501 25937
7159 10413
7159 25937
10971 10413
10971 25937
10971 102800317
10971 1453
10971 1454
7529 10413
7529 25937
7529 102800317
7529 1453
7529 1454
7531 10413
7531 25937
7531 102800317
7531 1453
7531 1454
7532 10413
7532 25937
7532 102800317
7532 1453
7532 1454
7533 10413
7533 25937
7533 102800317
7533 1453
7533 1454
7534 10413
7534 25937
7534 102800317
7534 1453
7534 1454
154796 10413
154796 25937
64398 154796
10207 64398
999 999
3993 10413
3993 25937
3996 10413
3996 25937
23513 10413
23513 25937
1739 10413
1739 25937
1740 10413
1740 25937
1741 10413
1741 25937
1742 10413
1742 25937
7003 1490
7003 2736
7003 8312
7003 8313
7003 85407
7003 4609
7003 595
7003 894
7003 896
7003 6657
7003 6591
7003 329
7003 332
7004 1490
7004 2736
7004 8312
7004 8313
7004 85407
7004 4609
7004 595
7004 894
7004 896
7004 6657
7004 6591
7004 329
7004 332
7005 1490
7005 2736
7005 8312
7005 8313
7005 85407
7005 4609
7005 595
7005 894
7005 896
7005 6657
7005 6591
7005 329
7005 332
8463 1490
8463 2736
8463 8312
8463 8313
8463 85407
8463 4609
8463 595
8463 894
8463 896
8463 6657
8463 6591
8463 329
8463 332
126374 60485
126374 26524
126374 9113
84962 60485
84962 26524
84962 9113
8994 60485
8994 26524
8994 9113
60 6788
71 6788
56288 50855
56288 84552
56288 84612
50855 5584
50855 5590
84552 5584
84552 5590
84612 5584
84612 5590
7161 27113
4087 657
4087 658
4087 659
4087 4086
4087 4089
4087 4092
4087 5054
4087 1490
4088 657
4088 658
4088 659
4088 4086
4088 4089
4088 4092
4088 5054
4088 1490
102800317 10413
102800317 25937
102800317 2932
1453 10413
1453 25937
1453 2932
1454 10413
1454 25937
1454 2932
23291 10413
23291 25937
8945 10413
8945 25937
7040 7046
7040 7048
7042 7046
7042 7048
7043 7046
7043 7048
7046 4087
7046 4088
7048 4087
7048 4088
4089 4092
4089 5054
4089 1490
4089 3397
4089 3398
4092 7046
4092 7048
4092 4087
4092 4088
51384 11211
51384 2535
51384 7855
51384 7976
51384 8321
51384 8322
51384 8323
51384 8324
51384 8325
51384 8326
54361 11211
54361 2535
54361 7855
54361 7976
54361 8321
54361 8322
54361 8323
54361 8324
54361 8325
54361 8326
7471 11211
7471 2535
7471 7855
7471 7976
7471 8321
7471 8322
7471 8323
7471 8324
7471 8325
7471 8326
7472 11211
7472 2535
7472 7855
7472 7976
7472 8321
7472 8322
7472 8323
7472 8324
7472 8325
7472 8326
7473 11211
7473 2535
7473 7855
7473 7976
7473 8321
7473 8322
7473 8323
7473 8324
7473 8325
7473 8326
7474 11211
7474 2535
7474 7855
7474 7976
7474 8321
7474 8322
7474 8323
7474 8324
7474 8325
7474 8326
7475 11211
7475 2535
7475 7855
7475 7976
7475 8321
7475 8322
7475 8323
7475 8324
7475 8325
7475 8326
7476 11211
7476 2535
7476 7855
7476 7976
7476 8321
7476 8322
7476 8323
7476 8324
7476 8325
7476 8326
7477 11211
7477 2535
7477 7855
7477 7976
7477 8321
7477 8322
7477 8323
7477 8324
7477 8325
7477 8326
7478 11211
7478 2535
7478 7855
7478 7976
7478 8321
7478 8322
7478 8323
7478 8324
7478 8325
7478 8326
7479 11211
7479 2535
7479 7855
7479 7976
7479 8321
7479 8322
7479 8323
7479 8324
7479 8325
7479 8326
7480 11211
7480 2535
7480 7855
7480 7976
7480 8321
7480 8322
7480 8323
7480 8324
7480 8325
7480 8326
7481 11211
7481 2535
7481 7855
7481 7976
7481 8321
7481 8322
7481 8323
7481 8324
7481 8325
7481 8326
7482 11211
7482 2535
7482 7855
7482 7976
7482 8321
7482 8322
7482 8323
7482 8324
7482 8325
7482 8326
7483 11211
7483 2535
7483 7855
7483 7976
7483 8321
7483 8322
7483 8323
7483 8324
7483 8325
7483 8326
7484 11211
7484 2535
7484 7855
7484 7976
7484 8321
7484 8322
7484 8323
7484 8324
7484 8325
7484 8326
80326 11211
80326 2535
80326 7855
80326 7976
80326 8321
80326 8322
80326 8323
80326 8324
80326 8325
80326 8326
81029 11211
81029 2535
81029 7855
81029 7976
81029 8321
81029 8322
81029 8323
81029 8324
81029 8325
81029 8326
89780 11211
89780 2535
89780 7855
89780 7976
89780 8321
89780 8322
89780 8323
89780 8324
89780 8325
89780 8326
11211 1855
11211 1856
11211 1857
2535 1855
2535 1856
2535 1857
7855 1855
7855 1856
7855 1857
7976 1855
7976 1856
7976 1857
8321 1855
8321 1856
8321 1857
8322 1855
8322 1856
8322 1857
8323 1855
8323 1856
8323 1857
8324 1855
8324 1856
8324 1857
8325 1855
8325 1856
8325 1857
8326 1855
8326 1856
8326 1857
1855 2932
1856 2932
1857 2932
2932 1499
2932 10297
2932 324
2932 8312
2932 8313
1499 51176
1499 6932
1499 6934
1499 83439
51176 8312
51176 8313
51176 85407
51176 4609
51176 595
51176 894
51176 896
51176 6657
51176 6591
51176 329
51176 332
6932 8312
6932 8313
6932 85407
6932 4609
6932 595
6932 894
6932 896
6932 6657
6932 6591
6932 329
6932 332
6934 8312
6934 8313
6934 85407
6934 4609
6934 595
6934 894
6934 896
6934 6657
6934 6591
6934 329
6934 332
83439 8312
83439 8313
83439 85407
83439 4609
83439 595
83439 894
83439 896
83439 6657
83439 6591
83439 329
83439 332
151449 657
151449 658
151449 659
268 657
268 658
268 659
353500 657
353500 658
353500 659
392255 657
392255 658
392255 659
650 657
650 658
650 659
652 657
652 658
652 659
653 657
653 658
653 659
654 657
654 658
654 659
655 657
655 658
655 659
656 657
656 658
656 659
8200 657
8200 658
8200 659
657 4086
658 4086
659 4086
4086 4089
4086 3397
4086 3398
5515 6788
5515 10413
5515 25937
5516 6788
5516 10413
5516 25937
5518 6788
5518 10413
5518 25937
5519 6788
5519 10413
5519 25937
5520 6788
5520 10413
5520 25937
5521 6788
5521 10413
5521 25937
5522 6788
5522 10413
5522 25937
55844 6788
55844 10413
55844 25937
166824 6788
