2214 6850
2214 1398
2214 1399
2213 3635
2213 3636
2212 6850
2212 1398
2212 1399
2209 6850
2209 1398
2209 1399
3055 2209
3055 2212
3055 2214
3055 9846
4067 2209
4067 2212
4067 2214
4067 9846
6850 5290
6850 5291
6850 5293
6850 5295
6850 5296
6850 8503
6850 5337
6850 5338
6850 382
6850 10451
6850 7409
6850 7410
6850 5335
6850 5336
5788 3055
5788 4067
102723407 2209
102723407 2212
102723407 2214
5290 5335
5290 5336
5290 1785
5290 273
5290 274
5291 5335
5291 5336
5291 1785
5291 273
5291 274
5293 5335
5293 5336
5293 1785
5293 273
5293 274
5295 5335
5295 5336
5295 1785
5295 273
5295 274
5296 5335
5296 5336
5296 1785
5296 273
5296 274
8503 5335
8503 5336
8503 1785
8503 273
8503 274
27040 5290
27040 5291
27040 5293
27040 5295
27040 5296
27040 8503
5580 4082
5580 65108
5580 5894
5580 8398
5581 4082
5581 65108
5581 5894
5581 8398
5894 5604
5604 5594
5604 5595
5594 100137049
5594 123745
5594 255189
5594 283748
5594 5321
5595 100137049
5595 123745
5595 255189
5595 283748
5595 5321
10000 6198
10000 6199
207 6198
207 6199
208 6198
208 6199
10451 5879
10451 5880
10451 998
7409 5879
7409 5880
7409 998
7410 5879
7410 5880
7410 998
5879 23396
5879 8394
5879 8395
5879 5058
5879 10163
5879 10810
5879 8936
5879 382
5880 23396
5880 8394
5880 8395
5880 5058
5880 10163
5880 10810
5880 8936
5880 382
10163 10092
10163 10093
10163 10094
10163 10095
10163 10109
10163 10552
10163 81873
10810 10092
10810 10093
10810 10094
10810 10095
10810 10109
10810 10552
10810 81873
8936 10092
8936 10093
8936 10094
8936 10095
8936 10109
8936 10552
8936 81873
998 7454
998 8976
998 7408
7454 10092
7454 10093
7454 10094
7454 10095
7454 10109
7454 10552
7454 81873
8976 10092
8976 10093
8976 10094
8976 10095
8976 10109
8976 10552
8976 81873
1794 5879
1794 5880
1398 1794
1399 1794
5337 56848
5337 8877
5338 56848
5338 8877
5058 3984
5058 3985
3984 1072
3984 1073
3985 1072
3985 1073
50807 382
55616 382
8853 382
9846 5290
9846 5291
9846 5293
9846 5295
9846 5296
9846 8503
382 5337
382 5338
382 23396
382 8394
382 8395
5578 8398
5578 653361
5579 8398
5579 653361
5582 8398
5582 653361
