81490 9791
81490 11145
81490 10390
81490 85465
81490 100137049
81490 123745
81490 151056
81490 255189
81490 26279
81490 283748
81490 30814
81490 391013
81490 50487
81490 5319
81490 5320
81490 5321
81490 5322
81490 64600
81490 81579
81490 8398
81490 8399
81490 84647
81490 8605
81490 8681
81490 10162
81490 129642
81490 154141
81490 254531
81490 122618
81490 23646
81490 5337
81490 5338
81490 10400
9791 23761
9791 11145
9791 3931
9791 100137049
9791 123745
9791 151056
9791 255189
9791 26279
9791 283748
9791 30814
9791 391013
9791 50487
9791 5319
9791 5320
9791 5321
9791 5322
9791 64600
9791 81579
9791 8398
9791 8399
9791 84647
9791 8605
9791 8681
9791 10162
9791 254531
9791 54947
9791 79888
9791 10390
9791 56994
9791 10400
9791 122618
9791 23646
9791 5337
9791 5338
8443 23171
8443 2819
8443 2820
10162 11145
10162 10390
10162 56994
10162 10400
10162 122618
10162 23646
10162 5337
10162 5338
10162 23761
10162 10434
10162 10908
10162 151056
10162 23659
10162 375775
254531 11145
254531 10390
254531 56994
254531 10400
254531 122618
254531 23646
254531 5337
254531 5338
254531 23761
254531 10434
254531 10908
254531 151056
254531 23659
254531 375775
254531 54675
54947 11145
54947 10390
54947 56994
54947 10400
54947 122618
54947 23646
54947 5337
54947 5338
54947 10434
54947 10908
54947 151056
54947 23659
54947 375775
54947 54675
79888 11145
79888 10390
79888 56994
79888 10400
79888 122618
79888 23646
79888 5337
79888 5338
79888 10434
79888 10908
79888 151056
79888 23659
79888 375775
79888 54675
10390 3931
10390 100137049
10390 11145
10390 123745
10390 151056
10390 255189
10390 26279
10390 283748
10390 30814
10390 391013
10390 50487
10390 5319
10390 5320
10390 5321
10390 5322
10390 64600
10390 81579
10390 8398
10390 8399
10390 84647
10390 8605
10390 8681
10390 10400
10390 122618
10390 23646
10390 5337
10390 5338
10390 10390
10390 85465
10390 139189
10390 1606
10390 1607
10390 1608
10390 160851
10390 1609
10390 8525
10390 8526
10390 8527
10390 9162
10390 196051
10390 23175
10390 64900
10390 84513
10390 8611
10390 8612
10390 8613
10390 9663
10390 10162
10390 129642
10390 154141
10390 254531
10390 23761
10390 5130
10390 9468
56994 3931
56994 100137049
56994 11145
56994 123745
56994 151056
56994 255189
56994 26279
56994 283748
56994 30814
56994 391013
56994 50487
56994 5319
56994 5320
56994 5321
56994 5322
56994 64600
56994 81579
56994 8398
56994 8399
56994 84647
56994 8605
56994 8681
56994 10400
56994 122618
56994 23646
56994 5337
56994 5338
56994 10390
56994 85465
56994 139189
56994 1606
56994 1607
56994 1608
56994 160851
56994 1609
56994 8525
56994 8526
56994 8527
56994 9162
56994 196051
56994 23175
56994 64900
56994 84513
56994 8611
56994 8612
56994 8613
56994 9663
56994 5130
56994 9468
5130 1119
5130 1120
5130 162466
9468 1119
9468 1120
9468 162466
1119 43
1119 1103
1119 56261
1119 64850
1120 43
1120 1103
1120 56261
1120 64850
43 162466
43 56261
1103 162466
1103 56261
5833 10390
5833 85465
5833 1119
5833 1120
5833 55224
5833 55500
5833 162466
5833 64850
55224 56261
55224 64850
55500 56261
55500 64850
11145 23761
11145 3931
11145 100137049
11145 11145
11145 123745
11145 151056
11145 255189
11145 26279
11145 283748
11145 30814
11145 391013
11145 50487
11145 5319
11145 5320
11145 5321
11145 5322
11145 64600
11145 81579
11145 8398
11145 8399
11145 84647
11145 8605
11145 8681
11145 10400
11145 122618
11145 23646
11145 5337
11145 5338
11145 10390
11145 85465
11145 10162
11145 129642
11145 154141
11145 254531
11145 10434
11145 10908
11145 23659
11145 375775
11145 11313
100137049 10400
100137049 122618
100137049 23646
100137049 5337
100137049 5338
100137049 10390
100137049 85465
100137049 11145
100137049 23761
100137049 10434
100137049 10908
100137049 151056
100137049 23659
100137049 375775
123745 10400
123745 122618
123745 23646
123745 5337
123745 5338
123745 10390
123745 85465
123745 11145
123745 23761
123745 10434
123745 10908
123745 151056
123745 23659
123745 375775
151056 10400
151056 122618
151056 23646
151056 5337
151056 5338
151056 10390
151056 85465
151056 11145
151056 23761
151056 10434
151056 10908
151056 151056
151056 23659
151056 375775
151056 10162
151056 129642
151056 154141
151056 254531
151056 56261
255189 10400
255189 122618
255189 23646
255189 5337
255189 5338
255189 10390
255189 85465
255189 11145
255189 23761
255189 10434
255189 10908
255189 151056
255189 23659
255189 375775
26279 10400
26279 122618
26279 23646
26279 5337
26279 5338
26279 10390
26279 85465
26279 11145
26279 23761
26279 10434
26279 10908
26279 151056
26279 23659
26279 375775
283748 10400
283748 122618
283748 23646
283748 5337
283748 5338
283748 10390
283748 85465
283748 11145
283748 23761
283748 10434
283748 10908
283748 151056
283748 23659
283748 375775
30814 10400
30814 122618
30814 23646
30814 5337
30814 5338
30814 10390
30814 85465
30814 11145
30814 23761
30814 10434
30814 10908
30814 151056
30814 23659
30814 375775
391013 10400
391013 122618
391013 23646
391013 5337
391013 5338
391013 10390
391013 85465
391013 11145
391013 23761
391013 10434
391013 10908
391013 151056
391013 23659
391013 375775
50487 10400
50487 122618
50487 23646
50487 5337
50487 5338
50487 10390
50487 85465
50487 11145
50487 23761
50487 10434
50487 10908
50487 151056
50487 23659
50487 375775
5319 10400
5319 122618
5319 23646
5319 5337
5319 5338
5319 10390
5319 85465
5319 11145
5319 23761
5319 10434
5319 10908
5319 151056
5319 23659
5319 375775
5320 10400
5320 122618
5320 23646
5320 5337
5320 5338
5320 10390
5320 85465
5320 11145
5320 23761
5320 10434
5320 10908
5320 151056
5320 23659
5320 375775
5321 10400
5321 122618
5321 23646
5321 5337
5321 5338
5321 10390
5321 85465
5321 11145
5321 23761
5321 10434
5321 10908
5321 151056
5321 23659
5321 375775
5322 10400
5322 122618
5322 23646
5322 5337
5322 5338
5322 10390
5322 85465
5322 11145
5322 23761
5322 10434
5322 10908
5322 151056
5322 23659
5322 375775
64600 10400
64600 122618
64600 23646
64600 5337
64600 5338
64600 10390
64600 85465
64600 11145
64600 23761
64600 10434
64600 10908
64600 151056
64600 23659
64600 375775
81579 10400
81579 122618
81579 23646
81579 5337
81579 5338
81579 10390
81579 85465
81579 11145
81579 23761
81579 10434
81579 10908
81579 151056
81579 23659
81579 375775
8398 10400
8398 122618
8398 23646
8398 5337
8398 5338
8398 10390
8398 85465
8398 11145
8398 23761
8398 10434
8398 10908
8398 151056
8398 23659
8398 375775
8399 10400
8399 122618
8399 23646
8399 5337
8399 5338
8399 10390
8399 85465
8399 11145
8399 23761
8399 10434
8399 10908
8399 151056
8399 23659
8399 375775
84647 10400
84647 122618
84647 23646
84647 5337
84647 5338
84647 10390
84647 85465
84647 11145
84647 23761
84647 10434
84647 10908
84647 151056
84647 23659
84647 375775
8605 10400
8605 122618
8605 23646
8605 5337
8605 5338
8605 10390
8605 85465
8605 11145
8605 23761
8605 10434
8605 10908
8605 151056
8605 23659
8605 375775
8681 10400
8681 122618
8681 23646
8681 5337
8681 5338
8681 10390
8681 85465
8681 11145
8681 23761
8681 10434
8681 10908
8681 151056
8681 23659
8681 375775
139189 10554
139189 10555
139189 129642
139189 154141
139189 253558
139189 55326
139189 56894
139189 56895
139189 122618
139189 23646
139189 5337
139189 5338
139189 1040
139189 8760
139189 10390
139189 85465
1606 10554
1606 10555
1606 129642
1606 154141
1606 253558
1606 55326
1606 56894
1606 56895
1606 122618
1606 23646
1606 5337
1606 5338
1606 1040
1606 8760
1606 10390
1606 85465
1607 10554
1607 10555
1607 129642
1607 154141
1607 253558
1607 55326
1607 56894
1607 56895
1607 122618
1607 23646
1607 5337
1607 5338
1607 1040
1607 8760
1607 10390
1607 85465
1608 10554
1608 10555
1608 129642
1608 154141
1608 253558
1608 55326
1608 56894
1608 56895
1608 122618
1608 23646
1608 5337
1608 5338
1608 1040
1608 8760
1608 10390
1608 85465
160851 10554
160851 10555
160851 129642
160851 154141
160851 253558
160851 55326
160851 56894
160851 56895
160851 122618
160851 23646
160851 5337
160851 5338
160851 1040
160851 8760
160851 10390
160851 85465
1609 10554
1609 10555
1609 129642
1609 154141
1609 253558
1609 55326
1609 56894
1609 56895
1609 122618
1609 23646
1609 5337
1609 5338
1609 1040
1609 8760
1609 10390
1609 85465
8525 10554
8525 10555
8525 129642
8525 154141
8525 253558
8525 55326
8525 56894
8525 56895
8525 122618
8525 23646
8525 5337
8525 5338
8525 1040
8525 8760
8525 10390
8525 85465
8526 10554
8526 10555
8526 129642
8526 154141
8526 253558
8526 55326
8526 56894
8526 56895
8526 122618
8526 23646
8526 5337
8526 5338
8526 1040
8526 8760
8526 10390
8526 85465
8527 10554
8527 10555
8527 129642
8527 154141
8527 253558
8527 55326
8527 56894
8527 56895
8527 122618
8527 23646
8527 5337
8527 5338
8527 1040
8527 8760
8527 10390
8527 85465
9162 10554
9162 10555
9162 129642
9162 154141
9162 253558
9162 55326
9162 56894
9162 56895
9162 122618
9162 23646
9162 5337
9162 5338
9162 1040
9162 8760
9162 10390
9162 85465
196051 10554
196051 10555
196051 129642
196051 154141
196051 253558
196051 55326
196051 56894
196051 56895
196051 122618
196051 23646
196051 5337
196051 5338
196051 1040
196051 8760
196051 10390
196051 85465
196051 56994
23175 10554
23175 10555
23175 129642
23175 154141
23175 253558
23175 55326
23175 56894
23175 56895
23175 122618
23175 23646
23175 5337
23175 5338
23175 1040
23175 8760
23175 10390
23175 85465
64900 10554
64900 10555
64900 129642
64900 154141
64900 253558
64900 55326
64900 56894
64900 56895
64900 122618
64900 23646
64900 5337
64900 5338
64900 1040
64900 8760
64900 10390
64900 85465
84513 10554
84513 10555
84513 129642
84513 154141
84513 253558
84513 55326
84513 56894
84513 56895
84513 122618
84513 23646
84513 5337
84513 5338
84513 1040
84513 8760
84513 10390
84513 85465
84513 56994
8611 10554
8611 10555
8611 129642
8611 154141
8611 253558
8611 55326
8611 56894
8611 56895
8611 122618
8611 23646
8611 5337
8611 5338
8611 1040
8611 8760
8611 10390
8611 85465
8612 10554
8612 10555
8612 129642
8612 154141
8612 253558
8612 55326
8612 56894
8612 56895
8612 122618
8612 23646
8612 5337
8612 5338
8612 1040
8612 8760
8612 10390
8612 85465
8613 10554
8613 10555
8613 129642
8613 154141
8613 253558
8613 55326
8613 56894
8613 56895
8613 122618
8613 23646
8613 5337
8613 5338
8613 1040
8613 8760
8613 10390
8613 85465
9663 10554
9663 10555
9663 129642
9663 154141
9663 253558
9663 55326
9663 56894
9663 56895
9663 122618
9663 23646
9663 5337
9663 5338
9663 1040
9663 8760
9663 10390
9663 85465
122618 10554
122618 10555
122618 129642
122618 154141
122618 253558
122618 55326
122618 56894
122618 56895
122618 1040
122618 8760
122618 3931
122618 10400
122618 10390
122618 85465
122618 100137049
122618 11145
122618 123745
122618 151056
122618 255189
122618 26279
122618 283748
122618 30814
122618 391013
122618 50487
122618 5319
122618 5320
122618 5321
122618 5322
122618 64600
122618 81579
122618 8398
122618 8399
122618 84647
122618 8605
122618 8681
122618 10162
122618 254531
122618 23761
122618 122618
122618 23646
122618 5337
122618 5338
23646 10554
23646 10555
23646 129642
23646 154141
23646 253558
23646 55326
23646 56894
23646 56895
23646 1040
23646 8760
23646 3931
23646 10400
23646 10390
23646 85465
23646 100137049
23646 11145
23646 123745
23646 151056
23646 255189
23646 26279
23646 283748
23646 30814
23646 391013
23646 50487
23646 5319
23646 5320
23646 5321
23646 5322
23646 64600
23646 81579
23646 8398
23646 8399
23646 84647
23646 8605
23646 8681
23646 10162
23646 254531
23646 23761
23646 122618
23646 23646
23646 5337
23646 5338
5337 10554
5337 10555
5337 129642
5337 154141
5337 253558
5337 55326
5337 56894
5337 56895
5337 1040
5337 8760
5337 3931
5337 10400
5337 10390
5337 85465
5337 100137049
5337 11145
5337 123745
5337 151056
5337 255189
5337 26279
5337 283748
5337 30814
5337 391013
5337 50487
5337 5319
5337 5320
5337 5321
5337 5322
5337 64600
5337 81579
5337 8398
5337 8399
5337 84647
5337 8605
5337 8681
5337 10162
5337 254531
5337 23761
5337 122618
5337 23646
5337 5337
5337 5338
5338 10554
5338 10555
5338 129642
5338 154141
5338 253558
5338 55326
5338 56894
5338 56895
5338 1040
5338 8760
5338 3931
5338 10400
5338 10390
5338 85465
5338 100137049
5338 11145
5338 123745
5338 151056
5338 255189
5338 26279
5338 283748
5338 30814
5338 391013
5338 50487
5338 5319
5338 5320
5338 5321
5338 5322
5338 64600
5338 81579
5338 8398
5338 8399
5338 84647
5338 8605
5338 8681
5338 10162
5338 254531
5338 23761
5338 122618
5338 23646
5338 5337
5338 5338
10554 137964
10554 150763
10554 57678
10554 84803
10554 1040
10554 8760
10555 137964
10555 150763
10555 57678
10555 84803
10555 1040
10555 8760
129642 137964
129642 150763
129642 57678
129642 84803
129642 1040
129642 8760
129642 23761
129642 10400
154141 137964
154141 150763
154141 57678
154141 84803
154141 1040
154141 8760
154141 23761
154141 10400
253558 137964
253558 150763
253558 57678
253558 84803
253558 1040
253558 8760
253558 54675
55326 137964
55326 150763
55326 57678
55326 84803
55326 1040
55326 8760
56894 137964
56894 150763
56894 57678
56894 84803
56894 1040
56894 8760
56895 137964
56895 150763
56895 57678
56895 84803
56895 1040
56895 8760
10423 1040
10423 8760
10423 9489
10423 54675
162466 56261
162466 64850
137964 56985
137964 2820
137964 23171
137964 2819
150763 56985
150763 2820
150763 23171
150763 2819
57678 56985
57678 2820
57678 23171
57678 2819
84803 56985
84803 2820
84803 23171
84803 2819
23171 56985
2819 56985
2820 56985
3931 10400
3931 10434
3931 10908
3931 151056
3931 23659
3931 375775
56261 10434
56261 10908
56261 151056
56261 23659
56261 375775
56261 11313
56261 162466
85465 10162
85465 129642
85465 154141
85465 254531
85465 23761
85465 10400
10434 10162
10434 129642
10434 154141
10434 254531
10434 56261
10908 10162
10908 129642
10908 154141
10908 254531
10908 56261
375775 10162
375775 129642
375775 154141
375775 254531
375775 56261
11313 56261
1040 9489
1040 54675
8760 9489
8760 54675
23761 10400
10400 10400
9489 54675
54675 253558
54675 6901
9926 54675
