7097 4615
7099 148022
3458 3459
3458 3460
811 712
811 713
811 714
54106 4615
4615 3654
4615 51135
4615 4843
3654 7189
51135 7189
7189 6416
7189 1147
7189 3551
7189 8517
7189 5594
7189 5595
7189 1432
7189 5600
7189 5603
7189 6300
6416 5599
6416 5601
6416 5602
5599 2353
5599 3725
5601 2353
5601 3725
5602 2353
5602 3725
1432 2353
1432 3725
1432 5515
1432 5516
1432 5518
1432 5519
1432 5520
1432 5521
1432 5522
1432 55844
5600 2353
5600 3725
5600 5515
5600 5516
5600 5518
5600 5519
5600 5520
5600 5521
5600 5522
5600 55844
5603 2353
5603 3725
5603 5515
5603 5516
5603 5518
5603 5519
5603 5520
5603 5521
5603 5522
5603 55844
6300 2353
6300 3725
6300 5515
6300 5516
6300 5518
6300 5519
6300 5520
6300 5521
6300 5522
6300 55844
5594 2353
5594 3725
5595 2353
5595 3725
7124 7132
4792 4790
4792 5970
4790 5515
4790 5516
4790 5518
4790 5519
4790 5520
4790 5521
4790 5522
4790 55844
5970 5515
5970 5516
5970 5518
5970 5519
5970 5520
5970 5521
5970 5522
5970 55844
1147 4792
3551 4792
8517 4792
3459 4843
3460 4843
7132 4843
7132 8772
7046 4087
7046 4088
7048 4087
7048 4088
2770 23236
2770 5330
2770 5331
2770 5332
2771 23236
2771 5330
2771 5331
2771 5332
2773 23236
2773 5330
2773 5331
2773 5332
2775 23236
2775 5330
2775 5331
2775 5332
624 2767
624 2769
624 2776
624 9630
2767 23236
2767 5330
2767 5331
2767 5332
2769 23236
2769 5330
2769 5331
2769 5332
2776 23236
2776 5330
2776 5331
2776 5332
9630 23236
9630 5330
9630 5331
9630 5332
2774 107
2778 107
5290 10000
5290 207
5290 208
5291 10000
5291 207
5291 208
5293 10000
5293 207
5293 208
5295 10000
5295 207
5295 208
5296 10000
5296 207
5296 208
8503 10000
8503 207
8503 208
3586 4843
7040 4843
7042 4843
7043 4843
5515 3654
5515 51135
5516 3654
5516 51135
5518 3654
5518 51135
5519 3654
5519 51135
5520 3654
5520 51135
5521 3654
5521 51135
5522 3654
5522 51135
55844 3654
55844 51135
356 355
355 8772
355 841
8772 841
8772 8837
841 4792
8837 841
915 841
916 841
917 841
919 841
10333 4615
