7172 3251
7172 7498
3251 7498
3251 7172
3251 3704
3251 3614
3251 3615
8833 7172
8833 3251
3704 3614
3704 3615
3704 7172
10 1066
10 1571
9 1066
9 1571
151531 1890
151531 54963
151531 7371
151531 83549
7378 1890
7378 54963
7378 7371
7378 83549
1890 7083
1890 7084
1890 1548
1890 1806
1890 7372
1890 151531
1890 7378
1806 7372
1806 151531
1806 7378
1806 1890
1806 1807
1807 51733
7372 151531
7372 7378
7372 1890
54963 7372
7371 7372
83549 7372
7083 51727
7083 1854
7084 51727
7084 1854
3614 7172
3614 8833
3615 7172
3615 8833
978 1890
1066 978
1066 10720
1066 10941
1066 54490
1066 54575
1066 54576
1066 54577
1066 54578
1066 54579
1066 54600
1066 54657
1066 54658
1066 54659
1066 574537
1066 7363
1066 7364
1066 7365
1066 7366
1066 7367
1066 79799
1066 2990
1066 4353
1066 10
1066 9
1066 1571
8824 978
8824 10720
8824 10941
8824 54490
8824 54575
8824 54576
8824 54577
8824 54578
8824 54579
8824 54600
8824 54657
8824 54658
8824 54659
8824 574537
8824 7363
8824 7364
8824 7365
8824 7366
8824 7367
8824 79799
8824 2990
10720 2990
10941 2990
54490 2990
54575 2990
54576 2990
54577 2990
54578 2990
54579 2990
54600 2990
54657 2990
54658 2990
54659 2990
574537 2990
7363 2990
7364 2990
7365 2990
7366 2990
7367 2990
79799 2990
1576 1066
1576 8824
51727 54963
51727 7371
51727 83549
51727 7372
51727 10201
51727 29922
51727 4830
51727 4831
51727 4832
51727 4833
51727 654364
51727 50484
51727 6240
51727 6241
51727 1854
10201 50484
10201 6240
10201 6241
10201 1854
29922 50484
29922 6240
29922 6241
29922 1854
4830 50484
4830 6240
4830 6241
4830 1854
4831 50484
4831 6240
4831 6241
4831 1854
4832 50484
4832 6240
4832 6241
4832 1854
4833 50484
4833 6240
4833 6241
4833 1854
654364 50484
654364 6240
654364 6241
654364 1854
50484 10201
50484 29922
50484 4830
50484 4831
50484 4832
50484 4833
50484 654364
6240 10201
6240 29922
6240 4830
6240 4831
6240 4832
6240 4833
6240 654364
6241 10201
6241 29922
6241 4830
6241 4831
6241 4832
6241 4833
6241 654364
1548 1806
1548 7372
1548 151531
1548 7378
1548 1890
4353 10
4353 9
1571 119391
1571 221357
1571 2938
1571 2939
1571 2940
1571 2941
1571 2944
1571 2946
1571 2947
1571 2948
1571 2949
1571 2950
1571 2952
1571 2953
1571 4257
1571 4258
1571 4259
1571 653689
1571 9446
