2065 3716
2065 3717
2065 6714
2065 2549
2065 5335
2065 5336
2065 25759
2065 399694
2065 53358
2065 6464
2064 3716
2064 3717
2064 6714
2064 2549
2064 5335
2064 5336
2064 25759
2064 399694
2064 53358
2064 6464
1956 3716
1956 3717
1956 6714
1956 2549
1956 5335
1956 5336
1956 25759
1956 399694
1956 53358
1956 6464
1978 1977
1978 253314
1978 9470
6198 6194
6199 6194
2475 6198
2475 6199
2475 1978
2549 5290
2549 5291
2549 5293
2549 5295
2549 5296
2549 8503
7039 1956
7039 2064
7039 2065
6654 3265
6654 3845
6654 4893
6655 3265
6655 3845
6655 4893
2885 6654
2885 6655
25759 2885
399694 2885
53358 2885
6464 2885
5578 369
5578 5894
5578 673
5579 369
5579 5894
5579 673
5582 369
5582 5894
5582 673
10000 2475
10000 572
10000 2932
10000 2309
207 2475
207 572
207 2932
207 2309
208 2475
208 572
208 2932
208 2309
1950 1956
1950 2064
1950 2065
5594 10018
5595 10018
5604 5594
5604 5595
5605 5594
5605 5595
369 5604
369 5605
5894 5604
5894 5605
673 5604
673 5605
3265 369
3265 5894
3265 673
3845 369
3845 5894
3845 673
4893 369
4893 5894
4893 673
4763 3265
4763 3845
4763 4893
4233 2065
4233 3716
4233 3717
4233 6714
4233 2549
4233 5335
4233 5336
4233 25759
4233 399694
4233 53358
4233 6464
3480 3716
3480 3717
3480 6714
3480 2549
3480 5335
3480 5336
3480 25759
3480 399694
3480 53358
3480 6464
5156 3716
5156 3717
5156 6714
5156 2549
5156 5335
5156 5336
5156 25759
5156 399694
5156 53358
5156 6464
5159 3716
5159 3717
5159 6714
5159 2549
5159 5335
5159 5336
5159 25759
5159 399694
5159 53358
5159 6464
3791 3716
3791 3717
3791 6714
3791 2549
3791 5335
3791 5336
3791 25759
3791 399694
3791 53358
3791 6464
3082 4233
3082 2065
2261 3716
2261 3717
2261 6714
2261 2549
2261 5335
2261 5336
2261 25759
2261 399694
2261 53358
2261 6464
2263 3716
2263 3717
2263 6714
2263 2549
2263 5335
2263 5336
2263 25759
2263 399694
2263 53358
2263 6464
6774 6774
3716 6774
3717 6774
596 581
598 581
10018 581
10018 598
10018 596
3479 3480
7422 3791
5154 5156
5154 5159
5155 5156
5155 5159
56034 5156
56034 5159
80310 5156
80310 5159
2247 2261
2247 2263
6714 6774
2621 558
558 3716
558 3717
558 6714
558 2549
558 5335
558 5336
558 25759
558 399694
558 53358
558 6464
3569 3570
3570 3716
3570 3717
3570 6714
3570 2549
3570 5335
3570 5336
3570 25759
3570 399694
3570 53358
3570 6464
2309 10018
3084 1956
3084 2065
3084 2064
9542 1956
9542 2065
9542 2064
