57697 91442
57697 100526739
57697 201254
57697 378708
57697 55215
57697 2177
2175 55215
2175 2177
2187 55215
2187 2177
2176 55215
2176 2177
2177 675
2177 22909
2178 55215
2178 2177
2188 55215
2188 2177
2189 55215
2189 2177
55120 55215
55120 2177
79728 5889
80233 55215
80233 2177
641 57697
641 29935
641 6117
641 6118
641 6119
80010 57697
80010 29935
80010 6117
80010 6118
80010 6119
116028 57697
116028 29935
116028 6117
116028 6118
116028 6119
7156 57697
7156 29935
7156 6117
7156 6118
7156 6119
8940 57697
8940 29935
8940 6117
8940 6118
8940 6119
84126 57697
84126 2175
84126 2189
84126 55215
545 672
545 57697
545 2175
545 2189
545 55215
9894 545
675 5888
675 5889
83990 79728
83990 675
83990 4292
83990 5395
22909 4292
22909 5395
7398 55120
57599 55120
29089 55215
29089 2177
100526739 55215
100526739 2177
201254 55215
201254 2177
378708 55215
378708 2177
91442 9894
91442 55215
91442 2177
3280 55215
3280 2177
