3688 857
3688 858
3688 859
3688 5578
3688 5579
3688 5582
3688 6714
3688 5747
3690 857
3690 858
3690 859
3690 5578
3690 5579
3690 5582
3690 6714
3690 5747
3691 857
3691 858
3691 859
3691 5578
3691 5579
3691 5582
3691 6714
3691 5747
3693 857
3693 858
3693 859
3693 5578
3693 5579
3693 5582
3693 6714
3693 5747
3694 857
3694 858
3694 859
3694 5578
3694 5579
3694 5582
3694 6714
3694 5747
3695 857
3695 858
3695 859
3695 5578
3695 5579
3695 5582
3695 6714
3695 5747
3696 857
3696 858
3696 859
3696 5578
3696 5579
3696 5582
3696 6714
3696 5747
2316 3688
2316 3690
2316 3691
2316 3693
2316 3694
2316 3695
2316 3696
2316 22801
2316 3655
2316 3672
2316 3673
2316 3674
2316 3675
2316 3676
2316 3678
2316 3679
2316 3680
2316 3685
2316 8515
2316 8516
2317 3688
2317 3690
2317 3691
2317 3693
2317 3694
2317 3695
2317 3696
2317 22801
2317 3655
2317 3672
2317 3673
2317 3674
2317 3675
2317 3676
2317 3678
2317 3679
2317 3680
2317 3685
2317 8515
2317 8516
2318 3688
2318 3690
2318 3691
2318 3693
2318 3694
2318 3695
2318 3696
2318 22801
2318 3655
2318 3672
2318 3673
2318 3674
2318 3675
2318 3676
2318 3678
2318 3679
2318 3680
2318 3685
2318 8515
2318 8516
998 10298
998 106821730
998 5058
998 5062
998 5063
998 56924
998 57144
998 60
998 71
998 5879
998 5880
998 5881
340156 103910
340156 10398
340156 10627
340156 29895
340156 4633
340156 4636
340156 58498
340156 93408
4638 103910
4638 10398
4638 10627
4638 29895
4638 4633
4638 4636
4638 58498
4638 93408
85366 103910
85366 10398
85366 10627
85366 29895
85366 4633
85366 4636
85366 58498
85366 93408
91807 103910
91807 10398
91807 10627
91807 29895
91807 4633
91807 4636
91807 58498
91807 93408
103910 60
103910 71
10398 60
10398 71
10627 60
10627 71
29895 60
29895 71
4633 60
4633 71
4636 60
4636 71
58498 60
58498 71
93408 60
93408 71
1729 60
1729 71
4659 103910
4659 10398
4659 10627
4659 29895
4659 4633
4659 4636
4659 58498
4659 93408
4660 103910
4660 10398
4660 10627
4660 29895
4660 4633
4660 4636
4660 58498
4660 93408
54776 103910
54776 10398
54776 10627
54776 29895
54776 4633
54776 4636
54776 58498
54776 93408
5499 103910
5499 10398
5499 10627
5499 29895
5499 4633
5499 4636
5499 58498
5499 93408
5500 103910
5500 10398
5500 10627
5500 29895
5500 4633
5500 4636
5500 58498
5500 93408
5501 103910
5501 10398
5501 10627
5501 29895
5501 4633
5501 4636
5501 58498
5501 93408
6093 103910
6093 10398
6093 10627
6093 29895
6093 4633
6093 4636
6093 58498
6093 93408
6093 4659
6093 4660
6093 54776
6093 5499
6093 5500
6093 5501
9475 103910
9475 10398
9475 10627
9475 29895
9475 4633
9475 4636
9475 58498
9475 93408
9475 4659
9475 4660
9475 54776
9475 5499
9475 5500
9475 5501
10000 2932
207 2932
208 2932
5170 10000
5170 207
5170 208
29780 3611
29780 60
29780 71
29780 3688
29780 3690
29780 3691
29780 3693
29780 3694
29780 3695
29780 3696
29780 22801
29780 3655
29780 3672
29780 3673
29780 3674
29780 3675
29780 3676
29780 3678
29780 3679
29780 3680
29780 3685
29780 8515
29780 8516
55742 3611
55742 60
55742 71
55742 3688
55742 3690
55742 3691
55742 3693
55742 3694
55742 3695
55742 3696
55742 22801
55742 3655
55742 3672
55742 3673
55742 3674
55742 3675
55742 3676
55742 3678
55742 3679
55742 3680
55742 3685
55742 8515
55742 8516
64098 3611
64098 60
64098 71
64098 3688
64098 3690
64098 3691
64098 3693
64098 3694
64098 3695
64098 3696
64098 22801
64098 3655
64098 3672
64098 3673
64098 3674
64098 3675
64098 3676
64098 3678
64098 3679
64098 3680
64098 3685
64098 8515
64098 8516
3611 5829
3611 10000
3611 207
3611 208
7414 81
7414 87
7414 7094
7414 83660
7414 60
7414 71
7408 60
7408 71
7408 3688
7408 3690
7408 3691
7408 3693
7408 3694
7408 3695
7408 3696
7408 22801
7408 3655
7408 3672
7408 3673
7408 3674
7408 3675
7408 3676
7408 3678
7408 3679
7408 3680
7408 3685
7408 8515
7408 8516
5728 5747
5290 3611
5290 5170
5290 10000
5290 207
5290 208
5290 10451
5290 7409
5290 7410
5291 3611
5291 5170
5291 10000
5291 207
5291 208
5291 10451
5291 7409
5291 7410
5293 3611
5293 5170
5293 10000
5293 207
5293 208
5293 10451
5293 7409
5293 7410
5295 3611
5295 5170
5295 10000
5295 207
5295 208
5295 10451
5295 7409
5295 7410
5296 3611
5296 5170
5296 10000
5296 207
5296 208
5296 10451
5296 7409
5296 7410
8503 3611
8503 5170
8503 10000
8503 207
8503 208
8503 10451
8503 7409
8503 7410
7094 3688
7094 3690
7094 3691
7094 3693
7094 3694
7094 3695
7094 3696
7094 22801
7094 3655
7094 3672
7094 3673
7094 3674
7094 3675
7094 3676
7094 3678
7094 3679
7094 3680
7094 3685
7094 8515
7094 8516
83660 3688
83660 3690
83660 3691
83660 3693
83660 3694
83660 3695
83660 3696
83660 22801
83660 3655
83660 3672
83660 3673
83660 3674
83660 3675
83660 3676
83660 3678
83660 3679
83660 3680
83660 3685
83660 8515
83660 8516
7791 81
7791 87
7791 60
7791 71
23396 7414
23396 60
23396 71
81 3688
81 3690
81 3691
81 3693
81 3694
81 3695
81 3696
81 22801
81 3655
81 3672
81 3673
81 3674
81 3675
81 3676
81 3678
81 3679
81 3680
81 3685
81 8515
81 8516
87 3688
87 3690
87 3691
87 3693
87 3694
87 3695
87 3696
87 22801
87 3655
87 3672
87 3673
87 3674
87 3675
87 3676
87 3678
87 3679
87 3680
87 3685
87 8515
87 8516
5747 5290
5747 5291
5747 5293
5747 5295
5747 5296
5747 8503
5747 6714
5747 5923
5747 9564
5747 25759
5747 399694
5747 53358
5747 6464
5747 824
5747 5829
5747 2885
824 7094
824 83660
5829 60
5829 71
5829 7414
5829 29780
5829 55742
5829 64098
5829 3688
5829 3690
5829 3691
5829 3693
5829 3694
5829 3695
5829 3696
5829 22801
5829 3655
5829 3672
5829 3673
5829 3674
5829 3675
5829 3676
5829 3678
5829 3679
5829 3680
5829 3685
5829 8515
5829 8516
2909 387
394 387
5578 5747
5579 5747
5582 5747
6714 2909
6714 394
2534 25759
2534 399694
2534 53358
2534 6464
387 1729
387 6093
387 9475
387 23396
5923 387
10319 3688
10319 3690
10319 3691
10319 3693
10319 3694
10319 3695
10319 3696
10319 22801
10319 3655
10319 3672
10319 3673
10319 3674
10319 3675
10319 3676
10319 3678
10319 3679
10319 3680
10319 3685
10319 8515
10319 8516
1101 3688
1101 3690
1101 3691
1101 3693
1101 3694
1101 3695
1101 3696
1101 22801
1101 3655
1101 3672
1101 3673
1101 3674
1101 3675
1101 3676
1101 3678
1101 3679
1101 3680
1101 3685
1101 8515
1101 8516
1277 3688
1277 3690
1277 3691
1277 3693
1277 3694
1277 3695
1277 3696
1277 22801
1277 3655
1277 3672
1277 3673
1277 3674
1277 3675
1277 3676
1277 3678
1277 3679
1277 3680
1277 3685
1277 8515
1277 8516
1278 3688
1278 3690
1278 3691
1278 3693
1278 3694
1278 3695
1278 3696
1278 22801
1278 3655
1278 3672
1278 3673
1278 3674
1278 3675
1278 3676
1278 3678
1278 3679
1278 3680
1278 3685
1278 8515
1278 8516
1280 3688
1280 3690
1280 3691
1280 3693
1280 3694
1280 3695
1280 3696
1280 22801
1280 3655
1280 3672
1280 3673
1280 3674
1280 3675
1280 3676
1280 3678
1280 3679
1280 3680
1280 3685
1280 8515
1280 8516
1282 3688
1282 3690
1282 3691
1282 3693
1282 3694
1282 3695
1282 3696
1282 22801
1282 3655
1282 3672
1282 3673
1282 3674
1282 3675
1282 3676
1282 3678
1282 3679
1282 3680
1282 3685
1282 8515
1282 8516
1284 3688
1284 3690
1284 3691
1284 3693
1284 3694
1284 3695
1284 3696
1284 22801
1284 3655
1284 3672
1284 3673
1284 3674
1284 3675
1284 3676
1284 3678
1284 3679
1284 3680
1284 3685
1284 8515
1284 8516
1285 3688
1285 3690
1285 3691
1285 3693
1285 3694
1285 3695
1285 3696
1285 22801
1285 3655
1285 3672
1285 3673
1285 3674
1285 3675
1285 3676
1285 3678
1285 3679
1285 3680
1285 3685
1285 8515
1285 8516
1286 3688
1286 3690
1286 3691
1286 3693
1286 3694
1286 3695
1286 3696
1286 22801
1286 3655
1286 3672
1286 3673
1286 3674
1286 3675
1286 3676
1286 3678
1286 3679
1286 3680
1286 3685
1286 8515
1286 8516
1287 3688
1287 3690
1287 3691
1287 3693
1287 3694
1287 3695
1287 3696
1287 22801
1287 3655
1287 3672
1287 3673
1287 3674
1287 3675
1287 3676
1287 3678
1287 3679
1287 3680
1287 3685
1287 8515
1287 8516
1288 3688
1288 3690
1288 3691
1288 3693
1288 3694
1288 3695
1288 3696
1288 22801
1288 3655
1288 3672
1288 3673
1288 3674
1288 3675
1288 3676
1288 3678
1288 3679
1288 3680
1288 3685
1288 8515
1288 8516
1291 3688
1291 3690
1291 3691
1291 3693
1291 3694
1291 3695
1291 3696
1291 22801
1291 3655
1291 3672
1291 3673
1291 3674
1291 3675
1291 3676
1291 3678
1291 3679
1291 3680
1291 3685
1291 8515
1291 8516
1292 3688
1292 3690
1292 3691
1292 3693
1292 3694
1292 3695
1292 3696
1292 22801
1292 3655
1292 3672
1292 3673
1292 3674
1292 3675
1292 3676
1292 3678
1292 3679
1292 3680
1292 3685
1292 8515
1292 8516
1293 3688
1293 3690
1293 3691
1293 3693
1293 3694
1293 3695
1293 3696
1293 22801
1293 3655
1293 3672
1293 3673
1293 3674
1293 3675
1293 3676
1293 3678
1293 3679
1293 3680
1293 3685
1293 8515
1293 8516
1297 3688
1297 3690
1297 3691
1297 3693
1297 3694
1297 3695
1297 3696
1297 22801
1297 3655
1297 3672
1297 3673
1297 3674
1297 3675
1297 3676
1297 3678
1297 3679
1297 3680
1297 3685
1297 8515
1297 8516
1298 3688
1298 3690
1298 3691
1298 3693
1298 3694
1298 3695
1298 3696
1298 22801
1298 3655
1298 3672
1298 3673
1298 3674
1298 3675
1298 3676
1298 3678
1298 3679
1298 3680
1298 3685
1298 8515
1298 8516
1299 3688
1299 3690
1299 3691
1299 3693
1299 3694
1299 3695
1299 3696
1299 22801
1299 3655
1299 3672
1299 3673
1299 3674
1299 3675
1299 3676
1299 3678
1299 3679
1299 3680
1299 3685
1299 8515
1299 8516
1311 3688
1311 3690
1311 3691
1311 3693
1311 3694
1311 3695
1311 3696
1311 22801
1311 3655
1311 3672
1311 3673
1311 3674
1311 3675
1311 3676
1311 3678
1311 3679
1311 3680
1311 3685
1311 8515
1311 8516
131873 3688
131873 3690
131873 3691
131873 3693
131873 3694
131873 3695
131873 3696
131873 22801
131873 3655
131873 3672
131873 3673
131873 3674
131873 3675
131873 3676
131873 3678
131873 3679
131873 3680
131873 3685
131873 8515
131873 8516
22798 3688
22798 3690
22798 3691
22798 3693
22798 3694
22798 3695
22798 3696
22798 22801
22798 3655
22798 3672
22798 3673
22798 3674
22798 3675
22798 3676
22798 3678
22798 3679
22798 3680
22798 3685
22798 8515
22798 8516
2335 3688
2335 3690
2335 3691
2335 3693
2335 3694
2335 3695
2335 3696
2335 22801
2335 3655
2335 3672
2335 3673
2335 3674
2335 3675
2335 3676
2335 3678
2335 3679
2335 3680
2335 3685
2335 8515
2335 8516
256076 3688
256076 3690
256076 3691
256076 3693
256076 3694
256076 3695
256076 3696
256076 22801
256076 3655
256076 3672
256076 3673
256076 3674
256076 3675
256076 3676
256076 3678
256076 3679
256076 3680
256076 3685
256076 8515
256076 8516
284217 3688
284217 3690
284217 3691
284217 3693
284217 3694
284217 3695
284217 3696
284217 22801
284217 3655
284217 3672
284217 3673
284217 3674
284217 3675
284217 3676
284217 3678
284217 3679
284217 3680
284217 3685
284217 8515
284217 8516
3371 3688
3371 3690
3371 3691
3371 3693
3371 3694
3371 3695
3371 3696
3371 22801
3371 3655
3371 3672
3371 3673
3371 3674
3371 3675
3371 3676
3371 3678
3371 3679
3371 3680
3371 3685
3371 8515
3371 8516
3381 3688
3381 3690
3381 3691
3381 3693
3381 3694
3381 3695
3381 3696
3381 22801
3381 3655
3381 3672
3381 3673
3381 3674
3381 3675
3381 3676
3381 3678
3381 3679
3381 3680
3381 3685
3381 8515
3381 8516
3908 3688
3908 3690
3908 3691
3908 3693
3908 3694
3908 3695
3908 3696
3908 22801
3908 3655
3908 3672
3908 3673
3908 3674
3908 3675
3908 3676
3908 3678
3908 3679
3908 3680
3908 3685
3908 8515
3908 8516
3909 3688
3909 3690
3909 3691
3909 3693
3909 3694
3909 3695
3909 3696
3909 22801
3909 3655
3909 3672
3909 3673
3909 3674
3909 3675
3909 3676
3909 3678
3909 3679
3909 3680
3909 3685
3909 8515
3909 8516
3910 3688
3910 3690
3910 3691
3910 3693
3910 3694
3910 3695
3910 3696
3910 22801
3910 3655
3910 3672
3910 3673
3910 3674
3910 3675
3910 3676
3910 3678
3910 3679
3910 3680
3910 3685
3910 8515
3910 8516
3911 3688
3911 3690
3911 3691
3911 3693
3911 3694
3911 3695
3911 3696
3911 22801
3911 3655
3911 3672
3911 3673
3911 3674
3911 3675
3911 3676
3911 3678
3911 3679
3911 3680
3911 3685
3911 8515
3911 8516
3912 3688
3912 3690
3912 3691
3912 3693
3912 3694
3912 3695
3912 3696
3912 22801
3912 3655
3912 3672
3912 3673
3912 3674
3912 3675
3912 3676
3912 3678
3912 3679
3912 3680
3912 3685
3912 8515
3912 8516
3913 3688
3913 3690
3913 3691
3913 3693
3913 3694
3913 3695
3913 3696
3913 22801
3913 3655
3913 3672
3913 3673
3913 3674
3913 3675
3913 3676
3913 3678
3913 3679
3913 3680
3913 3685
3913 8515
3913 8516
3914 3688
3914 3690
3914 3691
3914 3693
3914 3694
3914 3695
3914 3696
3914 22801
3914 3655
3914 3672
3914 3673
3914 3674
3914 3675
3914 3676
3914 3678
3914 3679
3914 3680
3914 3685
3914 8515
3914 8516
3915 3688
3915 3690
3915 3691
3915 3693
3915 3694
3915 3695
3915 3696
3915 22801
3915 3655
3915 3672
3915 3673
3915 3674
3915 3675
3915 3676
3915 3678
3915 3679
3915 3680
3915 3685
3915 8515
3915 8516
3918 3688
3918 3690
3918 3691
3918 3693
3918 3694
3918 3695
3918 3696
3918 22801
3918 3655
3918 3672
3918 3673
3918 3674
3918 3675
3918 3676
3918 3678
3918 3679
3918 3680
3918 3685
3918 8515
3918 8516
5649 3688
5649 3690
5649 3691
5649 3693
5649 3694
5649 3695
5649 3696
5649 22801
5649 3655
5649 3672
5649 3673
5649 3674
5649 3675
5649 3676
5649 3678
5649 3679
5649 3680
5649 3685
5649 8515
5649 8516
63923 3688
63923 3690
63923 3691
63923 3693
63923 3694
63923 3695
63923 3696
63923 22801
63923 3655
63923 3672
63923 3673
63923 3674
63923 3675
63923 3676
63923 3678
63923 3679
63923 3680
63923 3685
63923 8515
63923 8516
6696 3688
6696 3690
6696 3691
6696 3693
6696 3694
6696 3695
6696 3696
6696 22801
6696 3655
6696 3672
6696 3673
6696 3674
6696 3675
6696 3676
6696 3678
6696 3679
6696 3680
6696 3685
6696 8515
6696 8516
7057 3688
7057 3690
7057 3691
7057 3693
7057 3694
7057 3695
7057 3696
7057 22801
7057 3655
7057 3672
7057 3673
7057 3674
7057 3675
7057 3676
7057 3678
7057 3679
7057 3680
7057 3685
7057 8515
7057 8516
7058 3688
7058 3690
7058 3691
7058 3693
7058 3694
7058 3695
7058 3696
7058 22801
7058 3655
7058 3672
7058 3673
7058 3674
7058 3675
7058 3676
7058 3678
7058 3679
7058 3680
7058 3685
7058 8515
7058 8516
7059 3688
7059 3690
7059 3691
7059 3693
7059 3694
7059 3695
7059 3696
7059 22801
7059 3655
7059 3672
7059 3673
7059 3674
7059 3675
7059 3676
7059 3678
7059 3679
7059 3680
7059 3685
7059 8515
7059 8516
7060 3688
7060 3690
7060 3691
7060 3693
7060 3694
7060 3695
7060 3696
7060 22801
7060 3655
7060 3672
7060 3673
7060 3674
7060 3675
7060 3676
7060 3678
7060 3679
7060 3680
7060 3685
7060 8515
7060 8516
7143 3688
7143 3690
7143 3691
7143 3693
7143 3694
7143 3695
7143 3696
7143 22801
7143 3655
7143 3672
7143 3673
7143 3674
7143 3675
7143 3676
7143 3678
7143 3679
7143 3680
7143 3685
7143 8515
7143 8516
7148 3688
7148 3690
7148 3691
7148 3693
7148 3694
7148 3695
7148 3696
7148 22801
7148 3655
7148 3672
7148 3673
7148 3674
7148 3675
7148 3676
7148 3678
7148 3679
7148 3680
7148 3685
7148 8515
7148 8516
7448 3688
7448 3690
7448 3691
7448 3693
7448 3694
7448 3695
7448 3696
7448 22801
7448 3655
7448 3672
7448 3673
7448 3674
7448 3675
7448 3676
7448 3678
7448 3679
7448 3680
7448 3685
7448 8515
7448 8516
7450 3688
7450 3690
7450 3691
7450 3693
7450 3694
7450 3695
7450 3696
7450 22801
7450 3655
7450 3672
7450 3673
7450 3674
7450 3675
7450 3676
7450 3678
7450 3679
7450 3680
7450 3685
7450 8515
7450 8516
857 2534
858 2534
859 2534
2002 595
2002 894
2002 896
2002 329
2002 330
2002 331
5594 2002
5594 596
5595 2002
5595 596
5604 5594
5604 5595
5604 572
673 5604
5894 5604
5894 572
3265 5290
3265 5291
3265 5293
3265 5295
3265 5296
3265 8503
3265 5894
6654 3265
6655 3265
2885 6654
2885 6655
1956 5747
1956 5290
1956 5291
1956 5293
1956 5295
1956 5296
1956 8503
1956 25759
1956 399694
1956 53358
1956 6464
2064 5747
2064 5290
2064 5291
2064 5293
2064 5295
2064 5296
2064 8503
2064 25759
2064 399694
2064 53358
2064 6464
2321 5747
2321 5290
2321 5291
2321 5293
2321 5295
2321 5296
2321 8503
2321 25759
2321 399694
2321 53358
2321 6464
2324 5747
2324 5290
2324 5291
2324 5293
2324 5295
2324 5296
2324 8503
2324 25759
2324 399694
2324 53358
2324 6464
3480 5747
3480 5290
3480 5291
3480 5293
3480 5295
3480 5296
3480 8503
3480 25759
3480 399694
3480 53358
3480 6464
3791 5747
3791 5290
3791 5291
3791 5293
3791 5295
3791 5296
3791 8503
3791 25759
3791 399694
3791 53358
3791 6464
4233 5747
4233 5290
4233 5291
4233 5293
4233 5295
4233 5296
4233 8503
4233 25759
4233 399694
4233 53358
4233 6464
5156 5747
5156 5290
5156 5291
5156 5293
5156 5295
5156 5296
5156 8503
5156 25759
5156 399694
5156 53358
5156 6464
5159 5747
5159 5290
5159 5291
5159 5293
5159 5295
5159 5296
5159 8503
5159 25759
5159 399694
5159 53358
5159 6464
1950 1956
1950 2064
1950 2321
1950 2324
1950 3480
1950 3791
1950 4233
1950 5156
1950 5159
2277 1956
2277 2064
2277 2321
2277 2324
2277 3480
2277 3791
2277 4233
2277 5156
2277 5159
3082 1956
3082 2064
3082 2321
3082 2324
3082 3480
3082 3791
3082 4233
3082 5156
3082 5159
3479 1956
3479 2064
3479 2321
3479 2324
3479 3480
3479 3791
3479 4233
3479 5156
3479 5159
5154 1956
5154 2064
5154 2321
5154 2324
5154 3480
5154 3791
5154 4233
5154 5156
5154 5159
5155 1956
5155 2064
5155 2321
5155 2324
5155 3480
5155 3791
5155 4233
5155 5156
5155 5159
5228 1956
5228 2064
5228 2321
5228 2324
5228 3480
5228 3791
5228 4233
5228 5156
5228 5159
56034 1956
56034 2064
56034 2321
56034 2324
56034 3480
56034 3791
56034 4233
56034 5156
56034 5159
7422 1956
7422 2064
7422 2321
7422 2324
7422 3480
7422 3791
7422 4233
7422 5156
7422 5159
7423 1956
7423 2064
7423 2321
7423 2324
7423 3480
7423 3791
7423 4233
7423 5156
7423 5159
7424 1956
7424 2064
7424 2321
7424 2324
7424 3480
7424 3791
7424 4233
7424 5156
7424 5159
80310 1956
80310 2064
80310 2321
80310 2324
80310 3480
80310 3791
80310 4233
80310 5156
80310 5159
25759 2885
399694 2885
53358 2885
6464 2885
9564 1398
9564 1399
1398 1793
1398 2889
1398 5829
1399 1793
1399 2889
1399 5829
2889 5906
2889 5908
5906 5599
5906 5601
5906 5602
5906 673
5908 5599
5908 5601
5908 5602
5908 673
1793 5879
1793 5880
1793 5881
5599 3725
5601 3725
5602 3725
3725 595
3725 894
3725 896
10298 5894
10298 5604
10298 340156
10298 4638
10298 85366
10298 91807
106821730 5894
106821730 5604
106821730 340156
106821730 4638
106821730 85366
106821730 91807
5058 5894
5058 5604
5058 340156
5058 4638
5058 85366
5058 91807
5062 5894
5062 5604
5062 340156
5062 4638
5062 85366
5062 91807
5063 5894
5063 5604
5063 340156
5063 4638
5063 85366
5063 91807
56924 5894
56924 5604
56924 340156
56924 4638
56924 85366
56924 91807
57144 5894
57144 5604
57144 340156
57144 4638
57144 85366
57144 91807
5879 10298
5879 106821730
5879 5058
5879 5062
5879 5063
5879 56924
5879 57144
5879 5599
5879 5601
5879 5602
5879 60
5879 71
5880 10298
5880 106821730
5880 5058
5880 5062
5880 5063
5880 56924
5880 57144
5880 5599
5880 5601
5880 5602
5880 60
5880 71
5881 10298
5881 106821730
5881 5058
5881 5062
5881 5063
5881 56924
5881 57144
5881 5599
5881 5601
5881 5602
5881 60
5881 71
10451 5879
10451 5880
10451 5881
7409 5879
7409 5880
7409 5881
7410 5879
7410 5880
7410 5881
1499 595
1499 894
1499 896
2932 1499
