5781 5594
5781 5595
405 2034
405 3091
9915 2034
9915 3091
1387 2034
1387 3091
2033 2034
2033 3091
112398 2034
112398 3091
112399 2034
112399 3091
54583 2034
54583 3091
2034 6513
2034 7422
2034 7040
2034 7042
2034 7043
2034 5155
2034 7039
3091 6513
3091 7422
3091 7040
3091 7042
3091 7043
3091 5155
3091 7039
5879 10298
5879 106821730
5879 5058
5879 5062
5879 5063
5879 56924
5879 57144
1398 2889
1399 2889
2889 5906
2889 5908
2885 6654
2885 6655
4233 2549
4233 2885
2549 5290
2549 5291
2549 5293
2549 5295
2549 5296
2549 8503
2549 1398
2549 1399
2549 5781
2549 2885
998 10298
998 106821730
998 5058
998 5062
998 5063
998 56924
998 57144
10000 572
207 572
208 572
5290 10000
5290 207
5290 208
5291 10000
5291 207
5291 208
5293 10000
5293 207
5293 208
5295 10000
5295 207
5295 208
5296 10000
5296 207
5296 208
8503 10000
8503 207
8503 208
3082 4233
5594 2113
5594 3725
5595 2113
5595 3725
5604 5594
5604 5595
5605 5594
5605 5595
369 5604
369 5605
5894 5604
5894 5605
673 5604
673 5605
