50484 5313
50484 5315
50484 10201
50484 221264
50484 29922
50484 4830
50484 4831
50484 4832
50484 4833
50484 654364
50484 377841
50484 953
50484 956
50484 954
50484 84284
50484 87178
50484 102157402
50484 122481
50484 158067
50484 203
50484 204
50484 205
50484 26289
50484 390877
50484 2987
6240 5313
6240 5315
6240 10201
6240 221264
6240 29922
6240 4830
6240 4831
6240 4832
6240 4833
6240 654364
6240 377841
6240 953
6240 956
6240 954
6240 84284
6240 87178
6240 102157402
6240 122481
6240 158067
6240 203
6240 204
6240 205
6240 26289
6240 390877
6240 2987
6241 5313
6241 5315
6241 10201
6241 221264
6241 29922
6241 4830
6241 4831
6241 4832
6241 4833
6241 654364
6241 377841
6241 953
6241 956
6241 954
6241 84284
6241 87178
6241 102157402
6241 122481
6241 158067
6241 203
6241 204
6241 205
6241 26289
6241 390877
6241 2987
7498 3251
7498 7498
7498 9615
221823 11164
221823 53343
221823 56985
221823 5471
221823 5236
221823 55276
5631 11164
5631 53343
5631 56985
5631 5471
5631 5236
5631 55276
5634 11164
5634 53343
5634 56985
5634 5471
5634 5236
5634 55276
5471 2618
2618 2618
2618 5198
2618 10606
471 3704
471 124583
471 955
471 957
471 9583
471 377841
471 953
471 956
471 3614
471 3615
471 3251
471 100526794
471 115024
471 22978
471 30833
471 4907
471 51251
471 56953
471 84618
471 93034
471 131870
158 353
158 471
158 270
158 271
158 272
158 132
158 1633
158 100526794
158 115024
158 22978
158 30833
158 4907
158 51251
158 56953
158 84618
158 93034
10606 10606
10606 158
87178 377841
87178 953
87178 956
87178 124583
87178 955
87178 957
87178 9583
87178 2987
87178 50484
87178 6240
87178 6241
87178 5313
87178 5315
87178 10201
87178 221264
87178 29922
87178 4830
87178 4831
87178 4832
87178 4833
87178 654364
10846 107
10846 108
10846 109
10846 111
10846 112
10846 113
10846 114
10846 115
10846 196883
10846 55811
10846 3704
10846 377841
10846 953
10846 956
10846 124583
10846 955
10846 957
10846 9583
10846 2987
10846 353
10846 3251
10846 100526794
10846 115024
10846 22978
10846 30833
10846 4907
10846 51251
10846 56953
10846 84618
10846 93034
10846 158
10846 270
10846 271
10846 272
10846 132
10846 1633
50940 107
50940 108
50940 109
50940 111
50940 112
50940 113
50940 114
50940 115
50940 196883
50940 55811
50940 3704
50940 377841
50940 953
50940 956
50940 124583
50940 955
50940 957
50940 9583
50940 2987
50940 353
50940 3251
50940 100526794
50940 115024
50940 22978
50940 30833
50940 4907
50940 51251
50940 56953
50940 84618
50940 93034
50940 158
50940 270
50940 271
50940 272
50940 132
50940 1633
5136 107
5136 108
5136 109
5136 111
5136 112
5136 113
5136 114
5136 115
5136 196883
5136 55811
5136 3704
5136 377841
5136 953
5136 956
5136 124583
5136 955
5136 957
5136 9583
5136 2987
5136 353
5136 3251
5136 100526794
5136 115024
5136 22978
5136 30833
5136 4907
5136 51251
5136 56953
5136 84618
5136 93034
5136 158
5136 270
5136 271
5136 272
5136 132
5136 1633
5137 107
5137 108
5137 109
5137 111
5137 112
5137 113
5137 114
5137 115
5137 196883
5137 55811
5137 3704
5137 377841
5137 953
5137 956
5137 124583
5137 955
5137 957
5137 9583
5137 2987
5137 353
5137 3251
5137 100526794
5137 115024
5137 22978
5137 30833
5137 4907
5137 51251
5137 56953
5137 84618
5137 93034
5137 158
5137 270
5137 271
5137 272
5137 132
5137 1633
5138 107
5138 108
5138 109
5138 111
5138 112
5138 113
5138 114
5138 115
5138 196883
5138 55811
5138 3704
5138 377841
5138 953
5138 956
5138 124583
5138 955
5138 957
5138 9583
5138 2987
5138 353
5138 3251
5138 100526794
5138 115024
5138 22978
5138 30833
5138 4907
5138 51251
5138 56953
5138 84618
5138 93034
5138 158
5138 270
5138 271
5138 272
5138 132
5138 1633
5139 107
5139 108
5139 109
5139 111
5139 112
5139 113
5139 114
5139 115
5139 196883
5139 55811
5139 3704
5139 377841
5139 953
5139 956
5139 124583
5139 955
5139 957
5139 9583
5139 2987
5139 353
5139 3251
5139 100526794
5139 115024
5139 22978
5139 30833
5139 4907
5139 51251
5139 56953
5139 84618
5139 93034
5139 158
5139 270
5139 271
5139 272
5139 132
5139 1633
5140 107
5140 108
5140 109
5140 111
5140 112
5140 113
5140 114
5140 115
5140 196883
5140 55811
5140 3704
5140 377841
5140 953
5140 956
5140 124583
5140 955
5140 957
5140 9583
5140 2987
5140 353
5140 3251
5140 100526794
5140 115024
5140 22978
5140 30833
5140 4907
5140 51251
5140 56953
5140 84618
5140 93034
5140 158
5140 270
5140 271
5140 272
5140 132
5140 1633
5153 107
5153 108
5153 109
5153 111
5153 112
5153 113
5153 114
5153 115
5153 196883
5153 55811
5153 3704
5153 377841
5153 953
5153 956
5153 124583
5153 955
5153 957
5153 9583
5153 2987
5153 353
5153 3251
5153 100526794
5153 115024
5153 22978
5153 30833
5153 4907
5153 51251
5153 56953
5153 84618
5153 93034
5153 158
5153 270
5153 271
5153 272
5153 132
5153 1633
107 10846
107 50940
107 5136
107 5137
107 5138
107 5139
107 5140
107 5145
107 5146
107 5147
107 5148
107 5149
107 5152
107 5153
107 5158
107 8654
107 10621
107 10622
107 10623
107 11128
107 171568
107 221830
107 246721
107 25885
107 30834
107 51082
107 51728
107 5430
107 5431
107 5432
107 5433
107 5434
107 5435
107 5436
107 5437
107 5438
107 5439
107 5440
107 5441
107 548644
107 55703
107 55718
107 64425
107 661
107 84172
107 84265
107 9533
107 10201
107 221264
107 29922
107 4830
107 4831
107 4832
107 4833
107 654364
107 5313
107 5315
107 377841
107 953
107 956
107 318
107 5167
107 5169
108 10846
108 50940
108 5136
108 5137
108 5138
108 5139
108 5140
108 5145
108 5146
108 5147
108 5148
108 5149
108 5152
108 5153
108 5158
108 8654
108 10621
108 10622
108 10623
108 11128
108 171568
108 221830
108 246721
108 25885
108 30834
108 51082
108 51728
108 5430
108 5431
108 5432
108 5433
108 5434
108 5435
108 5436
108 5437
108 5438
108 5439
108 5440
108 5441
108 548644
108 55703
108 55718
108 64425
108 661
108 84172
108 84265
108 9533
108 10201
108 221264
108 29922
108 4830
108 4831
108 4832
108 4833
108 654364
108 5313
108 5315
108 377841
108 953
108 956
108 318
108 5167
108 5169
109 10846
109 50940
109 5136
109 5137
109 5138
109 5139
109 5140
109 5145
109 5146
109 5147
109 5148
109 5149
109 5152
109 5153
109 5158
109 8654
109 10621
109 10622
109 10623
109 11128
109 171568
109 221830
109 246721
109 25885
109 30834
109 51082
109 51728
109 5430
109 5431
109 5432
109 5433
109 5434
109 5435
109 5436
109 5437
109 5438
109 5439
109 5440
109 5441
109 548644
109 55703
109 55718
109 64425
109 661
109 84172
109 84265
109 9533
109 10201
109 221264
109 29922
109 4830
109 4831
109 4832
109 4833
109 654364
109 5313
109 5315
109 377841
109 953
109 956
109 318
109 5167
109 5169
111 10846
111 50940
111 5136
111 5137
111 5138
111 5139
111 5140
111 5145
111 5146
111 5147
111 5148
111 5149
111 5152
111 5153
111 5158
111 8654
111 10621
111 10622
111 10623
111 11128
111 171568
111 221830
111 246721
111 25885
111 30834
111 51082
111 51728
111 5430
111 5431
111 5432
111 5433
111 5434
111 5435
111 5436
111 5437
111 5438
111 5439
111 5440
111 5441
111 548644
111 55703
111 55718
111 64425
111 661
111 84172
111 84265
111 9533
111 10201
111 221264
111 29922
111 4830
111 4831
111 4832
111 4833
111 654364
111 5313
111 5315
111 377841
111 953
111 956
111 318
111 5167
111 5169
112 10846
112 50940
112 5136
112 5137
112 5138
112 5139
112 5140
112 5145
112 5146
112 5147
112 5148
112 5149
112 5152
112 5153
112 5158
112 8654
112 10621
112 10622
112 10623
112 11128
112 171568
112 221830
112 246721
112 25885
112 30834
112 51082
112 51728
112 5430
112 5431
112 5432
112 5433
112 5434
112 5435
112 5436
112 5437
112 5438
112 5439
112 5440
112 5441
112 548644
112 55703
112 55718
112 64425
112 661
112 84172
112 84265
112 9533
112 10201
112 221264
112 29922
112 4830
112 4831
112 4832
112 4833
112 654364
112 5313
112 5315
112 377841
112 953
112 956
112 318
112 5167
112 5169
113 10846
113 50940
113 5136
113 5137
113 5138
113 5139
113 5140
113 5145
113 5146
113 5147
113 5148
113 5149
113 5152
113 5153
113 5158
113 8654
113 10621
113 10622
113 10623
113 11128
113 171568
113 221830
113 246721
113 25885
113 30834
113 51082
113 51728
113 5430
113 5431
113 5432
113 5433
113 5434
113 5435
113 5436
113 5437
113 5438
113 5439
113 5440
113 5441
113 548644
113 55703
113 55718
113 64425
113 661
113 84172
113 84265
113 9533
113 10201
113 221264
113 29922
113 4830
113 4831
113 4832
113 4833
113 654364
113 5313
113 5315
113 377841
113 953
113 956
113 318
113 5167
113 5169
114 10846
114 50940
114 5136
114 5137
114 5138
114 5139
114 5140
114 5145
114 5146
114 5147
114 5148
114 5149
114 5152
114 5153
114 5158
114 8654
114 10621
114 10622
114 10623
114 11128
114 171568
114 221830
114 246721
114 25885
114 30834
114 51082
114 51728
114 5430
114 5431
114 5432
114 5433
114 5434
114 5435
114 5436
114 5437
114 5438
114 5439
114 5440
114 5441
114 548644
114 55703
114 55718
114 64425
114 661
114 84172
114 84265
114 9533
114 10201
114 221264
114 29922
114 4830
114 4831
114 4832
114 4833
114 654364
114 5313
114 5315
114 377841
114 953
114 956
114 318
114 5167
114 5169
115 10846
115 50940
115 5136
115 5137
115 5138
115 5139
115 5140
115 5145
115 5146
115 5147
115 5148
115 5149
115 5152
115 5153
115 5158
115 8654
115 10621
115 10622
115 10623
115 11128
115 171568
115 221830
115 246721
115 25885
115 30834
115 51082
115 51728
115 5430
115 5431
115 5432
115 5433
115 5434
115 5435
115 5436
115 5437
115 5438
115 5439
115 5440
115 5441
115 548644
115 55703
115 55718
115 64425
115 661
115 84172
115 84265
115 9533
115 10201
115 221264
115 29922
115 4830
115 4831
115 4832
115 4833
115 654364
115 5313
115 5315
115 377841
115 953
115 956
115 318
115 5167
115 5169
196883 10846
196883 50940
196883 5136
196883 5137
196883 5138
196883 5139
196883 5140
196883 5145
196883 5146
196883 5147
196883 5148
196883 5149
196883 5152
196883 5153
196883 5158
196883 8654
196883 10621
196883 10622
196883 10623
196883 11128
196883 171568
196883 221830
196883 246721
196883 25885
196883 30834
196883 51082
196883 51728
196883 5430
196883 5431
196883 5432
196883 5433
196883 5434
196883 5435
196883 5436
196883 5437
196883 5438
196883 5439
196883 5440
196883 5441
196883 548644
196883 55703
196883 55718
196883 64425
196883 661
196883 84172
196883 84265
196883 9533
196883 10201
196883 221264
196883 29922
196883 4830
196883 4831
196883 4832
196883 4833
196883 654364
196883 5313
196883 5315
196883 377841
196883 953
196883 956
196883 318
196883 5167
196883 5169
55811 10846
55811 50940
55811 5136
55811 5137
55811 5138
55811 5139
55811 5140
55811 5145
55811 5146
55811 5147
55811 5148
55811 5149
55811 5152
55811 5153
55811 5158
55811 8654
55811 10621
55811 10622
55811 10623
55811 11128
55811 171568
55811 221830
55811 246721
55811 25885
55811 30834
55811 51082
55811 51728
55811 5430
55811 5431
55811 5432
55811 5433
55811 5434
55811 5435
55811 5436
55811 5437
55811 5438
55811 5439
55811 5440
55811 5441
55811 548644
55811 55703
55811 55718
55811 64425
55811 661
55811 84172
55811 84265
55811 9533
55811 10201
55811 221264
55811 29922
55811 4830
55811 4831
55811 4832
55811 4833
55811 654364
55811 5313
55811 5315
55811 377841
55811 953
55811 956
55811 318
55811 5167
55811 5169
10621 107
10621 108
10621 109
10621 111
10621 112
10621 113
10621 114
10621 115
10621 196883
10621 55811
10621 87178
10621 10201
10621 221264
10621 29922
10621 4830
10621 4831
10621 4832
10621 4833
10621 654364
10621 5313
10621 5315
10621 377841
10621 953
10621 956
10621 318
10622 107
10622 108
10622 109
10622 111
10622 112
10622 113
10622 114
10622 115
10622 196883
10622 55811
10622 87178
10622 10201
10622 221264
10622 29922
10622 4830
10622 4831
10622 4832
10622 4833
10622 654364
10622 5313
10622 5315
10622 377841
10622 953
10622 956
10622 318
10623 107
10623 108
10623 109
10623 111
10623 112
10623 113
10623 114
10623 115
10623 196883
10623 55811
10623 87178
10623 10201
10623 221264
10623 29922
10623 4830
10623 4831
10623 4832
10623 4833
10623 654364
10623 5313
10623 5315
10623 377841
10623 953
10623 956
10623 318
11128 107
11128 108
11128 109
11128 111
11128 112
11128 113
11128 114
11128 115
11128 196883
11128 55811
11128 87178
11128 10201
11128 221264
11128 29922
11128 4830
11128 4831
11128 4832
11128 4833
11128 654364
11128 5313
11128 5315
11128 377841
11128 953
11128 956
11128 318
171568 107
171568 108
171568 109
171568 111
171568 112
171568 113
171568 114
171568 115
171568 196883
171568 55811
171568 87178
171568 10201
171568 221264
171568 29922
171568 4830
171568 4831
171568 4832
171568 4833
171568 654364
171568 5313
171568 5315
171568 377841
171568 953
171568 956
171568 318
221830 107
221830 108
221830 109
221830 111
221830 112
221830 113
221830 114
221830 115
221830 196883
221830 55811
221830 87178
221830 10201
221830 221264
221830 29922
221830 4830
221830 4831
221830 4832
221830 4833
221830 654364
221830 5313
221830 5315
221830 377841
221830 953
221830 956
221830 318
246721 107
246721 108
246721 109
246721 111
246721 112
246721 113
246721 114
246721 115
246721 196883
246721 55811
246721 87178
246721 10201
246721 221264
246721 29922
246721 4830
246721 4831
246721 4832
246721 4833
246721 654364
246721 5313
246721 5315
246721 377841
246721 953
246721 956
246721 318
25885 107
25885 108
25885 109
25885 111
25885 112
25885 113
25885 114
25885 115
25885 196883
25885 55811
25885 87178
25885 10201
25885 221264
25885 29922
25885 4830
25885 4831
25885 4832
25885 4833
25885 654364
25885 5313
25885 5315
25885 377841
25885 953
25885 956
25885 318
30834 107
30834 108
30834 109
30834 111
30834 112
30834 113
30834 114
30834 115
30834 196883
30834 55811
30834 87178
30834 10201
30834 221264
30834 29922
30834 4830
30834 4831
30834 4832
30834 4833
30834 654364
30834 5313
30834 5315
30834 377841
30834 953
30834 956
30834 318
51082 107
51082 108
51082 109
51082 111
51082 112
51082 113
51082 114
51082 115
51082 196883
51082 55811
51082 87178
51082 10201
51082 221264
51082 29922
51082 4830
51082 4831
51082 4832
51082 4833
51082 654364
51082 5313
51082 5315
51082 377841
51082 953
51082 956
51082 318
51728 107
51728 108
51728 109
51728 111
51728 112
51728 113
51728 114
51728 115
51728 196883
51728 55811
51728 87178
51728 10201
51728 221264
51728 29922
51728 4830
51728 4831
51728 4832
51728 4833
51728 654364
51728 5313
51728 5315
51728 377841
51728 953
51728 956
51728 318
5430 107
5430 108
5430 109
5430 111
5430 112
5430 113
5430 114
5430 115
5430 196883
5430 55811
5430 87178
5430 10201
5430 221264
5430 29922
5430 4830
5430 4831
5430 4832
5430 4833
5430 654364
5430 5313
5430 5315
5430 377841
5430 953
5430 956
5430 318
5431 107
5431 108
5431 109
5431 111
5431 112
5431 113
5431 114
5431 115
5431 196883
5431 55811
5431 87178
5431 10201
5431 221264
5431 29922
5431 4830
5431 4831
5431 4832
5431 4833
5431 654364
5431 5313
5431 5315
5431 377841
5431 953
5431 956
5431 318
5432 107
5432 108
5432 109
5432 111
5432 112
5432 113
5432 114
5432 115
5432 196883
5432 55811
5432 87178
5432 10201
5432 221264
5432 29922
5432 4830
5432 4831
5432 4832
5432 4833
5432 654364
5432 5313
5432 5315
5432 377841
5432 953
5432 956
5432 318
5433 107
5433 108
5433 109
5433 111
5433 112
5433 113
5433 114
5433 115
5433 196883
5433 55811
5433 87178
5433 10201
5433 221264
5433 29922
5433 4830
5433 4831
5433 4832
5433 4833
5433 654364
5433 5313
5433 5315
5433 377841
5433 953
5433 956
5433 318
5434 107
5434 108
5434 109
5434 111
5434 112
5434 113
5434 114
5434 115
5434 196883
5434 55811
5434 87178
5434 10201
5434 221264
5434 29922
5434 4830
5434 4831
5434 4832
5434 4833
5434 654364
5434 5313
5434 5315
5434 377841
5434 953
5434 956
5434 318
5435 107
5435 108
5435 109
5435 111
5435 112
5435 113
5435 114
5435 115
5435 196883
5435 55811
5435 87178
5435 10201
5435 221264
5435 29922
5435 4830
5435 4831
5435 4832
5435 4833
5435 654364
5435 5313
5435 5315
5435 377841
5435 953
5435 956
5435 318
5436 107
5436 108
5436 109
5436 111
5436 112
5436 113
5436 114
5436 115
5436 196883
5436 55811
5436 87178
5436 10201
5436 221264
5436 29922
5436 4830
5436 4831
5436 4832
5436 4833
5436 654364
5436 5313
5436 5315
5436 377841
5436 953
5436 956
5436 318
5437 107
5437 108
5437 109
5437 111
5437 112
5437 113
5437 114
5437 115
5437 196883
5437 55811
5437 87178
5437 10201
5437 221264
5437 29922
5437 4830
5437 4831
5437 4832
5437 4833
5437 654364
5437 5313
5437 5315
5437 377841
5437 953
5437 956
5437 318
5438 107
5438 108
5438 109
5438 111
5438 112
5438 113
5438 114
5438 115
5438 196883
5438 55811
5438 87178
5438 10201
5438 221264
5438 29922
5438 4830
5438 4831
5438 4832
5438 4833
5438 654364
5438 5313
5438 5315
5438 377841
5438 953
5438 956
5438 318
5439 107
5439 108
5439 109
5439 111
5439 112
5439 113
5439 114
5439 115
5439 196883
5439 55811
5439 87178
5439 10201
5439 221264
5439 29922
5439 4830
5439 4831
5439 4832
5439 4833
5439 654364
5439 5313
5439 5315
5439 377841
5439 953
5439 956
5439 318
5440 107
5440 108
5440 109
5440 111
5440 112
5440 113
5440 114
5440 115
5440 196883
5440 55811
5440 87178
5440 10201
5440 221264
5440 29922
5440 4830
5440 4831
5440 4832
5440 4833
5440 654364
5440 5313
5440 5315
5440 377841
5440 953
5440 956
5440 318
5441 107
5441 108
5441 109
5441 111
5441 112
5441 113
5441 114
5441 115
5441 196883
5441 55811
5441 87178
5441 10201
5441 221264
5441 29922
5441 4830
5441 4831
5441 4832
5441 4833
5441 654364
5441 5313
5441 5315
5441 377841
5441 953
5441 956
5441 318
548644 107
548644 108
548644 109
548644 111
548644 112
548644 113
548644 114
548644 115
548644 196883
548644 55811
548644 87178
548644 10201
548644 221264
548644 29922
548644 4830
548644 4831
548644 4832
548644 4833
548644 654364
548644 5313
548644 5315
548644 377841
548644 953
548644 956
548644 318
55703 107
55703 108
55703 109
55703 111
55703 112
55703 113
55703 114
55703 115
55703 196883
55703 55811
55703 87178
55703 10201
55703 221264
55703 29922
55703 4830
55703 4831
55703 4832
55703 4833
55703 654364
55703 5313
55703 5315
55703 377841
55703 953
55703 956
55703 318
55718 107
55718 108
55718 109
55718 111
55718 112
55718 113
55718 114
55718 115
55718 196883
55718 55811
55718 87178
55718 10201
55718 221264
55718 29922
55718 4830
55718 4831
55718 4832
55718 4833
55718 654364
55718 5313
55718 5315
55718 377841
55718 953
55718 956
55718 318
64425 107
64425 108
64425 109
64425 111
64425 112
64425 113
64425 114
64425 115
64425 196883
64425 55811
64425 87178
64425 10201
64425 221264
64425 29922
64425 4830
64425 4831
64425 4832
64425 4833
64425 654364
64425 5313
64425 5315
64425 377841
64425 953
64425 956
64425 318
661 107
661 108
661 109
661 111
661 112
661 113
661 114
661 115
661 196883
661 55811
661 87178
661 10201
661 221264
661 29922
661 4830
661 4831
661 4832
661 4833
661 654364
661 5313
661 5315
661 377841
661 953
661 956
661 318
84172 107
84172 108
84172 109
84172 111
84172 112
84172 113
84172 114
84172 115
84172 196883
84172 55811
84172 87178
84172 10201
84172 221264
84172 29922
84172 4830
84172 4831
84172 4832
84172 4833
84172 654364
84172 5313
84172 5315
84172 377841
84172 953
84172 956
84172 318
84265 107
84265 108
84265 109
84265 111
84265 112
84265 113
84265 114
84265 115
84265 196883
84265 55811
84265 87178
84265 10201
84265 221264
84265 29922
84265 4830
84265 4831
84265 4832
84265 4833
84265 654364
84265 5313
84265 5315
84265 377841
84265 953
84265 956
84265 318
9533 107
9533 108
9533 109
9533 111
9533 112
9533 113
9533 114
9533 115
9533 196883
9533 55811
9533 87178
9533 10201
9533 221264
9533 29922
9533 4830
9533 4831
9533 4832
9533 4833
9533 654364
9533 5313
9533 5315
9533 377841
9533 953
9533 956
9533 318
10714 10201
10714 221264
10714 29922
10714 4830
10714 4831
10714 4832
10714 4833
10714 654364
10714 5313
10714 5315
23649 10201
23649 221264
23649 29922
23649 4830
23649 4831
23649 4832
23649 4833
23649 654364
23649 5313
23649 5315
54107 10201
54107 221264
54107 29922
54107 4830
54107 4831
54107 4832
54107 4833
54107 654364
54107 5313
54107 5315
5422 10201
5422 221264
5422 29922
5422 4830
5422 4831
5422 4832
5422 4833
5422 654364
5422 5313
5422 5315
5424 10201
5424 221264
5424 29922
5424 4830
5424 4831
5424 4832
5424 4833
5424 654364
5424 5313
5424 5315
5425 10201
5425 221264
5425 29922
5425 4830
5425 4831
5425 4832
5425 4833
5425 654364
5425 5313
5425 5315
5426 10201
5426 221264
5426 29922
5426 4830
5426 4831
5426 4832
5426 4833
5426 654364
5426 5313
5426 5315
5427 10201
5427 221264
5427 29922
5427 4830
5427 4831
5427 4832
5427 4833
5427 654364
5427 5313
5427 5315
5557 10201
5557 221264
5557 29922
5557 4830
5557 4831
5557 4832
5557 4833
5557 654364
5557 5313
5557 5315
5558 10201
5558 221264
5558 29922
5558 4830
5558 4831
5558 4832
5558 4833
5558 654364
5558 5313
5558 5315
56655 10201
56655 221264
56655 29922
56655 4830
56655 4831
56655 4832
56655 4833
56655 654364
56655 5313
56655 5315
57804 10201
57804 221264
57804 29922
57804 4830
57804 4831
57804 4832
57804 4833
57804 654364
57804 5313
57804 5315
377841 3614
377841 3615
377841 3251
377841 100526794
377841 115024
377841 22978
377841 30833
377841 4907
377841 51251
377841 56953
377841 84618
377841 93034
377841 353
377841 132
377841 1633
377841 50484
377841 6240
377841 6241
377841 5313
377841 5315
377841 10201
377841 221264
377841 29922
377841 4830
377841 4831
377841 4832
377841 4833
377841 654364
377841 377841
377841 953
377841 956
377841 954
377841 84284
377841 87178
377841 10621
377841 10622
377841 10623
377841 11128
377841 171568
377841 221830
377841 246721
377841 25885
377841 30834
377841 51082
377841 51728
377841 5430
377841 5431
377841 5432
377841 5433
377841 5434
377841 5435
377841 5436
377841 5437
377841 5438
377841 5439
377841 5440
377841 5441
377841 548644
377841 55703
377841 55718
377841 64425
377841 661
377841 84172
377841 84265
377841 9533
377841 107
377841 108
377841 109
377841 111
377841 112
377841 113
377841 114
377841 115
377841 196883
377841 55811
377841 124583
377841 955
377841 957
377841 9583
377841 318
377841 10846
377841 50940
377841 5136
377841 5137
377841 5138
377841 5139
377841 5140
377841 5153
377841 158
377841 2987
377841 102157402
377841 122481
377841 158067
377841 203
377841 204
377841 205
377841 26289
377841 390877
377841 131870
377841 5167
377841 5169
953 3614
953 3615
953 3251
953 100526794
953 115024
953 22978
953 30833
953 4907
953 51251
953 56953
953 84618
953 93034
953 353
953 132
953 1633
953 50484
953 6240
953 6241
953 5313
953 5315
953 10201
953 221264
953 29922
953 4830
953 4831
953 4832
953 4833
953 654364
953 377841
953 953
953 956
953 954
953 84284
953 87178
953 10621
953 10622
953 10623
953 11128
953 171568
953 221830
953 246721
953 25885
953 30834
953 51082
953 51728
953 5430
953 5431
953 5432
953 5433
953 5434
953 5435
953 5436
953 5437
953 5438
953 5439
953 5440
953 5441
953 548644
953 55703
953 55718
953 64425
953 661
953 84172
953 84265
953 9533
953 107
953 108
953 109
953 111
953 112
953 113
953 114
953 115
953 196883
953 55811
953 124583
953 955
953 957
953 9583
953 318
953 10846
953 50940
953 5136
953 5137
953 5138
953 5139
953 5140
953 5153
953 158
953 2987
953 102157402
953 122481
953 158067
953 203
953 204
953 205
953 26289
953 390877
953 131870
953 5167
953 5169
956 3614
956 3615
956 3251
956 100526794
956 115024
956 22978
956 30833
956 4907
956 51251
956 56953
956 84618
956 93034
956 353
956 132
956 1633
956 50484
956 6240
956 6241
956 5313
956 5315
956 10201
956 221264
956 29922
956 4830
956 4831
956 4832
956 4833
956 654364
956 377841
956 953
956 956
956 954
956 84284
956 87178
956 10621
956 10622
956 10623
956 11128
956 171568
956 221830
956 246721
956 25885
956 30834
956 51082
956 51728
956 5430
956 5431
956 5432
956 5433
956 5434
956 5435
956 5436
956 5437
956 5438
956 5439
956 5440
956 5441
956 548644
956 55703
956 55718
956 64425
956 661
956 84172
956 84265
956 9533
956 107
956 108
956 109
956 111
956 112
956 113
956 114
956 115
956 196883
956 55811
956 124583
956 955
956 957
956 9583
956 318
956 10846
956 50940
956 5136
956 5137
956 5138
956 5139
956 5140
956 5153
956 158
956 2987
956 102157402
956 122481
956 158067
956 203
956 204
956 205
956 26289
956 390877
956 131870
956 5167
956 5169
954 87178
954 10621
954 10622
954 10623
954 11128
954 171568
954 221830
954 246721
954 25885
954 30834
954 51082
954 51728
954 5430
954 5431
954 5432
954 5433
954 5434
954 5435
954 5436
954 5437
954 5438
954 5439
954 5440
954 5441
954 548644
954 55703
954 55718
954 64425
954 661
954 84172
954 84265
954 9533
954 107
954 108
954 109
954 111
954 112
954 113
954 114
954 115
954 196883
954 55811
954 84284
10201 3704
10201 87178
10201 102157402
10201 122481
10201 158067
10201 203
10201 204
10201 205
10201 221264
10201 26289
10201 390877
10201 10714
10201 23649
10201 54107
10201 5422
10201 5424
10201 5425
10201 5426
10201 5427
10201 5557
10201 5558
10201 56655
10201 57804
10201 10621
10201 10622
10201 10623
10201 11128
10201 171568
10201 221830
10201 246721
10201 25885
10201 30834
10201 51082
10201 51728
10201 5430
10201 5431
10201 5432
10201 5433
10201 5434
10201 5435
10201 5436
10201 5437
10201 5438
10201 5439
10201 5440
10201 5441
10201 548644
10201 55703
10201 55718
10201 64425
10201 661
10201 84172
10201 84265
10201 9533
10201 124583
10201 955
10201 957
10201 9583
10201 377841
10201 953
10201 956
10201 318
10201 107
10201 108
10201 109
10201 111
10201 112
10201 113
10201 114
10201 115
10201 196883
10201 55811
10201 5313
10201 5315
10201 954
10201 84284
10201 131870
10201 5167
10201 5169
221264 3704
221264 353
221264 100526794
221264 115024
221264 22978
221264 30833
221264 4907
221264 51251
221264 56953
221264 84618
221264 93034
221264 132
221264 1633
221264 50484
221264 6240
221264 6241
221264 5313
221264 5315
221264 10201
221264 221264
221264 29922
221264 4830
221264 4831
221264 4832
221264 4833
221264 654364
221264 377841
221264 953
221264 956
221264 954
221264 84284
221264 87178
221264 102157402
221264 122481
221264 158067
221264 203
221264 204
221264 205
221264 26289
221264 390877
221264 10714
221264 23649
221264 54107
221264 5422
221264 5424
221264 5425
221264 5426
221264 5427
221264 5557
221264 5558
221264 56655
221264 57804
221264 10621
221264 10622
221264 10623
221264 11128
221264 171568
221264 221830
221264 246721
221264 25885
221264 30834
221264 51082
221264 51728
221264 5430
221264 5431
221264 5432
221264 5433
221264 5434
221264 5435
221264 5436
221264 5437
221264 5438
221264 5439
221264 5440
221264 5441
221264 548644
221264 55703
221264 55718
221264 64425
221264 661
221264 84172
221264 84265
221264 9533
221264 124583
221264 955
221264 957
221264 9583
221264 318
221264 107
221264 108
221264 109
221264 111
221264 112
221264 113
221264 114
221264 115
221264 196883
221264 55811
221264 10846
221264 50940
221264 5136
221264 5137
221264 5138
221264 5139
221264 5140
221264 5153
221264 158
221264 131870
221264 5167
221264 5169
29922 3704
29922 87178
29922 102157402
29922 122481
29922 158067
29922 203
29922 204
29922 205
29922 221264
29922 26289
29922 390877
29922 10714
29922 23649
29922 54107
29922 5422
29922 5424
29922 5425
29922 5426
29922 5427
29922 5557
29922 5558
29922 56655
29922 57804
29922 10621
29922 10622
29922 10623
29922 11128
29922 171568
29922 221830
29922 246721
29922 25885
29922 30834
29922 51082
29922 51728
29922 5430
29922 5431
29922 5432
29922 5433
29922 5434
29922 5435
29922 5436
29922 5437
29922 5438
29922 5439
29922 5440
29922 5441
29922 548644
29922 55703
29922 55718
29922 64425
29922 661
29922 84172
29922 84265
29922 9533
29922 124583
29922 955
29922 957
29922 9583
29922 377841
29922 953
29922 956
29922 318
29922 107
29922 108
29922 109
29922 111
29922 112
29922 113
29922 114
29922 115
29922 196883
29922 55811
29922 5313
29922 5315
29922 954
29922 84284
29922 131870
29922 5167
29922 5169
4830 3704
4830 87178
4830 102157402
4830 122481
4830 158067
4830 203
4830 204
4830 205
4830 221264
4830 26289
4830 390877
4830 10714
4830 23649
4830 54107
4830 5422
4830 5424
4830 5425
4830 5426
4830 5427
4830 5557
4830 5558
4830 56655
4830 57804
4830 10621
4830 10622
4830 10623
4830 11128
4830 171568
4830 221830
4830 246721
4830 25885
4830 30834
4830 51082
4830 51728
4830 5430
4830 5431
4830 5432
4830 5433
4830 5434
4830 5435
4830 5436
4830 5437
4830 5438
4830 5439
4830 5440
4830 5441
4830 548644
4830 55703
4830 55718
4830 64425
4830 661
4830 84172
4830 84265
4830 9533
4830 124583
4830 955
4830 957
4830 9583
4830 377841
4830 953
4830 956
4830 318
4830 107
4830 108
4830 109
4830 111
4830 112
4830 113
4830 114
4830 115
4830 196883
4830 55811
4830 5313
4830 5315
4830 954
4830 84284
4830 131870
4830 5167
4830 5169
4831 3704
4831 87178
4831 102157402
4831 122481
4831 158067
4831 203
4831 204
4831 205
4831 221264
4831 26289
4831 390877
4831 10714
4831 23649
4831 54107
4831 5422
4831 5424
4831 5425
4831 5426
4831 5427
4831 5557
4831 5558
4831 56655
4831 57804
4831 10621
4831 10622
4831 10623
4831 11128
4831 171568
4831 221830
4831 246721
4831 25885
4831 30834
4831 51082
4831 51728
4831 5430
4831 5431
4831 5432
4831 5433
4831 5434
4831 5435
4831 5436
4831 5437
4831 5438
4831 5439
4831 5440
4831 5441
4831 548644
4831 55703
4831 55718
4831 64425
4831 661
4831 84172
4831 84265
4831 9533
4831 124583
4831 955
4831 957
4831 9583
4831 377841
4831 953
4831 956
4831 318
4831 107
4831 108
4831 109
4831 111
4831 112
4831 113
4831 114
4831 115
4831 196883
4831 55811
4831 5313
4831 5315
4831 954
4831 84284
4831 131870
4831 5167
4831 5169
4832 3704
4832 87178
4832 102157402
4832 122481
4832 158067
4832 203
4832 204
4832 205
4832 221264
4832 26289
4832 390877
4832 10714
4832 23649
4832 54107
4832 5422
4832 5424
4832 5425
4832 5426
4832 5427
4832 5557
4832 5558
4832 56655
4832 57804
4832 10621
4832 10622
4832 10623
4832 11128
4832 171568
4832 221830
4832 246721
4832 25885
4832 30834
4832 51082
4832 51728
4832 5430
4832 5431
4832 5432
4832 5433
4832 5434
4832 5435
4832 5436
4832 5437
4832 5438
4832 5439
4832 5440
4832 5441
4832 548644
4832 55703
4832 55718
4832 64425
4832 661
4832 84172
4832 84265
4832 9533
4832 124583
4832 955
4832 957
4832 9583
4832 377841
4832 953
4832 956
4832 318
4832 107
4832 108
4832 109
4832 111
4832 112
4832 113
4832 114
4832 115
4832 196883
4832 55811
4832 5313
4832 5315
4832 954
4832 84284
4832 131870
4832 5167
4832 5169
4833 3704
4833 87178
4833 102157402
4833 122481
4833 158067
4833 203
4833 204
4833 205
4833 221264
4833 26289
4833 390877
4833 10714
4833 23649
4833 54107
4833 5422
4833 5424
4833 5425
4833 5426
4833 5427
4833 5557
4833 5558
4833 56655
4833 57804
4833 10621
4833 10622
4833 10623
4833 11128
4833 171568
4833 221830
4833 246721
4833 25885
4833 30834
4833 51082
4833 51728
4833 5430
4833 5431
4833 5432
4833 5433
4833 5434
4833 5435
4833 5436
4833 5437
4833 5438
4833 5439
4833 5440
4833 5441
4833 548644
4833 55703
4833 55718
4833 64425
4833 661
4833 84172
4833 84265
4833 9533
4833 124583
4833 955
4833 957
4833 9583
4833 377841
4833 953
4833 956
4833 318
4833 107
4833 108
4833 109
4833 111
4833 112
4833 113
4833 114
4833 115
4833 196883
4833 55811
4833 5313
4833 5315
4833 954
4833 84284
4833 131870
4833 5167
4833 5169
654364 3704
654364 87178
654364 102157402
654364 122481
654364 158067
654364 203
654364 204
654364 205
654364 221264
654364 26289
654364 390877
654364 10714
654364 23649
654364 54107
654364 5422
654364 5424
654364 5425
654364 5426
654364 5427
654364 5557
654364 5558
654364 56655
654364 57804
654364 10621
654364 10622
654364 10623
654364 11128
654364 171568
654364 221830
654364 246721
654364 25885
654364 30834
654364 51082
654364 51728
654364 5430
654364 5431
654364 5432
654364 5433
654364 5434
654364 5435
654364 5436
654364 5437
654364 5438
654364 5439
654364 5440
654364 5441
654364 548644
654364 55703
654364 55718
654364 64425
654364 661
654364 84172
654364 84265
654364 9533
654364 124583
654364 955
654364 957
654364 9583
654364 377841
654364 953
654364 956
654364 318
654364 107
654364 108
654364 109
654364 111
654364 112
654364 113
654364 114
654364 115
654364 196883
654364 55811
654364 5313
654364 5315
654364 954
654364 84284
654364 131870
654364 5167
654364 5169
102157402 353
102157402 100526794
102157402 115024
102157402 22978
102157402 30833
102157402 4907
102157402 51251
102157402 56953
102157402 84618
102157402 93034
102157402 132
102157402 1633
102157402 50484
102157402 6240
102157402 6241
102157402 5313
102157402 5315
102157402 10201
102157402 221264
102157402 29922
102157402 4830
102157402 4831
102157402 4832
102157402 4833
102157402 654364
102157402 377841
102157402 953
102157402 956
102157402 954
102157402 84284
102157402 87178
102157402 10846
102157402 50940
102157402 5136
102157402 5137
102157402 5138
102157402 5139
102157402 5140
102157402 5153
102157402 158
102157402 5167
102157402 5169
122481 353
122481 100526794
122481 115024
122481 22978
122481 30833
122481 4907
122481 51251
122481 56953
122481 84618
122481 93034
122481 132
122481 1633
122481 50484
122481 6240
122481 6241
122481 5313
122481 5315
122481 10201
122481 221264
122481 29922
122481 4830
122481 4831
122481 4832
122481 4833
122481 654364
122481 377841
122481 953
122481 956
122481 954
122481 84284
122481 87178
122481 10846
122481 50940
122481 5136
122481 5137
122481 5138
122481 5139
122481 5140
122481 5153
122481 158
122481 5167
122481 5169
158067 353
158067 100526794
158067 115024
158067 22978
158067 30833
158067 4907
158067 51251
158067 56953
158067 84618
158067 93034
158067 132
158067 1633
158067 50484
158067 6240
158067 6241
158067 5313
158067 5315
158067 10201
158067 221264
158067 29922
158067 4830
158067 4831
158067 4832
158067 4833
158067 654364
158067 377841
158067 953
158067 956
158067 954
158067 84284
158067 87178
158067 10846
158067 50940
158067 5136
158067 5137
158067 5138
158067 5139
158067 5140
158067 5153
158067 158
158067 5167
158067 5169
203 353
203 100526794
203 115024
203 22978
203 30833
203 4907
203 51251
203 56953
203 84618
203 93034
203 132
203 1633
203 50484
203 6240
203 6241
203 5313
203 5315
203 10201
203 221264
203 29922
203 4830
203 4831
203 4832
203 4833
203 654364
203 377841
203 953
203 956
203 954
203 84284
203 87178
203 10846
203 50940
203 5136
203 5137
203 5138
203 5139
203 5140
203 5153
203 158
203 5167
203 5169
204 353
204 100526794
204 115024
204 22978
204 30833
204 4907
204 51251
204 56953
204 84618
204 93034
204 132
204 1633
204 50484
204 6240
204 6241
204 5313
204 5315
204 10201
204 221264
204 29922
204 4830
204 4831
204 4832
204 4833
204 654364
204 377841
204 953
204 956
204 954
204 84284
204 87178
204 10846
204 50940
204 5136
204 5137
204 5138
204 5139
204 5140
204 5153
204 158
204 5167
204 5169
205 353
205 100526794
205 115024
205 22978
205 30833
205 4907
205 51251
205 56953
205 84618
205 93034
205 132
205 1633
205 50484
205 6240
205 6241
205 5313
205 5315
205 10201
205 221264
205 29922
205 4830
205 4831
205 4832
205 4833
205 654364
205 377841
205 953
205 956
205 954
205 84284
205 87178
205 10846
205 50940
205 5136
205 5137
205 5138
205 5139
205 5140
205 5153
205 158
205 5167
205 5169
26289 353
26289 100526794
26289 115024
26289 22978
26289 30833
26289 4907
26289 51251
26289 56953
26289 84618
26289 93034
26289 132
26289 1633
26289 50484
26289 6240
26289 6241
26289 5313
26289 5315
26289 10201
26289 221264
26289 29922
26289 4830
26289 4831
26289 4832
26289 4833
26289 654364
26289 377841
26289 953
26289 956
26289 954
26289 84284
26289 87178
26289 10846
26289 50940
26289 5136
26289 5137
26289 5138
26289 5139
26289 5140
26289 5153
26289 158
26289 5167
26289 5169
390877 353
390877 100526794
390877 115024
390877 22978
390877 30833
390877 4907
390877 51251
390877 56953
390877 84618
390877 93034
390877 132
390877 1633
390877 50484
390877 6240
390877 6241
390877 5313
390877 5315
390877 10201
390877 221264
390877 29922
390877 4830
390877 4831
390877 4832
390877 4833
390877 654364
390877 377841
390877 953
390877 956
390877 954
390877 84284
390877 87178
390877 10846
390877 50940
390877 5136
390877 5137
390877 5138
390877 5139
390877 5140
390877 5153
390877 158
390877 5167
390877 5169
122622 471
122622 3704
122622 124583
122622 955
122622 957
122622 9583
122622 377841
122622 953
122622 956
122622 3614
122622 3615
122622 3251
122622 100526794
122622 115024
122622 22978
122622 30833
122622 4907
122622 51251
122622 56953
122622 84618
122622 93034
122622 158
122622 131870
159 471
159 3704
159 124583
159 955
159 957
159 9583
159 377841
159 953
159 956
159 3614
159 3615
159 3251
159 100526794
159 115024
159 22978
159 30833
159 4907
159 51251
159 56953
159 84618
159 93034
159 158
159 131870
270 122622
270 159
270 471
270 3704
270 124583
270 955
270 957
270 9583
270 377841
270 953
270 956
270 3614
270 3615
270 3251
270 100526794
270 115024
270 22978
270 30833
270 4907
270 51251
270 56953
270 84618
270 93034
270 102157402
270 122481
270 158067
270 203
270 204
270 205
270 221264
270 26289
270 390877
270 353
270 132
270 1633
271 122622
271 159
271 471
271 3704
271 124583
271 955
271 957
271 9583
271 377841
271 953
271 956
271 3614
271 3615
271 3251
271 100526794
271 115024
271 22978
271 30833
271 4907
271 51251
271 56953
271 84618
271 93034
271 102157402
271 122481
271 158067
271 203
271 204
271 205
271 221264
271 26289
271 390877
271 353
271 132
271 1633
272 122622
272 159
272 471
272 3704
272 124583
272 955
272 957
272 9583
272 377841
272 953
272 956
272 3614
272 3615
272 3251
272 100526794
272 115024
272 22978
272 30833
272 4907
272 51251
272 56953
272 84618
272 93034
272 102157402
272 122481
272 158067
272 203
272 204
272 205
272 221264
272 26289
272 390877
272 353
272 132
272 1633
100526794 100
100526794 51816
100526794 4860
100526794 3704
100526794 8833
100526794 3614
100526794 3615
100526794 3251
100526794 132
100526794 5167
100526794 5169
115024 100
115024 51816
115024 4860
115024 3704
115024 8833
115024 3614
115024 3615
115024 3251
115024 132
115024 5167
115024 5169
22978 100
22978 51816
22978 4860
22978 3704
22978 8833
22978 3614
22978 3615
22978 3251
22978 132
22978 5167
22978 5169
30833 100
30833 51816
30833 4860
30833 3704
30833 8833
30833 3614
30833 3615
30833 3251
30833 132
30833 5167
30833 5169
4907 100
4907 51816
4907 4860
4907 3704
4907 8833
4907 3614
4907 3615
4907 3251
4907 132
4907 5167
4907 5169
51251 100
51251 51816
51251 4860
51251 3704
51251 8833
51251 3614
51251 3615
51251 3251
51251 132
51251 5167
51251 5169
56953 100
56953 51816
56953 4860
56953 3704
56953 8833
56953 3614
56953 3615
56953 3251
56953 132
56953 5167
56953 5169
84618 100
84618 51816
84618 4860
84618 3704
84618 8833
84618 3614
84618 3615
84618 3251
84618 132
84618 5167
84618 5169
93034 100
93034 51816
93034 4860
93034 3704
93034 8833
93034 3614
93034 3615
93034 3251
93034 132
93034 5167
93034 5169
132 100
132 51816
132 4860
353 471
353 100526794
353 115024
353 22978
353 30833
353 4907
353 51251
353 56953
353 84618
353 93034
353 132
353 1633
353 4860
353 5167
353 5169
100 4860
4860 7498
4860 3251
4860 353
4860 100526794
4860 115024
4860 22978
4860 30833
4860 4907
4860 51251
4860 56953
4860 84618
4860 93034
4860 100
4860 9615
4860 4860
51816 4860
2766 3614
2766 3615
2766 3251
2766 100526794
2766 115024
2766 22978
2766 30833
2766 4907
2766 51251
2766 56953
2766 84618
2766 93034
2766 270
2766 271
2766 272
2766 122622
2766 159
2766 471
2766 3704
2766 124583
2766 955
2766 957
2766 9583
2766 377841
2766 953
2766 956
2766 10846
2766 50940
2766 5136
2766 5137
2766 5138
2766 5139
2766 5140
2766 5145
2766 5146
2766 5147
2766 5148
2766 5149
2766 5152
2766 5153
2766 5158
2766 8654
2766 2987
2766 353
2766 5167
2766 5169
51292 3614
51292 3615
51292 3251
51292 100526794
51292 115024
51292 22978
51292 30833
51292 4907
51292 51251
51292 56953
51292 84618
51292 93034
51292 270
51292 271
51292 272
51292 122622
51292 159
51292 471
51292 3704
51292 124583
51292 955
51292 957
51292 9583
51292 377841
51292 953
51292 956
51292 10846
51292 50940
51292 5136
51292 5137
51292 5138
51292 5139
51292 5140
51292 5145
51292 5146
51292 5147
51292 5148
51292 5149
51292 5152
51292 5153
51292 5158
51292 8654
51292 2987
51292 353
51292 5167
51292 5169
3614 3251
3614 100526794
3614 115024
3614 22978
3614 30833
3614 4907
3614 51251
3614 56953
3614 84618
3614 93034
3615 3251
3615 100526794
3615 115024
3615 22978
3615 30833
3615 4907
3615 51251
3615 56953
3615 84618
3615 93034
8833 3614
8833 3615
8833 3251
8833 2766
8833 51292
8833 10846
8833 50940
8833 5136
8833 5137
8833 5138
8833 5139
8833 5140
8833 5145
8833 5146
8833 5147
8833 5148
8833 5149
8833 5152
8833 5153
8833 5158
8833 8654
8833 3704
8833 377841
8833 953
8833 956
8833 124583
8833 955
8833 957
8833 9583
8833 2987
8833 353
8833 100526794
8833 115024
8833 22978
8833 30833
8833 4907
8833 51251
8833 56953
8833 84618
8833 93034
8833 5167
8833 5169
124583 3614
124583 3615
124583 3251
124583 100526794
124583 115024
124583 22978
124583 30833
124583 4907
124583 51251
124583 56953
124583 84618
124583 93034
124583 353
124583 50484
124583 6240
124583 6241
124583 377841
124583 953
124583 956
124583 5313
124583 5315
124583 10201
124583 221264
124583 29922
124583 4830
124583 4831
124583 4832
124583 4833
124583 654364
955 3614
955 3615
955 3251
955 100526794
955 115024
955 22978
955 30833
955 4907
955 51251
955 56953
955 84618
955 93034
955 353
955 50484
955 6240
955 6241
955 377841
955 953
955 956
955 5313
955 5315
955 10201
955 221264
955 29922
955 4830
955 4831
955 4832
955 4833
955 654364
957 3614
957 3615
957 3251
957 100526794
957 115024
957 22978
957 30833
957 4907
957 51251
957 56953
957 84618
957 93034
957 353
957 50484
957 6240
957 6241
957 377841
957 953
957 956
957 5313
957 5315
957 10201
957 221264
957 29922
957 4830
957 4831
957 4832
957 4833
957 654364
9583 3614
9583 3615
9583 3251
9583 100526794
9583 115024
9583 22978
9583 30833
9583 4907
9583 51251
9583 56953
9583 84618
9583 93034
9583 353
9583 50484
9583 6240
9583 6241
9583 377841
9583 953
9583 956
9583 5313
9583 5315
9583 10201
9583 221264
9583 29922
9583 4830
9583 4831
9583 4832
9583 4833
9583 654364
3251 100526794
3251 115024
3251 22978
3251 30833
3251 4907
3251 51251
3251 56953
3251 84618
3251 93034
3251 7498
3251 9615
3251 5167
3251 5169
2987 353
2987 3251
2987 100526794
2987 115024
2987 22978
2987 30833
2987 4907
2987 51251
2987 56953
2987 84618
2987 93034
2987 3704
2987 1716
2987 10201
2987 221264
2987 29922
2987 4830
2987 4831
2987 4832
2987 4833
2987 654364
2987 50484
2987 6240
2987 6241
2987 377841
2987 953
2987 956
2987 5313
2987 5315
9615 353
9615 3251
9615 4860
374659 87178
374659 10201
374659 221264
374659 29922
374659 4830
374659 4831
374659 4832
374659 4833
374659 654364
374659 5313
374659 5315
374659 377841
374659 953
374659 956
374659 50484
374659 6240
374659 6241
374659 2987
374659 124583
374659 955
374659 957
374659 9583
58497 374659
2977 10846
2977 50940
2977 5136
2977 5137
2977 5138
2977 5139
2977 5140
2977 5145
2977 5146
2977 5147
2977 5148
2977 5149
2977 5152
2977 5153
2977 5158
2977 8654
2977 10621
2977 10622
2977 10623
2977 11128
2977 171568
2977 221830
2977 246721
2977 25885
2977 30834
2977 51082
2977 51728
2977 5430
2977 5431
2977 5432
2977 5433
2977 5434
2977 5435
2977 5436
2977 5437
2977 5438
2977 5439
2977 5440
2977 5441
2977 548644
2977 55703
2977 55718
2977 64425
2977 661
2977 84172
2977 84265
2977 9533
2977 10201
2977 221264
2977 29922
2977 4830
2977 4831
2977 4832
2977 4833
2977 654364
2977 5313
2977 5315
2977 377841
2977 953
2977 956
2977 318
2977 3704
2977 5167
2977 5169
2982 10846
2982 50940
2982 5136
2982 5137
2982 5138
2982 5139
2982 5140
2982 5145
2982 5146
2982 5147
2982 5148
2982 5149
2982 5152
2982 5153
2982 5158
2982 8654
2982 10621
2982 10622
2982 10623
2982 11128
2982 171568
2982 221830
2982 246721
2982 25885
2982 30834
2982 51082
2982 51728
2982 5430
2982 5431
2982 5432
2982 5433
2982 5434
2982 5435
2982 5436
2982 5437
2982 5438
2982 5439
2982 5440
2982 5441
2982 548644
2982 55703
2982 55718
2982 64425
2982 661
2982 84172
2982 84265
2982 9533
2982 10201
2982 221264
2982 29922
2982 4830
2982 4831
2982 4832
2982 4833
2982 654364
2982 5313
2982 5315
2982 377841
2982 953
2982 956
2982 318
2982 3704
2982 5167
2982 5169
2983 10846
2983 50940
2983 5136
2983 5137
2983 5138
2983 5139
2983 5140
2983 5145
2983 5146
2983 5147
2983 5148
2983 5149
2983 5152
2983 5153
2983 5158
2983 8654
2983 10621
2983 10622
2983 10623
2983 11128
2983 171568
2983 221830
2983 246721
2983 25885
2983 30834
2983 51082
2983 51728
2983 5430
2983 5431
2983 5432
2983 5433
2983 5434
2983 5435
2983 5436
2983 5437
2983 5438
2983 5439
2983 5440
2983 5441
2983 548644
2983 55703
2983 55718
2983 64425
2983 661
2983 84172
2983 84265
2983 9533
2983 10201
2983 221264
2983 29922
2983 4830
2983 4831
2983 4832
2983 4833
2983 654364
2983 5313
2983 5315
2983 377841
2983 953
2983 956
2983 318
2983 3704
2983 5167
2983 5169
2984 10846
2984 50940
2984 5136
2984 5137
2984 5138
2984 5139
2984 5140
2984 5145
2984 5146
2984 5147
2984 5148
2984 5149
2984 5152
2984 5153
2984 5158
2984 8654
2984 10621
2984 10622
2984 10623
2984 11128
2984 171568
2984 221830
2984 246721
2984 25885
2984 30834
2984 51082
2984 51728
2984 5430
2984 5431
2984 5432
2984 5433
2984 5434
2984 5435
2984 5436
2984 5437
2984 5438
2984 5439
2984 5440
2984 5441
2984 548644
2984 55703
2984 55718
2984 64425
2984 661
2984 84172
2984 84265
2984 9533
2984 10201
2984 221264
2984 29922
2984 4830
2984 4831
2984 4832
2984 4833
2984 654364
2984 5313
2984 5315
2984 377841
2984 953
2984 956
2984 318
2984 3704
2984 5167
2984 5169
2986 10846
2986 50940
2986 5136
2986 5137
2986 5138
2986 5139
2986 5140
2986 5145
2986 5146
2986 5147
2986 5148
2986 5149
2986 5152
2986 5153
2986 5158
2986 8654
2986 10621
2986 10622
2986 10623
2986 11128
2986 171568
2986 221830
2986 246721
2986 25885
2986 30834
2986 51082
2986 51728
2986 5430
2986 5431
2986 5432
2986 5433
2986 5434
2986 5435
2986 5436
2986 5437
2986 5438
2986 5439
2986 5440
2986 5441
2986 548644
2986 55703
2986 55718
2986 64425
2986 661
2986 84172
2986 84265
2986 9533
2986 10201
2986 221264
2986 29922
2986 4830
2986 4831
2986 4832
2986 4833
2986 654364
2986 5313
2986 5315
2986 377841
2986 953
2986 956
2986 318
2986 3704
2986 5167
2986 5169
3000 10846
3000 50940
3000 5136
3000 5137
3000 5138
3000 5139
3000 5140
3000 5145
3000 5146
3000 5147
3000 5148
3000 5149
3000 5152
3000 5153
3000 5158
3000 8654
3000 10621
3000 10622
3000 10623
3000 11128
3000 171568
3000 221830
3000 246721
3000 25885
3000 30834
3000 51082
3000 51728
3000 5430
3000 5431
3000 5432
3000 5433
3000 5434
3000 5435
3000 5436
3000 5437
3000 5438
3000 5439
3000 5440
3000 5441
3000 548644
3000 55703
3000 55718
3000 64425
3000 661
3000 84172
3000 84265
3000 9533
3000 10201
3000 221264
3000 29922
3000 4830
3000 4831
3000 4832
3000 4833
3000 654364
3000 5313
3000 5315
3000 377841
3000 953
3000 956
3000 318
3000 3704
3000 5167
3000 5169
4881 10846
4881 50940
4881 5136
4881 5137
4881 5138
4881 5139
4881 5140
4881 5145
4881 5146
4881 5147
4881 5148
4881 5149
4881 5152
4881 5153
4881 5158
4881 8654
4881 10621
4881 10622
4881 10623
4881 11128
4881 171568
4881 221830
4881 246721
4881 25885
4881 30834
4881 51082
4881 51728
4881 5430
4881 5431
4881 5432
4881 5433
4881 5434
4881 5435
4881 5436
4881 5437
4881 5438
4881 5439
4881 5440
4881 5441
4881 548644
4881 55703
4881 55718
4881 64425
4881 661
4881 84172
4881 84265
4881 9533
4881 10201
4881 221264
4881 29922
4881 4830
4881 4831
4881 4832
4881 4833
4881 654364
4881 5313
4881 5315
4881 377841
4881 953
4881 956
4881 318
4881 3704
4881 5167
4881 5169
4882 10846
4882 50940
4882 5136
4882 5137
4882 5138
4882 5139
4882 5140
4882 5145
4882 5146
4882 5147
4882 5148
4882 5149
4882 5152
4882 5153
4882 5158
4882 8654
4882 10621
4882 10622
4882 10623
4882 11128
4882 171568
4882 221830
4882 246721
4882 25885
4882 30834
4882 51082
4882 51728
4882 5430
4882 5431
4882 5432
4882 5433
4882 5434
4882 5435
4882 5436
4882 5437
4882 5438
4882 5439
4882 5440
4882 5441
4882 548644
4882 55703
4882 55718
4882 64425
4882 661
4882 84172
4882 84265
4882 9533
4882 10201
4882 221264
4882 29922
4882 4830
4882 4831
4882 4832
4882 4833
4882 654364
4882 5313
4882 5315
4882 377841
4882 953
4882 956
4882 318
4882 3704
4882 5167
4882 5169
5145 3704
5145 377841
5145 953
5145 956
5145 124583
5145 955
5145 957
5145 9583
5145 2987
5145 353
5145 3251
5145 100526794
5145 115024
5145 22978
5145 30833
5145 4907
5145 51251
5145 56953
5145 84618
5145 93034
5146 3704
5146 377841
5146 953
5146 956
5146 124583
5146 955
5146 957
5146 9583
5146 2987
5146 353
5146 3251
5146 100526794
5146 115024
5146 22978
5146 30833
5146 4907
5146 51251
5146 56953
5146 84618
5146 93034
5147 3704
5147 377841
5147 953
5147 956
5147 124583
5147 955
5147 957
5147 9583
5147 2987
5147 353
5147 3251
5147 100526794
5147 115024
5147 22978
5147 30833
5147 4907
5147 51251
5147 56953
5147 84618
5147 93034
5148 3704
5148 377841
5148 953
5148 956
5148 124583
5148 955
5148 957
5148 9583
5148 2987
5148 353
5148 3251
5148 100526794
5148 115024
5148 22978
5148 30833
5148 4907
5148 51251
5148 56953
5148 84618
5148 93034
5149 3704
5149 377841
5149 953
5149 956
5149 124583
5149 955
5149 957
5149 9583
5149 2987
5149 353
5149 3251
5149 100526794
5149 115024
5149 22978
5149 30833
5149 4907
5149 51251
5149 56953
5149 84618
5149 93034
5152 3704
5152 377841
5152 953
5152 956
5152 124583
5152 955
5152 957
5152 9583
5152 2987
5152 353
5152 3251
5152 100526794
5152 115024
5152 22978
5152 30833
5152 4907
5152 51251
5152 56953
5152 84618
5152 93034
5158 3704
5158 377841
5158 953
5158 956
5158 124583
5158 955
5158 957
5158 9583
5158 2987
5158 353
5158 3251
5158 100526794
5158 115024
5158 22978
5158 30833
5158 4907
5158 51251
5158 56953
5158 84618
5158 93034
8654 3704
8654 377841
8654 953
8654 956
8654 124583
8654 955
8654 957
8654 9583
8654 2987
8654 353
8654 3251
8654 100526794
8654 115024
8654 22978
8654 30833
8654 4907
8654 51251
8654 56953
8654 84618
8654 93034
9060 9060
9060 9061
9061 9060
9061 9061
5198 2618
3704 124583
3704 955
3704 957
3704 9583
3704 377841
3704 953
3704 956
3704 3614
3704 3615
3704 3251
3704 100526794
3704 115024
3704 22978
3704 30833
3704 4907
3704 51251
3704 56953
3704 84618
3704 93034
3704 10201
3704 221264
3704 29922
3704 4830
3704 4831
3704 4832
3704 4833
3704 654364
3704 8833
3704 2987
3704 353
3704 1716
3704 5313
3704 5315
3704 318
3704 10621
3704 10622
3704 10623
3704 11128
3704 171568
3704 221830
3704 246721
3704 25885
3704 30834
3704 51082
3704 51728
3704 5430
3704 5431
3704 5432
3704 5433
3704 5434
3704 5435
3704 5436
3704 5437
3704 5438
3704 5439
3704 5440
3704 5441
3704 548644
3704 55703
3704 55718
3704 64425
3704 661
3704 84172
3704 84265
3704 9533
3704 107
3704 108
3704 109
3704 111
3704 112
3704 113
3704 114
3704 115
3704 196883
3704 55811
3704 10714
3704 23649
3704 54107
3704 5422
3704 5424
3704 5425
3704 5426
3704 5427
3704 5557
3704 5558
3704 56655
3704 57804
3704 131870
318 3704
1716 4860
55276 221823
55276 5631
55276 5634
55276 11164
55276 53343
55276 56985
5313 87178
5313 102157402
5313 122481
5313 158067
5313 203
5313 204
5313 205
5313 221264
5313 26289
5313 390877
5313 10714
5313 23649
5313 54107
5313 5422
5313 5424
5313 5425
5313 5426
5313 5427
5313 5557
5313 5558
5313 56655
5313 57804
5313 10621
5313 10622
5313 10623
5313 11128
5313 171568
5313 221830
5313 246721
5313 25885
5313 30834
5313 51082
5313 51728
5313 5430
5313 5431
5313 5432
5313 5433
5313 5434
5313 5435
5313 5436
5313 5437
5313 5438
5313 5439
5313 5440
5313 5441
5313 548644
5313 55703
5313 55718
5313 64425
5313 661
5313 84172
5313 84265
5313 9533
5313 107
5313 108
5313 109
5313 111
5313 112
5313 113
5313 114
5313 115
5313 196883
5313 55811
5313 2987
5313 318
5313 954
5313 84284
5313 5167
5313 5169
5315 87178
5315 102157402
5315 122481
5315 158067
5315 203
5315 204
5315 205
5315 221264
5315 26289
5315 390877
5315 10714
5315 23649
5315 54107
5315 5422
5315 5424
5315 5425
5315 5426
5315 5427
5315 5557
5315 5558
5315 56655
5315 57804
5315 10621
5315 10622
5315 10623
5315 11128
5315 171568
5315 221830
5315 246721
5315 25885
5315 30834
5315 51082
5315 51728
5315 5430
5315 5431
5315 5432
5315 5433
5315 5434
5315 5435
5315 5436
5315 5437
5315 5438
5315 5439
5315 5440
5315 5441
5315 548644
5315 55703
5315 55718
5315 64425
5315 661
5315 84172
5315 84265
5315 9533
5315 107
5315 108
5315 109
5315 111
5315 112
5315 113
5315 114
5315 115
5315 196883
5315 55811
5315 2987
5315 318
5315 954
5315 84284
5315 5167
5315 5169
1633 100
1633 51816
1633 4860
1633 100526794
1633 115024
1633 22978
1633 30833
1633 4907
1633 51251
1633 56953
1633 84618
1633 93034
84284 87178
84284 10621
84284 10622
84284 10623
84284 11128
84284 171568
84284 221830
84284 246721
84284 25885
84284 30834
84284 51082
84284 51728
84284 5430
84284 5431
84284 5432
84284 5433
84284 5434
84284 5435
84284 5436
84284 5437
84284 5438
84284 5439
84284 5440
84284 5441
84284 548644
84284 55703
84284 55718
84284 64425
84284 661
84284 84172
84284 84265
84284 9533
84284 107
84284 108
84284 109
84284 111
84284 112
84284 113
84284 114
84284 115
84284 196883
84284 55811
27115 107
27115 108
27115 109
27115 111
27115 112
27115 113
27115 114
27115 115
27115 196883
27115 55811
27115 158
27115 377841
27115 953
27115 956
27115 102157402
27115 122481
27115 158067
27115 203
27115 204
27115 205
27115 221264
27115 26289
27115 390877
27115 353
27115 100526794
27115 115024
27115 22978
27115 30833
27115 4907
27115 51251
27115 56953
27115 84618
27115 93034
27115 1633
27115 132
27115 270
27115 271
27115 272
5141 107
5141 108
5141 109
5141 111
5141 112
5141 113
5141 114
5141 115
5141 196883
5141 55811
5141 158
5141 377841
5141 953
5141 956
5141 102157402
5141 122481
5141 158067
5141 203
5141 204
5141 205
5141 221264
5141 26289
5141 390877
5141 353
5141 100526794
5141 115024
5141 22978
5141 30833
5141 4907
5141 51251
5141 56953
5141 84618
5141 93034
5141 1633
5141 132
5141 270
5141 271
5141 272
5142 107
5142 108
5142 109
5142 111
5142 112
5142 113
5142 114
5142 115
5142 196883
5142 55811
5142 158
5142 377841
5142 953
5142 956
5142 102157402
5142 122481
5142 158067
5142 203
5142 204
5142 205
5142 221264
5142 26289
5142 390877
5142 353
5142 100526794
5142 115024
5142 22978
5142 30833
5142 4907
5142 51251
5142 56953
5142 84618
5142 93034
5142 1633
5142 132
5142 270
5142 271
5142 272
5143 107
5143 108
5143 109
5143 111
5143 112
5143 113
5143 114
5143 115
5143 196883
5143 55811
5143 158
5143 377841
5143 953
5143 956
5143 102157402
5143 122481
5143 158067
5143 203
5143 204
5143 205
5143 221264
5143 26289
5143 390877
5143 353
5143 100526794
5143 115024
5143 22978
5143 30833
5143 4907
5143 51251
5143 56953
5143 84618
5143 93034
5143 1633
5143 132
5143 270
5143 271
5143 272
5144 107
5144 108
5144 109
5144 111
5144 112
5144 113
5144 114
5144 115
5144 196883
5144 55811
5144 158
5144 377841
5144 953
5144 956
5144 102157402
5144 122481
5144 158067
5144 203
5144 204
5144 205
5144 221264
5144 26289
5144 390877
5144 353
5144 100526794
5144 115024
5144 22978
5144 30833
5144 4907
5144 51251
5144 56953
5144 84618
5144 93034
5144 1633
5144 132
5144 270
5144 271
5144 272
5150 107
5150 108
5150 109
5150 111
5150 112
5150 113
5150 114
5150 115
5150 196883
5150 55811
5150 158
5150 377841
5150 953
5150 956
5150 102157402
5150 122481
5150 158067
5150 203
5150 204
5150 205
5150 221264
5150 26289
5150 390877
5150 353
5150 100526794
5150 115024
5150 22978
5150 30833
5150 4907
5150 51251
5150 56953
5150 84618
5150 93034
5150 1633
5150 132
5150 270
5150 271
5150 272
5151 107
5151 108
5151 109
5151 111
5151 112
5151 113
5151 114
5151 115
5151 196883
5151 55811
5151 158
5151 377841
5151 953
5151 956
5151 102157402
5151 122481
5151 158067
5151 203
5151 204
5151 205
5151 221264
5151 26289
5151 390877
5151 353
5151 100526794
5151 115024
5151 22978
5151 30833
5151 4907
5151 51251
5151 56953
5151 84618
5151 93034
5151 1633
5151 132
5151 270
5151 271
5151 272
8622 107
8622 108
8622 109
8622 111
8622 112
8622 113
8622 114
8622 115
8622 196883
8622 55811
8622 158
8622 377841
8622 953
8622 956
8622 102157402
8622 122481
8622 158067
8622 203
8622 204
8622 205
8622 221264
8622 26289
8622 390877
8622 353
8622 100526794
8622 115024
8622 22978
8622 30833
8622 4907
8622 51251
8622 56953
8622 84618
8622 93034
8622 1633
8622 132
8622 270
8622 271
8622 272
5236 11164
5236 53343
5236 56985
131870 10201
131870 221264
131870 29922
131870 4830
131870 4831
131870 4832
131870 4833
131870 654364
131870 3704
131870 270
131870 271
131870 272
131870 100526794
131870 115024
131870 22978
131870 30833
131870 4907
131870 51251
131870 56953
131870 84618
131870 93034
131870 3251
131870 3614
131870 3615
131870 2766
131870 51292
50808 50484
50808 6240
50808 6241
50808 5313
50808 5315
50808 87178
50808 10201
50808 221264
50808 29922
50808 4830
50808 4831
50808 4832
50808 4833
50808 654364
50808 377841
50808 953
50808 956
50808 954
50808 84284
50808 158
50808 270
50808 271
50808 272
50808 132
50808 100526794
50808 115024
50808 22978
50808 30833
50808 4907
50808 51251
50808 56953
50808 84618
50808 93034
50808 353
50808 1633
50808 27115
50808 5141
50808 5142
50808 5143
50808 5144
50808 5150
50808 5151
50808 8622
50808 10846
50808 50940
50808 5136
50808 5137
50808 5138
50808 5139
50808 5140
50808 5153
50808 5167
50808 5169
5167 10621
5167 10622
5167 10623
5167 11128
5167 171568
5167 221830
5167 246721
5167 25885
5167 30834
5167 51082
5167 51728
5167 5430
5167 5431
5167 5432
5167 5433
5167 5434
5167 5435
5167 5436
5167 5437
5167 5438
5167 5439
5167 5440
5167 5441
5167 548644
5167 55703
5167 55718
5167 64425
5167 661
5167 84172
5167 84265
5167 9533
5167 318
5167 10846
5167 50940
5167 5136
5167 5137
5167 5138
5167 5139
5167 5140
5167 5145
5167 5146
5167 5147
5167 5148
5167 5149
5167 5152
5167 5153
5167 5158
5167 8654
5167 27115
5167 5141
5167 5142
5167 5143
5167 5144
5167 5150
5167 5151
5167 8622
5167 158
5167 270
5167 271
5167 272
5167 100526794
5167 115024
5167 22978
5167 30833
5167 4907
5167 51251
5167 56953
5167 84618
5167 93034
5167 1633
5167 132
5169 10621
5169 10622
5169 10623
5169 11128
5169 171568
5169 221830
5169 246721
5169 25885
5169 30834
5169 51082
5169 51728
5169 5430
5169 5431
5169 5432
5169 5433
5169 5434
5169 5435
5169 5436
5169 5437
5169 5438
5169 5439
5169 5440
5169 5441
5169 548644
5169 55703
5169 55718
5169 64425
5169 661
5169 84172
5169 84265
5169 9533
5169 318
5169 10846
5169 50940
5169 5136
5169 5137
5169 5138
5169 5139
5169 5140
5169 5145
5169 5146
5169 5147
5169 5148
5169 5149
5169 5152
5169 5153
5169 5158
5169 8654
5169 27115
5169 5141
5169 5142
5169 5143
5169 5144
5169 5150
5169 5151
5169 8622
5169 158
5169 270
5169 271
5169 272
5169 100526794
5169 115024
5169 22978
5169 30833
5169 4907
5169 51251
5169 56953
5169 84618
5169 93034
5169 1633
5169 132
