1630 26060
1630 842
836 1630
842 836
842 840
1499 51176
1499 6932
1499 6934
1499 83439
51384 11211
51384 2535
51384 7855
51384 7976
51384 8321
51384 8322
51384 8323
51384 8324
51384 8325
51384 8326
51384 4040
51384 4041
54361 11211
54361 2535
54361 7855
54361 7976
54361 8321
54361 8322
54361 8323
54361 8324
54361 8325
54361 8326
54361 4040
54361 4041
7471 11211
7471 2535
7471 7855
7471 7976
7471 8321
7471 8322
7471 8323
7471 8324
7471 8325
7471 8326
7471 4040
7471 4041
7472 11211
7472 2535
7472 7855
7472 7976
7472 8321
7472 8322
7472 8323
7472 8324
7472 8325
7472 8326
7472 4040
7472 4041
7473 11211
7473 2535
7473 7855
7473 7976
7473 8321
7473 8322
7473 8323
7473 8324
7473 8325
7473 8326
7473 4040
7473 4041
7474 11211
7474 2535
7474 7855
7474 7976
7474 8321
7474 8322
7474 8323
7474 8324
7474 8325
7474 8326
7474 4040
7474 4041
7475 11211
7475 2535
7475 7855
7475 7976
7475 8321
7475 8322
7475 8323
7475 8324
7475 8325
7475 8326
7475 4040
7475 4041
7476 11211
7476 2535
7476 7855
7476 7976
7476 8321
7476 8322
7476 8323
7476 8324
7476 8325
7476 8326
7476 4040
7476 4041
7477 11211
7477 2535
7477 7855
7477 7976
7477 8321
7477 8322
7477 8323
7477 8324
7477 8325
7477 8326
7477 4040
7477 4041
7478 11211
7478 2535
7478 7855
7478 7976
7478 8321
7478 8322
7478 8323
7478 8324
7478 8325
7478 8326
7478 4040
7478 4041
7479 11211
7479 2535
7479 7855
7479 7976
7479 8321
7479 8322
7479 8323
7479 8324
7479 8325
7479 8326
7479 4040
7479 4041
7480 11211
7480 2535
7480 7855
7480 7976
7480 8321
7480 8322
7480 8323
7480 8324
7480 8325
7480 8326
7480 4040
7480 4041
7481 11211
7481 2535
7481 7855
7481 7976
7481 8321
7481 8322
7481 8323
7481 8324
7481 8325
7481 8326
7481 4040
7481 4041
7482 11211
7482 2535
7482 7855
7482 7976
7482 8321
7482 8322
7482 8323
7482 8324
7482 8325
7482 8326
7482 4040
7482 4041
7483 11211
7483 2535
7483 7855
7483 7976
7483 8321
7483 8322
7483 8323
7483 8324
7483 8325
7483 8326
7483 4040
7483 4041
7484 11211
7484 2535
7484 7855
7484 7976
7484 8321
7484 8322
7484 8323
7484 8324
7484 8325
7484 8326
7484 4040
7484 4041
80326 11211
80326 2535
80326 7855
80326 7976
80326 8321
80326 8322
80326 8323
80326 8324
80326 8325
80326 8326
80326 4040
80326 4041
81029 11211
81029 2535
81029 7855
81029 7976
81029 8321
81029 8322
81029 8323
81029 8324
81029 8325
81029 8326
81029 4040
81029 4041
89780 11211
89780 2535
89780 7855
89780 7976
89780 8321
89780 8322
89780 8323
89780 8324
89780 8325
89780 8326
89780 4040
89780 4041
3688 5747
1855 2932
1856 2932
1857 2932
10319 3688
10319 3655
10319 3673
10319 3674
10319 3675
10319 3685
1282 3688
1282 3655
1282 3673
1282 3674
1282 3675
1282 3685
1284 3688
1284 3655
1284 3673
1284 3674
1284 3675
1284 3685
1285 3688
1285 3655
1285 3673
1285 3674
1285 3675
1285 3685
1286 3688
1286 3655
1286 3673
1286 3674
1286 3675
1286 3685
1287 3688
1287 3655
1287 3673
1287 3674
1287 3675
1287 3685
1288 3688
1288 3655
1288 3673
1288 3674
1288 3675
1288 3685
22798 3688
22798 3655
22798 3673
22798 3674
22798 3675
22798 3685
2335 3688
2335 3655
2335 3673
2335 3674
2335 3675
2335 3685
284217 3688
284217 3655
284217 3673
284217 3674
284217 3675
284217 3685
3908 3688
3908 3655
3908 3673
3908 3674
3908 3675
3908 3685
3909 3688
3909 3655
3909 3673
3909 3674
3909 3675
3909 3685
3910 3688
3910 3655
3910 3673
3910 3674
3910 3675
3910 3685
3911 3688
3911 3655
3911 3673
3911 3674
3911 3675
3911 3685
3912 3688
3912 3655
3912 3673
3912 3674
3912 3675
3912 3685
3913 3688
3913 3655
3913 3673
3913 3674
3913 3675
3913 3685
3914 3688
3914 3655
3914 3673
3914 3674
3914 3675
3914 3685
3915 3688
3915 3655
3915 3673
3915 3674
3915 3675
3915 3685
3918 3688
3918 3655
3918 3673
3918 3674
3918 3675
3918 3685
3655 5747
3673 5747
3674 5747
3675 5747
3685 5747
5747 5290
5747 5291
5747 5293
5747 5295
5747 5296
5747 8503
11211 1855
11211 1856
11211 1857
2535 1855
2535 1856
2535 1857
7855 1855
7855 1856
7855 1857
7976 1855
7976 1856
7976 1857
8321 1855
8321 1856
8321 1857
8322 1855
8322 1856
8322 1857
8323 1855
8323 1856
8323 1857
8324 1855
8324 1856
8324 1857
8325 1855
8325 1856
8325 1857
8326 1855
8326 1856
8326 1857
26060 836
25 6776
25 6777
25 2885
25 1398
25 1399
25 867
613 6776
613 6777
613 2885
613 1398
613 1399
613 867
1398 5290
1398 5291
1398 5293
1398 5295
1398 5296
1398 8503
1399 5290
1399 5291
1399 5293
1399 5295
1399 5296
1399 8503
867 5290
867 5291
867 5293
867 5295
867 5296
867 8503
6776 598
6776 11040
6776 5292
6777 598
6777 11040
6777 5292
3716 6774
3716 6772
3716 6776
3716 6777
3716 6773
3716 6775
3716 6778
3717 6774
3717 6772
3717 6776
3717 6777
3717 6773
3717 6775
3717 6778
3718 6774
3718 6772
3718 6776
3718 6777
3718 6773
3718 6775
3718 6778
1956 5290
1956 5291
1956 5293
1956 5295
1956 5296
1956 8503
1956 3716
1956 3717
1956 3718
1956 5335
1956 5336
2064 5290
2064 5291
2064 5293
2064 5295
2064 5296
2064 8503
2064 3716
2064 3717
2064 3718
5156 5335
5156 5336
5156 2885
5156 5290
5156 5291
5156 5293
5156 5295
5156 5296
5156 8503
5159 5335
5159 5336
5159 2885
5159 5290
5159 5291
5159 5293
5159 5295
5159 5296
5159 8503
3480 5335
3480 5336
3480 2885
3480 5290
3480 5291
3480 5293
3480 5295
3480 5296
3480 8503
3815 5290
3815 5291
3815 5293
3815 5295
3815 5296
3815 8503
3815 2885
2322 5290
2322 5291
2322 5293
2322 5295
2322 5296
2322 8503
2322 2885
4233 2885
2260 2885
2261 2885
2263 2885
2264 2885
10342 3265
10342 3845
10342 4893
4914 3265
4914 3845
4914 4893
7170 3265
7170 3845
7170 4893
7175 3265
7175 3845
7175 4893
7039 1956
1950 1956
3082 4233
5154 5156
5154 5159
5155 5156
5155 5159
3479 3480
3481 3480
367 354
367 367
3320 367
3326 367
7184 367
2932 1499
1147 4792
3551 4792
8517 4792
2475 6198
2475 6199
572 598
572 596
4193 7157
1027 1017
1027 898
1027 9134
598 581
598 578
6774 2277
6774 5228
6774 7422
6774 7423
6774 7424
6772 2277
6772 5228
6772 7422
6772 7423
6772 7424
2885 6654
2885 6655
6654 3265
6654 3845
6654 4893
6655 3265
6655 3845
6655 4893
3265 369
3265 5894
3265 673
3265 5290
3265 5291
3265 5293
3265 5295
3265 5296
3265 8503
3265 11186
3265 5900
3845 369
3845 5894
3845 673
3845 5290
3845 5291
3845 5293
3845 5295
3845 5296
3845 8503
3845 11186
3845 5900
4893 369
4893 5894
4893 673
4893 5290
4893 5291
4893 5293
4893 5295
4893 5296
4893 8503
4893 11186
4893 5900
369 5604
369 5605
5894 5604
5894 5605
673 5604
673 5605
5604 5594
5604 5595
5605 5594
5605 5595
83593 11186
11186 6789
11186 595
11186 3265
11186 3845
11186 4893
4792 4790
4792 4791
4792 5970
4790 5743
4790 4843
4790 596
4790 112401
4790 329
4790 330
4790 331
4790 79444
4790 598
4790 7185
4790 7186
4790 7187
4790 7188
4790 7189
4790 9618
4790 595
4791 5743
4791 4843
4791 596
4791 112401
4791 329
4791 330
4791 331
4791 79444
4791 598
4791 7185
4791 7186
4791 7187
4791 7188
4791 7189
4791 9618
4791 595
5970 5743
5970 4843
5970 596
5970 112401
5970 329
5970 330
5970 331
5970 79444
5970 598
5970 7185
5970 7186
5970 7187
5970 7188
5970 7189
5970 9618
5970 595
595 5925
5979 3265
5979 3845
5979 4893
8030 3265
8030 3845
8030 4893
8031 3265
8031 3845
8031 4893
5900 5898
5900 5899
5900 387
5900 5879
5900 5880
5900 5881
5898 10928
5898 5337
5899 10928
5899 5337
387 5599
387 5601
387 5602
5879 5599
5879 5601
5879 5602
5880 5599
5880 5601
5880 5602
5881 5599
5881 5601
5881 5602
10928 5879
10928 5880
10928 5881
10928 998
3725 2277
3725 5228
3725 7422
3725 7423
3725 7424
3725 3576
3725 4312
3725 4313
3725 4318
3725 595
3725 1019
3725 4609
3725 5467
2353 2277
2353 5228
2353 7422
2353 7423
2353 7424
2353 3576
2353 4312
2353 4313
2353 4318
2353 595
2353 1019
2353 4609
2353 5467
4609 2277
4609 5228
4609 7422
4609 7423
4609 7424
4609 3576
4609 4312
4609 4313
4609 4318
4609 595
4609 1019
4609 7709
4609 1163
4609 1164
7157 1026
7157 10912
7157 1647
7157 4616
7157 578
7157 51426
7157 581
7157 1643
51176 332
51176 4609
51176 595
6932 332
6932 4609
6932 595
6934 332
6934 4609
6934 595
83439 332
83439 4609
83439 595
5578 369
5578 5894
5578 673
5578 3265
5578 3845
5578 4893
5578 2002
5579 369
5579 5894
5579 673
5579 3265
5579 3845
5579 4893
5579 2002
5582 369
5582 5894
5582 673
5582 3265
5582 3845
5582 4893
5582 2002
6469 5727
5727 6608
6608 51684
51684 2735
51684 2736
51684 2737
112398 2034
112398 3091
112399 2034
112399 3091
54583 2034
54583 3091
6923 2034
6923 3091
6921 2034
6921 3091
7428 2034
7428 3091
8453 2034
8453 3091
9978 2034
9978 3091
9978 1027
2034 6513
2034 2277
2034 5228
2034 7422
2034 7423
2034 7424
2034 5155
2034 7040
2034 7042
2034 7043
2034 7039
2034 405
2034 9915
2034 1387
2034 2033
3091 6513
3091 2277
3091 5228
3091 7422
3091 7423
3091 7424
3091 5155
3091 7040
3091 7042
3091 7043
3091 7039
3091 405
3091 9915
3091 1387
3091 2033
54205 842
54205 317
7040 7046
7040 7048
7042 7046
7042 7048
7043 7046
7043 7048
7046 4087
7046 4088
7048 4087
7048 4088
4087 4089
4088 4089
581 54205
2122 1487
2122 1488
2122 3065
2122 3066
861 6688
861 1050
861 3728
861 1436
861 1487
861 1488
861 3065
861 3066
5468 6256
5468 6257
5468 6258
7849 6256
7849 6257
7849 6258
3728 5467
3728 4609
3728 595
3728 51176
3728 6932
3728 6934
3728 83439
5914 6688
5914 3728
5914 8900
7704 3728
7704 8900
5371 6688
5371 3728
5371 8900
862 6688
862 1050
862 3728
862 1436
6688 1441
6688 1438
6688 1436
1050 1441
1050 3569
1050 1869
1050 1870
1050 1871
1050 4609
4149 7709
4149 1163
4149 1164
7709 1030
894 5925
896 5925
1026 595
1026 894
1026 896
1026 1019
1026 1021
1019 5925
1021 5925
5925 1869
5925 1870
5925 1871
1017 5925
898 5925
9134 5925
6502 1027
1163 6502
1163 6500
1163 8454
1163 9978
1164 6502
1164 6500
1164 8454
1164 9978
1030 595
1030 894
1030 896
1030 1019
1030 1021
1029 4193
1029 595
1029 894
1029 896
1029 1019
1029 1021
355 8772
8772 841
841 637
637 54205
2735 650
2735 652
2735 2735
2735 51384
2735 54361
2735 7471
2735 7472
2735 7473
2735 7474
2735 7475
2735 7476
2735 7477
2735 7478
2735 7479
2735 7480
2735 7481
2735 7482
2735 7483
2735 7484
2735 80326
2735 81029
2735 89780
2735 64399
2735 5727
2735 8643
596 581
1612 5594
1612 5595
1613 5594
1613 5595
23604 5594
23604 5595
2113 2277
2113 5228
2113 7422
2113 7423
2113 7424
2113 4312
2113 4313
2113 4318
2113 3576
2113 595
2113 1019
3569 1439
3569 149233
3569 2057
3569 3454
3569 3455
3569 3459
3569 3460
3569 3559
3569 3560
3569 3561
3569 3563
3569 3566
3569 3568
3569 3570
3569 3572
3569 3575
3569 3594
3569 3595
3569 3597
3569 3601
4824 10000
4824 207
4824 208
5594 3725
5594 2353
5594 4609
5594 2113
5594 9252
5595 3725
5595 2353
5595 4609
5595 2113
5595 9252
10000 2932
10000 842
10000 572
10000 2308
10000 1027
10000 1026
10000 1147
10000 3551
10000 8517
10000 2475
10000 4193
207 2932
207 842
207 572
207 2308
207 1027
207 1026
207 1147
207 3551
207 8517
207 2475
207 4193
208 2932
208 842
208 572
208 2308
208 1027
208 1026
208 1147
208 3551
208 8517
208 2475
208 4193
2736 650
2736 652
2736 2735
2736 51384
2736 54361
2736 7471
2736 7472
2736 7473
2736 7474
2736 7475
2736 7476
2736 7477
2736 7478
2736 7479
2736 7480
2736 7481
2736 7482
2736 7483
2736 7484
2736 80326
2736 81029
2736 89780
2736 64399
2736 5727
2736 8643
2737 650
2737 652
2737 2735
2737 51384
2737 54361
2737 7471
2737 7472
2737 7473
2737 7474
2737 7475
2737 7476
2737 7477
2737 7478
2737 7479
2737 7480
2737 7481
2737 7482
2737 7483
2737 7484
2737 80326
2737 81029
2737 89780
2737 64399
2737 5727
2737 8643
356 355
4254 3815
2323 2322
2246 2260
2246 2261
2246 2263
2246 2264
2247 2260
2247 2261
2247 2263
2247 2264
2248 2260
2248 2261
2248 2263
2248 2264
2249 2260
2249 2261
2249 2263
2249 2264
2250 2260
2250 2261
2250 2263
2250 2264
2251 2260
2251 2261
2251 2263
2251 2264
2252 2260
2252 2261
2252 2263
2252 2264
2253 2260
2253 2261
2253 2263
2253 2264
2254 2260
2254 2261
2254 2263
2254 2264
2255 2260
2255 2261
2255 2263
2255 2264
26281 2260
26281 2261
26281 2263
26281 2264
26291 2260
26291 2261
26291 2263
26291 2264
27006 2260
27006 2261
27006 2263
27006 2264
8074 2260
8074 2261
8074 2263
8074 2264
8817 2260
8817 2261
8817 2263
8817 2264
8822 2260
8822 2261
8822 2263
8822 2264
8823 2260
8823 2261
8823 2263
8823 2264
9965 2260
9965 2261
9965 2263
9965 2264
1909 2767
1909 2776
1910 2767
1910 2776
623 2767
623 2776
624 2767
624 2776
2767 23236
2767 5330
2767 5331
2767 5332
2776 23236
2776 5330
2776 5331
2776 5332
10125 3265
10125 3845
10125 4893
10235 3265
10235 3845
10235 4893
115727 3265
115727 3845
115727 4893
25780 3265
25780 3845
25780 4893
374654 51684
182 4851
182 4853
182 4854
182 4855
3714 4851
3714 4853
3714 4854
3714 4855
4851 2064
4851 3280
4851 388585
4851 23462
4851 23493
4851 26508
4851 2324
4853 2064
4853 3280
4853 388585
4853 23462
4853 23493
4853 26508
4853 2324
4854 2064
4854 3280
4854 388585
4854 23462
4854 23493
4854 26508
4854 2324
4855 2064
4855 3280
4855 388585
4855 23462
4855 23493
4855 26508
4855 2324
10683 4851
10683 4853
10683 4854
10683 4855
28514 4851
28514 4853
28514 4854
28514 4855
54567 4851
54567 4853
54567 4854
54567 4855
4780 3162
4780 1728
4780 119391
4780 221357
4780 2938
4780 2939
4780 2940
4780 2941
4780 2944
4780 2946
4780 2947
4780 2948
4780 2949
4780 2950
4780 2952
4780 2953
4780 4257
4780 4258
4780 4259
4780 653689
4780 9446
4780 10587
4780 114112
4780 7296
9817 4780
578 54205
2099 595
2099 4609
2099 5467
2100 595
2100 4609
2100 5467
8202 595
8202 4609
8202 5467
8648 595
8648 4609
8648 5467
6667 595
6667 4609
6667 5467
4040 1855
4040 1856
4040 1857
4041 1855
4041 1856
4041 1857
10023 1855
10023 1856
10023 1857
23401 1855
23401 1856
23401 1857
238 3716
238 3717
238 3718
238 5290
238 5291
238 5293
238 5295
238 5296
238 8503
238 3265
238 3845
238 4893
238 5335
238 5336
27436 3716
27436 3717
27436 3718
27436 5290
27436 5291
27436 5293
27436 5295
27436 5296
27436 8503
27436 3265
27436 3845
27436 4893
27436 5335
27436 5336
9252 4609
163688 815
163688 816
163688 817
163688 818
51806 815
51806 816
51806 817
51806 818
801 815
801 816
801 817
801 818
805 815
805 816
805 817
805 818
808 815
808 816
808 817
808 818
810 815
810 816
810 817
810 818
91860 815
91860 816
91860 817
91860 818
815 3265
815 3845
815 4893
816 3265
816 3845
816 4893
817 3265
817 3845
817 4893
818 3265
818 3845
818 4893
6500 1027
8454 1027
5366 596
27113 596
10018 596
2056 1439
2056 149233
2056 2057
2056 3454
2056 3455
2056 3459
2056 3460
2056 3559
2056 3560
2056 3561
2056 3563
2056 3566
2056 3568
2056 3570
2056 3572
2056 3575
2056 3594
2056 3595
2056 3597
2056 3601
3439 1439
3439 149233
3439 2057
3439 3454
3439 3455
3439 3459
3439 3460
3439 3559
3439 3560
3439 3561
3439 3563
3439 3566
3439 3568
3439 3570
3439 3572
3439 3575
3439 3594
3439 3595
3439 3597
3439 3601
3440 1439
3440 149233
3440 2057
3440 3454
3440 3455
3440 3459
3440 3460
3440 3559
3440 3560
3440 3561
3440 3563
3440 3566
3440 3568
3440 3570
3440 3572
3440 3575
3440 3594
3440 3595
3440 3597
3440 3601
3441 1439
3441 149233
3441 2057
3441 3454
3441 3455
3441 3459
3441 3460
3441 3559
3441 3560
3441 3561
3441 3563
3441 3566
3441 3568
3441 3570
3441 3572
3441 3575
3441 3594
3441 3595
3441 3597
3441 3601
3442 1439
3442 149233
3442 2057
3442 3454
3442 3455
3442 3459
3442 3460
3442 3559
3442 3560
3442 3561
3442 3563
3442 3566
3442 3568
3442 3570
3442 3572
3442 3575
3442 3594
3442 3595
3442 3597
3442 3601
3443 1439
3443 149233
3443 2057
3443 3454
3443 3455
3443 3459
3443 3460
3443 3559
3443 3560
3443 3561
3443 3563
3443 3566
3443 3568
3443 3570
3443 3572
3443 3575
3443 3594
3443 3595
3443 3597
3443 3601
3444 1439
3444 149233
3444 2057
3444 3454
3444 3455
3444 3459
3444 3460
3444 3559
3444 3560
3444 3561
3444 3563
3444 3566
3444 3568
3444 3570
3444 3572
3444 3575
3444 3594
3444 3595
3444 3597
3444 3601
3445 1439
3445 149233
3445 2057
3445 3454
3445 3455
3445 3459
3445 3460
3445 3559
3445 3560
3445 3561
3445 3563
3445 3566
3445 3568
3445 3570
3445 3572
3445 3575
3445 3594
3445 3595
3445 3597
3445 3601
3446 1439
3446 149233
3446 2057
3446 3454
3446 3455
3446 3459
3446 3460
3446 3559
3446 3560
3446 3561
3446 3563
3446 3566
3446 3568
3446 3570
3446 3572
3446 3575
3446 3594
3446 3595
3446 3597
3446 3601
3447 1439
3447 149233
3447 2057
3447 3454
3447 3455
3447 3459
3447 3460
3447 3559
3447 3560
3447 3561
3447 3563
3447 3566
3447 3568
3447 3570
3447 3572
3447 3575
3447 3594
3447 3595
3447 3597
3447 3601
3448 1439
3448 149233
3448 2057
3448 3454
3448 3455
3448 3459
3448 3460
3448 3559
3448 3560
3448 3561
3448 3563
3448 3566
3448 3568
3448 3570
3448 3572
3448 3575
3448 3594
3448 3595
3448 3597
3448 3601
3449 1439
3449 149233
3449 2057
3449 3454
3449 3455
3449 3459
3449 3460
3449 3559
3449 3560
3449 3561
3449 3563
3449 3566
3449 3568
3449 3570
3449 3572
3449 3575
3449 3594
3449 3595
3449 3597
3449 3601
3451 1439
3451 149233
3451 2057
3451 3454
3451 3455
3451 3459
3451 3460
3451 3559
3451 3560
3451 3561
3451 3563
3451 3566
3451 3568
3451 3570
3451 3572
3451 3575
3451 3594
3451 3595
3451 3597
3451 3601
3452 1439
3452 149233
3452 2057
3452 3454
3452 3455
3452 3459
3452 3460
3452 3559
3452 3560
3452 3561
3452 3563
3452 3566
3452 3568
3452 3570
3452 3572
3452 3575
3452 3594
3452 3595
3452 3597
3452 3601
3458 1439
3458 149233
3458 2057
3458 3454
3458 3455
3458 3459
3458 3460
3458 3559
3458 3560
3458 3561
3458 3563
3458 3566
3458 3568
3458 3570
3458 3572
3458 3575
3458 3594
3458 3595
3458 3597
3458 3601
3558 1439
3558 149233
3558 2057
3558 3454
3558 3455
3558 3459
3558 3460
3558 3559
3558 3560
3558 3561
3558 3563
3558 3566
3558 3568
3558 3570
3558 3572
3558 3575
3558 3594
3558 3595
3558 3597
3558 3601
3562 1439
3562 149233
3562 2057
3562 3454
3562 3455
3562 3459
3562 3460
3562 3559
3562 3560
3562 3561
3562 3563
3562 3566
3562 3568
3562 3570
3562 3572
3562 3575
3562 3594
3562 3595
3562 3597
3562 3601
3565 1439
3565 149233
3565 2057
3565 3454
3565 3455
3565 3459
3565 3460
3565 3559
3565 3560
3565 3561
3565 3563
3565 3566
3565 3568
3565 3570
3565 3572
3565 3575
3565 3594
3565 3595
3565 3597
3565 3601
3567 1439
3567 149233
3567 2057
3567 3454
3567 3455
3567 3459
3567 3460
3567 3559
3567 3560
3567 3561
3567 3563
3567 3566
3567 3568
3567 3570
3567 3572
3567 3575
3567 3594
3567 3595
3567 3597
3567 3601
3574 1439
3574 149233
3574 2057
3574 3454
3574 3455
3574 3459
3574 3460
3574 3559
3574 3560
3574 3561
3574 3563
3574 3566
3574 3568
3574 3570
3574 3572
3574 3575
3574 3594
3574 3595
3574 3597
3574 3601
3592 1439
3592 149233
3592 2057
3592 3454
3592 3455
3592 3459
3592 3460
3592 3559
3592 3560
3592 3561
3592 3563
3592 3566
3592 3568
3592 3570
3592 3572
3592 3575
3592 3594
3592 3595
3592 3597
3592 3601
3593 1439
3593 149233
3593 2057
3593 3454
3593 3455
3593 3459
3593 3460
3593 3559
3593 3560
3593 3561
3593 3563
3593 3566
3593 3568
3593 3570
3593 3572
3593 3575
3593 3594
3593 3595
3593 3597
3593 3601
3596 1439
3596 149233
3596 2057
3596 3454
3596 3455
3596 3459
3596 3460
3596 3559
3596 3560
3596 3561
3596 3563
3596 3566
3596 3568
3596 3570
3596 3572
3596 3575
3596 3594
3596 3595
3596 3597
3596 3601
3600 1439
3600 149233
3600 2057
3600 3454
3600 3455
3600 3459
3600 3460
3600 3559
3600 3560
3600 3561
3600 3563
3600 3566
3600 3568
3600 3570
3600 3572
3600 3575
3600 3594
3600 3595
3600 3597
3600 3601
51561 1439
51561 149233
51561 2057
51561 3454
51561 3455
51561 3459
51561 3460
51561 3559
51561 3560
51561 3561
51561 3563
51561 3566
51561 3568
51561 3570
51561 3572
51561 3575
51561 3594
51561 3595
51561 3597
51561 3601
1439 3716
1439 3717
1439 3718
149233 3716
149233 3717
149233 3718
2057 3716
2057 3717
2057 3718
3454 3716
3454 3717
3454 3718
3455 3716
3455 3717
3455 3718
3459 3716
3459 3717
3459 3718
3460 3716
3460 3717
3460 3718
3559 3716
3559 3717
3559 3718
3560 3716
3560 3717
3560 3718
3561 3716
3561 3717
3561 3718
3563 3716
3563 3717
3563 3718
3566 3716
3566 3717
3566 3718
3568 3716
3568 3717
3568 3718
3570 3716
3570 3717
3570 3718
3572 3716
3572 3717
3572 3718
3575 3716
3575 3717
3575 3718
3594 3716
3594 3717
3594 3718
3595 3716
3595 3717
3595 3718
3597 3716
3597 3717
3597 3718
3601 3716
3601 3717
3601 3718
