5879 10163
5879 8936
1793 5879
63916 1793
79767 1793
9844 1793
391 63916
391 79767
391 9844
998 5879
10163 10092
10163 10093
10163 10094
10163 10095
10163 10109
10163 10552
10163 81873
8936 10092
8936 10093
8936 10094
8936 10095
8936 10109
8936 10552
8936 81873
10092 7454
10092 8976
10093 7454
10093 8976
10094 7454
10094 8976
10095 7454
10095 8976
10109 7454
10109 8976
10552 7454
10552 8976
81873 7454
81873 8976
7414 345456
7414 375189
7414 5216
7414 5217
10392 8767
64127 8767
8767 5599
8767 5601
8767 5602
8767 5594
8767 5595
8767 1432
8767 5600
8767 5603
8767 6300
8767 8517
8767 1147
8767 3551
8517 4792
8517 4793
1147 4792
1147 4793
3551 4792
3551 4793
4792 4790
4792 5970
4793 4790
4793 5970
4790 3576
5970 3576
5599 3576
5601 3576
5602 3576
5594 3576
5595 3576
1432 3576
5600 3576
5603 3576
6300 3576
102724594 3576
199746 3576
7307 3576
7322 4792
7322 4793
23291 4792
23291 4793
8945 4792
8945 4793
7454 998
7454 7414
8976 998
8976 7414
60 10092
60 10093
60 10094
60 10095
60 10109
60 10552
60 81873
71 10092
71 10093
71 10094
71 10095
71 10109
71 10552
71 81873
