1816 2776
1816 2774
1816 2778
2774 111
2778 111
5566 10488
5566 1385
5566 1386
5566 1388
5566 148327
5566 468
5566 64764
5566 84699
5566 90993
5566 9586
5566 84152
5566 1432
5566 5599
5566 5600
5566 5601
5566 5602
5566 5603
5566 6300
5566 6323
5566 775
5566 776
5566 2903
5566 2904
5566 2890
5566 2891
5566 2892
5566 2893
5567 10488
5567 1385
5567 1386
5567 1388
5567 148327
5567 468
5567 64764
5567 84699
5567 90993
5567 9586
5567 84152
5567 1432
5567 5599
5567 5600
5567 5601
5567 5602
5567 5603
5567 6300
5567 6323
5567 775
5567 776
5567 2903
5567 2904
5567 2890
5567 2891
5567 2892
5567 2893
5568 10488
5568 1385
5568 1386
5568 1388
5568 148327
5568 468
5568 64764
5568 84699
5568 90993
5568 9586
5568 84152
5568 1432
5568 5599
5568 5600
5568 5601
5568 5602
5568 5603
5568 6300
5568 6323
5568 775
5568 776
5568 2903
5568 2904
5568 2890
5568 2891
5568 2892
5568 2893
2776 23236
2776 5330
2776 5331
2776 5332
5578 2353
5579 2353
5582 2353
1813 6531
1813 10681
1813 2770
1813 2771
1813 2773
1813 2775
1813 2782
1813 2783
1813 2784
1813 2785
1813 2786
1813 2787
1813 2788
1813 2790
1813 2791
1813 2792
1813 2793
1813 51764
1813 54331
1813 55970
1813 59345
1813 94235
1813 7054
1813 409
1813 28227
1813 55012
1813 5515
1813 5516
1813 5518
1813 5519
1813 5520
1813 5521
1813 5522
1813 5523
1813 5525
1813 5526
1813 5527
1813 5528
1813 5529
1813 55844
10681 3760
10681 3762
10681 3763
10681 3765
10681 773
10681 774
10681 6323
10681 111
10681 23236
10681 5330
10681 5331
10681 5332
2770 3760
2770 3762
2770 3763
2770 3765
2770 773
2770 774
2770 6323
2770 111
2770 23236
2770 5330
2770 5331
2770 5332
2771 3760
2771 3762
2771 3763
2771 3765
2771 773
2771 774
2771 6323
2771 111
2771 23236
2771 5330
2771 5331
2771 5332
2773 3760
2773 3762
2773 3763
2773 3765
2773 773
2773 774
2773 6323
2773 111
2773 23236
2773 5330
2773 5331
2773 5332
2775 3760
2775 3762
2775 3763
2775 3765
2775 773
2775 774
2775 6323
2775 111
2775 23236
2775 5330
2775 5331
2775 5332
2782 3760
2782 3762
2782 3763
2782 3765
2782 773
2782 774
2782 6323
2782 111
2782 23236
2782 5330
2782 5331
2782 5332
2783 3760
2783 3762
2783 3763
2783 3765
2783 773
2783 774
2783 6323
2783 111
2783 23236
2783 5330
2783 5331
2783 5332
2784 3760
2784 3762
2784 3763
2784 3765
2784 773
2784 774
2784 6323
2784 111
2784 23236
2784 5330
2784 5331
2784 5332
2785 3760
2785 3762
2785 3763
2785 3765
2785 773
2785 774
2785 6323
2785 111
2785 23236
2785 5330
2785 5331
2785 5332
2786 3760
2786 3762
2786 3763
2786 3765
2786 773
2786 774
2786 6323
2786 111
2786 23236
2786 5330
2786 5331
2786 5332
2787 3760
2787 3762
2787 3763
2787 3765
2787 773
2787 774
2787 6323
2787 111
2787 23236
2787 5330
2787 5331
2787 5332
2788 3760
2788 3762
2788 3763
2788 3765
2788 773
2788 774
2788 6323
2788 111
2788 23236
2788 5330
2788 5331
2788 5332
2790 3760
2790 3762
2790 3763
2790 3765
2790 773
2790 774
2790 6323
2790 111
2790 23236
2790 5330
2790 5331
2790 5332
2791 3760
2791 3762
2791 3763
2791 3765
2791 773
2791 774
2791 6323
2791 111
2791 23236
2791 5330
2791 5331
2791 5332
2792 3760
2792 3762
2792 3763
2792 3765
2792 773
2792 774
2792 6323
2792 111
2792 23236
2792 5330
2792 5331
2792 5332
2793 3760
2793 3762
2793 3763
2793 3765
2793 773
2793 774
2793 6323
2793 111
2793 23236
2793 5330
2793 5331
2793 5332
51764 3760
51764 3762
51764 3763
51764 3765
51764 773
51764 774
51764 6323
51764 111
51764 23236
51764 5330
51764 5331
51764 5332
54331 3760
54331 3762
54331 3763
54331 3765
54331 773
54331 774
54331 6323
54331 111
54331 23236
54331 5330
54331 5331
54331 5332
55970 3760
55970 3762
55970 3763
55970 3765
55970 773
55970 774
55970 6323
55970 111
55970 23236
55970 5330
55970 5331
55970 5332
59345 3760
59345 3762
59345 3763
59345 3765
59345 773
59345 774
59345 6323
59345 111
59345 23236
59345 5330
59345 5331
59345 5332
94235 3760
94235 3762
94235 3763
94235 3765
94235 773
94235 774
94235 6323
94235 111
94235 23236
94235 5330
94235 5331
94235 5332
10000 2931
10000 2932
207 2931
207 2932
208 2931
208 2932
2931 2903
2931 2904
2931 3798
2931 3799
2931 3800
2931 2890
2931 2891
2931 2892
2931 2893
2931 9575
2931 406
2932 2903
2932 2904
2932 3798
2932 3799
2932 3800
2932 2890
2932 2891
2932 2892
2932 2893
2932 9575
2932 406
84152 5499
84152 5500
84152 5501
1432 2353
5599 2353
5600 2353
5601 2353
5602 2353
5603 2353
6300 2353
1812 2776
1812 2774
1812 2778
1812 50632
1814 10681
1814 2770
1814 2771
1814 2773
1814 2775
1814 2782
1814 2783
1814 2784
1814 2785
1814 2786
1814 2787
1814 2788
1814 2790
1814 2791
1814 2792
1814 2793
1814 51764
1814 54331
1814 55970
1814 59345
1814 94235
1815 10681
1815 2770
1815 2771
1815 2773
1815 2775
1815 2782
1815 2783
1815 2784
1815 2785
1815 2786
1815 2787
1815 2788
1815 2790
1815 2791
1815 2792
1815 2793
1815 51764
1815 54331
1815 55970
1815 59345
1815 94235
5530 84152
5530 775
5530 776
5532 84152
5532 775
5532 776
5533 84152
5533 775
5533 776
28227 10000
28227 207
28227 208
55012 10000
55012 207
55012 208
5515 10000
5515 207
5515 208
5516 10000
5516 207
5516 208
5518 10000
5518 207
5518 208
5519 10000
5519 207
5519 208
5520 10000
5520 207
5520 208
5521 10000
5521 207
5521 208
5522 10000
5522 207
5522 208
5523 10000
5523 207
5523 208
5525 10000
5525 207
5525 208
5526 10000
5526 207
5526 208
5527 10000
5527 207
5527 208
5528 10000
5528 207
5528 208
5529 10000
5529 207
5529 208
55844 10000
55844 207
55844 208
5499 775
5499 776
5499 2903
5499 2904
5499 2890
5499 2891
5499 2892
5499 2893
5500 775
5500 776
5500 2903
5500 2904
5500 2890
5500 2891
5500 2892
5500 2893
5501 775
5501 776
5501 2903
5501 2904
5501 2890
5501 2891
5501 2892
5501 2893
163688 5530
163688 5532
163688 5533
163688 815
163688 816
163688 817
163688 818
51806 5530
51806 5532
51806 5533
51806 815
51806 816
51806 817
51806 818
801 5530
801 5532
801 5533
801 815
801 816
801 817
801 818
805 5530
805 5532
805 5533
805 815
805 816
805 817
805 818
808 5530
808 5532
808 5533
808 815
808 816
808 817
808 818
810 5530
810 5532
810 5533
810 815
810 816
810 817
810 818
91860 5530
91860 5532
91860 5533
91860 815
91860 816
91860 817
91860 818
