4342 5604
4342 9088
983 995
983 9748
983 132864
983 22849
983 64506
983 80315
983 286151
10459 10393
10459 246184
10459 25847
10459 29882
10459 29945
10459 51433
10459 51434
10459 51529
10459 64682
10459 8697
10459 8881
10459 996
4085 10393
4085 246184
4085 25847
4085 29882
4085 29945
4085 51433
4085 51434
4085 51529
4085 64682
4085 8697
4085 8881
4085 996
9133 9748
9133 995
9133 132864
9133 22849
9133 64506
9133 80315
9088 983
27330 699
27330 9088
6195 699
6195 9088
6196 699
6196 9088
6197 699
6197 9088
5594 27330
5594 6195
5594 6196
5594 6197
5595 27330
5595 6195
5595 6196
5595 6197
5604 5594
5604 5595
10393 9133
10393 10744
10393 9232
10393 891
246184 9133
246184 10744
246184 9232
246184 891
25847 9133
25847 10744
25847 9232
25847 891
29882 9133
29882 10744
29882 9232
29882 891
29945 9133
29945 10744
29945 9232
29945 891
51433 9133
51433 10744
51433 9232
51433 891
51434 9133
51434 10744
51434 9232
51434 891
51529 9133
51529 10744
51529 9232
51529 891
64682 9133
64682 10744
64682 9232
64682 891
8697 9133
8697 10744
8697 9232
8697 891
8881 9133
8881 10744
8881 9232
8881 891
996 9133
996 10744
996 9232
996 891
991 9133
991 10744
991 9232
991 891
10744 9700
9232 9700
891 286151
26271 991
6500 26271
6500 286151
8454 26271
8454 286151
9978 26271
9978 286151
898 10393
898 246184
898 25847
898 29882
898 29945
898 51433
898 51434
898 51529
898 64682
898 8697
898 8881
898 996
9134 10393
9134 246184
9134 25847
9134 29882
9134 29945
9134 51433
9134 51434
9134 51529
9134 64682
9134 8697
9134 8881
9134 996
286151 991
995 983
1017 995
1017 10393
1017 246184
1017 25847
1017 29882
1017 29945
1017 51433
1017 51434
1017 51529
1017 64682
1017 8697
1017 8881
1017 996
23291 26271
23291 286151
8945 26271
8945 286151
815 286151
815 995
816 286151
816 995
817 286151
817 995
818 286151
818 995
5347 132864
5347 22849
5347 64506
5347 80315
5347 995
5347 286151
6790 132864
6790 22849
6790 64506
6790 80315
89869 3708
89869 3709
89869 3710
3708 163688
3708 51806
3708 801
3708 805
3708 808
3708 810
3708 91860
3709 163688
3709 51806
3709 801
3709 805
3709 808
3709 810
3709 91860
3710 163688
3710 51806
3710 801
3710 805
3710 808
3710 810
3710 91860
163688 5530
163688 5532
163688 5533
163688 5534
163688 5535
163688 815
163688 816
163688 817
163688 818
51806 5530
51806 5532
51806 5533
51806 5534
51806 5535
51806 815
51806 816
51806 817
51806 818
801 5530
801 5532
801 5533
801 5534
801 5535
801 815
801 816
801 817
801 818
805 5530
805 5532
805 5533
805 5534
805 5535
805 815
805 816
805 817
805 818
808 5530
808 5532
808 5533
808 5534
808 5535
808 815
808 816
808 817
808 818
810 5530
810 5532
810 5533
810 5534
810 5535
810 815
810 816
810 817
810 818
91860 5530
91860 5532
91860 5533
91860 5534
91860 5535
91860 815
91860 816
91860 817
91860 818
5530 10393
5530 246184
5530 25847
5530 29882
5530 29945
5530 51433
5530 51434
5530 51529
5530 64682
5530 8697
5530 8881
5530 996
5530 991
5532 10393
5532 246184
5532 25847
5532 29882
5532 29945
5532 51433
5532 51434
5532 51529
5532 64682
5532 8697
5532 8881
5532 996
5532 991
5533 10393
5533 246184
5533 25847
5533 29882
5533 29945
5533 51433
5533 51434
5533 51529
5533 64682
5533 8697
5533 8881
5533 996
5533 991
5534 10393
5534 246184
5534 25847
5534 29882
5534 29945
5534 51433
5534 51434
5534 51529
5534 64682
5534 8697
5534 8881
5534 996
5534 991
5535 10393
5535 246184
5535 25847
5535 29882
5535 29945
5535 51433
5535 51434
5535 51529
5535 64682
5535 8697
5535 8881
5535 996
5535 991
5566 995
5567 995
5568 995
107 5566
107 5567
107 5568
108 5566
108 5567
108 5568
109 5566
109 5567
109 5568
111 5566
111 5567
111 5568
112 5566
112 5567
112 5568
113 5566
113 5567
113 5568
114 5566
114 5567
114 5568
115 5566
115 5567
115 5568
196883 5566
196883 5567
196883 5568
10971 995
7529 995
7531 995
7532 995
7533 995
7534 995
5499 995
5500 995
5501 995
6300 995
9700 9985
151648 5525
151648 5526
151648 5527
151648 5528
151648 5529
151648 5515
151648 5516
151648 5518
151648 5519
5525 9985
5526 9985
5527 9985
5528 9985
5529 9985
5515 286151
5515 9985
5516 286151
5516 9985
5518 286151
5518 9985
5519 286151
5519 9985
5241 5566
5241 5567
5241 5568
367 5566
367 5567
367 5568
3480 5566
3480 5567
3480 5568
3630 3480
3479 3480
100310812 995
100505767 995
100996746 995
102723555 995
102723849 995
245711 995
285955 995
387778 995
388333 995
441272 995
441273 995
442590 995
729597 995
9748 5347
699 10459
699 4085
699 151648
