1738 4967
1738 55753
1738 5160
1738 5161
1738 5162
1738 1737
4967 3419
4967 3420
4967 3421
4967 3417
4967 3418
55753 3419
55753 3420
55753 3421
55753 3417
55753 3418
1743 4967
1743 55753
1743 1738
8801 1743
8802 1743
8803 1743
3417 3419
3417 3420
3417 3421
3418 3419
3418 3420
3418 3421
3419 3417
3419 3418
3420 3417
3420 3418
3421 3417
3421 3418
47 5091
47 5105
47 5106
47 48
47 50
2271 6389
2271 6390
2271 6391
2271 6392
48 3417
48 3418
48 3419
48 3420
48 3421
50 3417
50 3418
50 3419
50 3420
50 3421
1431 5091
1431 5105
1431 5106
1431 48
1431 50
4190 47
4190 1431
4190 5091
4190 5105
4190 5106
4190 2271
4191 47
4191 1431
4191 5091
4191 5105
4191 5106
4191 2271
5091 5105
5091 5106
5160 5091
5160 5160
5160 5161
5160 5162
5161 5091
5161 5160
5161 5161
5161 5162
5162 5091
5162 5160
5162 5161
5162 5162
1737 1431
1737 47
1737 5160
1737 5161
1737 5162
6389 8801
6389 8802
6389 8803
6390 8801
6390 8802
6390 8803
6391 8801
6391 8802
6391 8803
6392 8801
6392 8802
6392 8803
