1571 119391
1571 221357
1571 27306
1571 2938
1571 2939
1571 2940
1571 2941
1571 2944
1571 2946
1571 2947
1571 2948
1571 2949
1571 2950
1571 2952
1571 2953
1571 373156
1571 4257
1571 4258
1571 4259
1571 653689
1571 9446
1571 2052
1571 218
1571 220
1571 221
1571 222
1571 124
1571 125
1571 126
1571 127
1571 128
1571 130
1571 131
1571 10720
1571 10941
1571 54490
1571 54575
1571 54576
1571 54577
1571 54578
1571 54579
1571 54600
1571 54657
1571 54658
1571 54659
1571 574537
1571 7363
1571 7364
1571 7365
1571 7366
1571 7367
1571 79799
1571 1543
1571 1548
1571 1576
1571 1645
1571 3290
1571 873
1571 874
1571 1553
1571 1544
119391 1543
119391 1544
119391 2052
119391 119391
119391 221357
119391 27306
119391 2938
119391 2939
119391 2940
119391 2941
119391 2944
119391 2946
119391 2947
119391 2948
119391 2949
119391 2950
119391 2952
119391 2953
119391 373156
119391 4257
119391 4258
119391 4259
119391 653689
119391 9446
119391 1571
119391 1553
119391 1576
119391 1545
119391 1559
221357 1543
221357 1544
221357 2052
221357 119391
221357 221357
221357 27306
221357 2938
221357 2939
221357 2940
221357 2941
221357 2944
221357 2946
221357 2947
221357 2948
221357 2949
221357 2950
221357 2952
221357 2953
221357 373156
221357 4257
221357 4258
221357 4259
221357 653689
221357 9446
221357 1571
221357 1553
221357 1576
221357 1545
221357 1559
27306 1543
27306 1544
27306 2052
27306 119391
27306 221357
27306 27306
27306 2938
27306 2939
27306 2940
27306 2941
27306 2944
27306 2946
27306 2947
27306 2948
27306 2949
27306 2950
27306 2952
27306 2953
27306 373156
27306 4257
27306 4258
27306 4259
27306 653689
27306 9446
27306 1571
27306 1553
27306 1576
27306 1545
27306 1559
2938 1543
2938 1544
2938 2052
2938 119391
2938 221357
2938 27306
2938 2938
2938 2939
2938 2940
2938 2941
2938 2944
2938 2946
2938 2947
2938 2948
2938 2949
2938 2950
2938 2952
2938 2953
2938 373156
2938 4257
2938 4258
2938 4259
2938 653689
2938 9446
2938 1571
2938 1553
2938 1576
2938 1545
2938 1559
2939 1543
2939 1544
2939 2052
2939 119391
2939 221357
2939 27306
2939 2938
2939 2939
2939 2940
2939 2941
2939 2944
2939 2946
2939 2947
2939 2948
2939 2949
2939 2950
2939 2952
2939 2953
2939 373156
2939 4257
2939 4258
2939 4259
2939 653689
2939 9446
2939 1571
2939 1553
2939 1576
2939 1545
2939 1559
2940 1543
2940 1544
2940 2052
2940 119391
2940 221357
2940 27306
2940 2938
2940 2939
2940 2940
2940 2941
2940 2944
2940 2946
2940 2947
2940 2948
2940 2949
2940 2950
2940 2952
2940 2953
2940 373156
2940 4257
2940 4258
2940 4259
2940 653689
2940 9446
2940 1571
2940 1553
2940 1576
2940 1545
2940 1559
2941 1543
2941 1544
2941 2052
2941 119391
2941 221357
2941 27306
2941 2938
2941 2939
2941 2940
2941 2941
2941 2944
2941 2946
2941 2947
2941 2948
2941 2949
2941 2950
2941 2952
2941 2953
2941 373156
2941 4257
2941 4258
2941 4259
2941 653689
2941 9446
2941 1571
2941 1553
2941 1576
2941 1545
2941 1559
2944 1543
2944 1544
2944 2052
2944 119391
2944 221357
2944 27306
2944 2938
2944 2939
2944 2940
2944 2941
2944 2944
2944 2946
2944 2947
2944 2948
2944 2949
2944 2950
2944 2952
2944 2953
2944 373156
2944 4257
2944 4258
2944 4259
2944 653689
2944 9446
2944 1571
2944 1553
2944 1576
2944 1545
2944 1559
2946 1543
2946 1544
2946 2052
2946 119391
2946 221357
2946 27306
2946 2938
2946 2939
2946 2940
2946 2941
2946 2944
2946 2946
2946 2947
2946 2948
2946 2949
2946 2950
2946 2952
2946 2953
2946 373156
2946 4257
2946 4258
2946 4259
2946 653689
2946 9446
2946 1571
2946 1553
2946 1576
2946 1545
2946 1559
2947 1543
2947 1544
2947 2052
2947 119391
2947 221357
2947 27306
2947 2938
2947 2939
2947 2940
2947 2941
2947 2944
2947 2946
2947 2947
2947 2948
2947 2949
2947 2950
2947 2952
2947 2953
2947 373156
2947 4257
2947 4258
2947 4259
2947 653689
2947 9446
2947 1571
2947 1553
2947 1576
2947 1545
2947 1559
2948 1543
2948 1544
2948 2052
2948 119391
2948 221357
2948 27306
2948 2938
2948 2939
2948 2940
2948 2941
2948 2944
2948 2946
2948 2947
2948 2948
2948 2949
2948 2950
2948 2952
2948 2953
2948 373156
2948 4257
2948 4258
2948 4259
2948 653689
2948 9446
2948 1571
2948 1553
2948 1576
2948 1545
2948 1559
2949 1543
2949 1544
2949 2052
2949 119391
2949 221357
2949 27306
2949 2938
2949 2939
2949 2940
2949 2941
2949 2944
2949 2946
2949 2947
2949 2948
2949 2949
2949 2950
2949 2952
2949 2953
2949 373156
2949 4257
2949 4258
2949 4259
2949 653689
2949 9446
2949 1571
2949 1553
2949 1576
2949 1545
2949 1559
2950 1543
2950 1544
2950 2052
2950 119391
2950 221357
2950 27306
2950 2938
2950 2939
2950 2940
2950 2941
2950 2944
2950 2946
2950 2947
2950 2948
2950 2949
2950 2950
2950 2952
2950 2953
2950 373156
2950 4257
2950 4258
2950 4259
2950 653689
2950 9446
2950 1571
2950 1553
2950 1576
2950 1545
2950 1559
2952 1543
2952 1544
2952 2052
2952 119391
2952 221357
2952 27306
2952 2938
2952 2939
2952 2940
2952 2941
2952 2944
2952 2946
2952 2947
2952 2948
2952 2949
2952 2950
2952 2952
2952 2953
2952 373156
2952 4257
2952 4258
2952 4259
2952 653689
2952 9446
2952 1571
2952 1553
2952 1576
2952 1545
2952 1559
2953 1543
2953 1544
2953 2052
2953 119391
2953 221357
2953 27306
2953 2938
2953 2939
2953 2940
2953 2941
2953 2944
2953 2946
2953 2947
2953 2948
2953 2949
2953 2950
2953 2952
2953 2953
2953 373156
2953 4257
2953 4258
2953 4259
2953 653689
2953 9446
2953 1571
2953 1553
2953 1576
2953 1545
2953 1559
373156 1543
373156 1544
373156 2052
373156 119391
373156 221357
373156 27306
373156 2938
373156 2939
373156 2940
373156 2941
373156 2944
373156 2946
373156 2947
373156 2948
373156 2949
373156 2950
373156 2952
373156 2953
373156 373156
373156 4257
373156 4258
373156 4259
373156 653689
373156 9446
373156 1571
373156 1553
373156 1576
373156 1545
373156 1559
4257 1543
4257 1544
4257 2052
4257 119391
4257 221357
4257 27306
4257 2938
4257 2939
4257 2940
4257 2941
4257 2944
4257 2946
4257 2947
4257 2948
4257 2949
4257 2950
4257 2952
4257 2953
4257 373156
4257 4257
4257 4258
4257 4259
4257 653689
4257 9446
4257 1571
4257 1553
4257 1576
4257 1545
4257 1559
4258 1543
4258 1544
4258 2052
4258 119391
4258 221357
4258 27306
4258 2938
4258 2939
4258 2940
4258 2941
4258 2944
4258 2946
4258 2947
4258 2948
4258 2949
4258 2950
4258 2952
4258 2953
4258 373156
4258 4257
4258 4258
4258 4259
4258 653689
4258 9446
4258 1571
4258 1553
4258 1576
4258 1545
4258 1559
4259 1543
4259 1544
4259 2052
4259 119391
4259 221357
4259 27306
4259 2938
4259 2939
4259 2940
4259 2941
4259 2944
4259 2946
4259 2947
4259 2948
4259 2949
4259 2950
4259 2952
4259 2953
4259 373156
4259 4257
4259 4258
4259 4259
4259 653689
4259 9446
4259 1571
4259 1553
4259 1576
4259 1545
4259 1559
653689 1543
653689 1544
653689 2052
653689 119391
653689 221357
653689 27306
653689 2938
653689 2939
653689 2940
653689 2941
653689 2944
653689 2946
653689 2947
653689 2948
653689 2949
653689 2950
653689 2952
653689 2953
653689 373156
653689 4257
653689 4258
653689 4259
653689 653689
653689 9446
653689 1571
653689 1553
653689 1576
653689 1545
653689 1559
9446 1543
9446 1544
9446 2052
9446 119391
9446 221357
9446 27306
9446 2938
9446 2939
9446 2940
9446 2941
9446 2944
9446 2946
9446 2947
9446 2948
9446 2949
9446 2950
9446 2952
9446 2953
9446 373156
9446 4257
9446 4258
9446 4259
9446 653689
9446 9446
9446 1571
9446 1553
9446 1576
9446 1545
9446 1559
10720 124
10720 125
10720 126
10720 127
10720 128
10720 130
10720 131
10941 124
10941 125
10941 126
10941 127
10941 128
10941 130
10941 131
54490 124
54490 125
54490 126
54490 127
54490 128
54490 130
54490 131
54575 124
54575 125
54575 126
54575 127
54575 128
54575 130
54575 131
54576 124
54576 125
54576 126
54576 127
54576 128
54576 130
54576 131
54577 124
54577 125
54577 126
54577 127
54577 128
54577 130
54577 131
54578 124
54578 125
54578 126
54578 127
54578 128
54578 130
54578 131
54579 124
54579 125
54579 126
54579 127
54579 128
54579 130
54579 131
54600 124
54600 125
54600 126
54600 127
54600 128
54600 130
54600 131
54657 124
54657 125
54657 126
54657 127
54657 128
54657 130
54657 131
54658 124
54658 125
54658 126
54658 127
54658 128
54658 130
54658 131
54659 124
54659 125
54659 126
54659 127
54659 128
54659 130
54659 131
574537 124
574537 125
574537 126
574537 127
574537 128
574537 130
574537 131
7363 124
7363 125
7363 126
7363 127
7363 128
7363 130
7363 131
7364 124
7364 125
7364 126
7364 127
7364 128
7364 130
7364 131
7365 124
7365 125
7365 126
7365 127
7365 128
7365 130
7365 131
7366 124
7366 125
7366 126
7366 127
7366 128
7366 130
7366 131
7367 124
7367 125
7367 126
7367 127
7367 128
7367 130
7367 131
79799 124
79799 125
79799 126
79799 127
79799 128
79799 130
79799 131
218 124
218 125
218 126
218 127
218 128
218 130
218 131
220 124
220 125
220 126
220 127
220 128
220 130
220 131
221 124
221 125
221 126
221 127
221 128
221 130
221 131
222 124
222 125
222 126
222 127
222 128
222 130
222 131
2052 1543
2052 1544
2052 119391
2052 221357
2052 27306
2052 2938
2052 2939
2052 2940
2052 2941
2052 2944
2052 2946
2052 2947
2052 2948
2052 2949
2052 2950
2052 2952
2052 2953
2052 373156
2052 4257
2052 4258
2052 4259
2052 653689
2052 9446
2052 1645
2052 27294
2052 1545
2052 1553
2052 1576
2052 1559
1543 119391
1543 221357
1543 27306
1543 2938
1543 2939
1543 2940
1543 2941
1543 2944
1543 2946
1543 2947
1543 2948
1543 2949
1543 2950
1543 2952
1543 2953
1543 373156
1543 4257
1543 4258
1543 4259
1543 653689
1543 9446
1543 2052
1543 1571
1544 119391
1544 221357
1544 27306
1544 2938
1544 2939
1544 2940
1544 2941
1544 2944
1544 2946
1544 2947
1544 2948
1544 2949
1544 2950
1544 2952
1544 2953
1544 373156
1544 4257
1544 4258
1544 4259
1544 653689
1544 9446
1544 2052
1544 1576
1544 1577
1544 1553
1544 1548
1544 1571
1576 2052
1576 119391
1576 221357
1576 27306
1576 2938
1576 2939
1576 2940
1576 2941
1576 2944
1576 2946
1576 2947
1576 2948
1576 2949
1576 2950
1576 2952
1576 2953
1576 373156
1576 4257
1576 4258
1576 4259
1576 653689
1576 9446
1576 1645
1576 3290
1576 873
1576 874
1577 2052
1577 119391
1577 221357
1577 27306
1577 2938
1577 2939
1577 2940
1577 2941
1577 2944
1577 2946
1577 2947
1577 2948
1577 2949
1577 2950
1577 2952
1577 2953
1577 373156
1577 4257
1577 4258
1577 4259
1577 653689
1577 9446
1553 873
1553 874
1553 3290
1553 1645
1553 1548
1553 10720
1553 10941
1553 54490
1553 54575
1553 54576
1553 54577
1553 54578
1553 54579
1553 54600
1553 54657
1553 54658
1553 54659
1553 574537
1553 7363
1553 7364
1553 7365
1553 7366
1553 7367
1553 79799
1553 1576
1553 1543
1553 1577
1545 1555
1545 2052
1545 119391
1545 221357
1545 27306
1545 2938
1545 2939
1545 2940
1545 2941
1545 2944
1545 2946
1545 2947
1545 2948
1545 2949
1545 2950
1545 2952
1545 2953
1545 373156
1545 4257
1545 4258
1545 4259
1545 653689
1545 9446
1555 6822
1555 119391
1555 221357
1555 27306
1555 2938
1555 2939
1555 2940
1555 2941
1555 2944
1555 2946
1555 2947
1555 2948
1555 2949
1555 2950
1555 2952
1555 2953
1555 373156
1555 4257
1555 4258
1555 4259
1555 653689
1555 9446
1555 2052
1645 1543
1645 1548
1645 10720
1645 10941
1645 54490
1645 54575
1645 54576
1645 54577
1645 54578
1645 54579
1645 54600
1645 54657
1645 54658
1645 54659
1645 574537
1645 7363
1645 7364
1645 7365
1645 7366
1645 7367
1645 79799
1645 1553
3290 1543
3290 1548
3290 10720
3290 10941
3290 54490
3290 54575
3290 54576
3290 54577
3290 54578
3290 54579
3290 54600
3290 54657
3290 54658
3290 54659
3290 574537
3290 7363
3290 7364
3290 7365
3290 7366
3290 7367
3290 79799
3290 1553
873 1543
873 1548
873 10720
873 10941
873 54490
873 54575
873 54576
873 54577
873 54578
873 54579
873 54600
873 54657
873 54658
873 54659
873 574537
873 7363
873 7364
873 7365
873 7366
873 7367
873 79799
873 1553
874 1543
874 1548
874 10720
874 10941
874 54490
874 54575
874 54576
874 54577
874 54578
874 54579
874 54600
874 54657
874 54658
874 54659
874 574537
874 7363
874 7364
874 7365
874 7366
874 7367
874 79799
874 1553
1548 3290
1548 873
1548 874
1548 1645
1548 10720
1548 10941
1548 54490
1548 54575
1548 54576
1548 54577
1548 54578
1548 54579
1548 54600
1548 54657
1548 54658
1548 54659
1548 574537
1548 7363
1548 7364
1548 7365
1548 7366
1548 7367
1548 79799
1548 1553
1548 1576
1548 1577
1548 2052
1548 119391
1548 221357
1548 27306
1548 2938
1548 2939
1548 2940
1548 2941
1548 2944
1548 2946
1548 2947
1548 2948
1548 2949
1548 2950
1548 2952
1548 2953
1548 373156
1548 4257
1548 4258
1548 4259
1548 653689
1548 9446
1548 1543
107987478 1543
107987478 1548
107987478 1576
107987478 1645
107987478 3290
107987478 873
107987478 874
107987478 1553
107987479 1543
107987479 1548
107987479 1576
107987479 1645
107987479 3290
107987479 873
107987479 874
107987479 1553
1564 1543
1564 1548
1564 1576
1564 1645
1564 3290
1564 873
1564 874
1564 1553
1565 1543
1565 1548
1565 1576
1565 1645
1565 3290
1565 873
1565 874
1565 1553
1559 2052
1559 119391
1559 221357
1559 27306
1559 2938
1559 2939
1559 2940
1559 2941
1559 2944
1559 2946
1559 2947
1559 2948
1559 2949
1559 2950
1559 2952
1559 2953
1559 373156
1559 4257
1559 4258
1559 4259
1559 653689
1559 9446
1572 119391
1572 221357
1572 27306
1572 2938
1572 2939
1572 2940
1572 2941
1572 2944
1572 2946
1572 2947
1572 2948
1572 2949
1572 2950
1572 2952
1572 2953
1572 373156
1572 4257
1572 4258
1572 4259
1572 653689
1572 9446
1572 2052
29785 119391
29785 221357
29785 27306
29785 2938
29785 2939
29785 2940
29785 2941
29785 2944
29785 2946
29785 2947
29785 2948
29785 2949
29785 2950
29785 2952
29785 2953
29785 373156
29785 4257
29785 4258
29785 4259
29785 653689
29785 9446
29785 2052
