4052 7040
4052 7042
4052 7043
7057 4052
8454 4087
8454 4088
9978 4087
9978 4088
130399 4087
130399 4088
91 4087
91 4088
4087 4089
4088 4089
4838 92
4838 93
4091 4087
4091 4088
4091 4086
4091 4090
4091 4093
4091 57154
4091 64750
4092 4087
4092 4088
4092 4086
4092 4090
4092 4093
4092 57154
4092 64750
6667 1030
1387 1030
2033 1030
4609 1030
7027 4609
1874 4609
1875 4609
5933 4609
90 4086
90 4090
90 4093
90 4087
90 4088
3624 92
3624 93
3624 7040
3624 7042
3624 7043
3624 4838
3625 92
3625 93
3625 7040
3625 7042
3625 7043
3625 4838
3626 92
3626 93
3626 7040
3626 7042
3626 7043
3626 4838
83729 92
83729 93
83729 7040
83729 7042
83729 7043
83729 4838
10468 3624
10468 3625
10468 3626
10468 83729
10637 7040
10637 7042
10637 7043
10637 4838
7044 7040
7044 7042
7044 7043
7044 4838
5515 6198
5515 6199
5516 6198
5516 6199
5518 6198
5518 6199
5519 6198
5519 6199
387 6093
9372 4087
9372 4088
9765 4087
9765 4088
6500 4087
6500 4088
57154 7048
57154 7046
64750 7048
64750 7046
7048 387
7048 5515
7048 5516
7048 5518
7048 5519
7046 4087
7046 4088
7040 7048
7042 7048
7043 7048
1634 7040
1634 7042
1634 7043
7124 4091
7124 4092
3458 4091
3458 4092
657 4086
657 4090
657 4093
658 4086
658 4090
658 4093
151449 269
151449 659
268 269
268 659
353500 269
353500 659
392255 269
392255 659
650 269
650 659
652 269
652 659
653 269
653 659
654 269
654 659
655 269
655 659
656 269
656 659
8200 269
8200 659
9241 151449
9241 268
9241 353500
9241 392255
9241 650
9241 652
9241 653
9241 654
9241 655
9241 656
9241 8200
4086 4089
4090 4089
4093 4089
8646 151449
8646 268
8646 353500
8646 392255
8646 650
8646 652
8646 653
8646 654
8646 655
8646 656
8646 8200
25805 657
25805 658
25805 90
25805 7046
25805 91
