153090,5604
153090,1965
153090,597
153090,4000
153090,7186
153090,1521
153090,7124
153090,472
153090,113457
153090,842
4616,5414
4616,7277
4616,8837
4616,5601
4616,1522
4616,4893
4616,8503
4616,4790
4616,330
4616,1649
8717,8737
8717,1147
8717,8722
8717,7132
8717,7157
8717,839
8717,10018
8717,8772
8717,1509
8717,5595
7185,1508
7185,5291
7185,823
7185,317
7185,8722
7185,3563
7185,3562
7185,8517
7185,5602
7185,1519
7186,7132
7186,7124
7186,5604
7186,1647
7186,5290
7186,71
7186,4000
7186,60
7186,9020
8722,71
8722,8737
8722,8517
8722,1147
8722,823
8722,5291
8722,9451
8722,63970
2081,572
2081,8795
2081,842
2081,1521
2081,1508
2081,5594
2081,1509
2081,5291
2081,4803
2081,8737
8737,1147
8737,839
8737,317
8737,8517
8737,6708
8737,840
8737,842
8737,3562
8739,5599
8739,598
8739,5602
8739,27429
8739,10018
8739,1649
8739,100506742
8739,355
8739,7846
8739,1965
8743,332
8743,835
8743,8837
8743,4792
8743,468
8743,843
8743,100506742
8743,10018
8743,7132
8743,56616
5170,578
5170,208
5170,79861
5170,153090
5170,8797
5170,7846
5170,1509
5170,1965
5170,84823
5170,7124
1075,10038
1075,84790
1075,112714
1075,7278
1075,1519
1075,596
1075,9020
1075,842
1075,5594
1075,841
6708,331
6708,5604
6708,842
6708,4914
6708,5970
6708,1676
6708,27113
6708,840
6708,9451
6709,1508
6709,5605
6709,1509
6709,51807
6709,7185
6709,8517
6709,8717
6709,142
6709,4803
6709,1147
572,8795
572,1513
572,842
572,824
572,1521
572,8797
572,3002
572,10912
572,5594
60,5970
60,5366
60,10912
60,1515
60,1521
60,842
60,55367
60,4217
60,208
578,8837
578,8503
578,7277
578,835
578,100506742
578,5595
578,5783
578,10039
578,79861
8772,143
8772,10018
8772,472
8772,7157
8772,3845
8772,1616
8772,843
8772,5783
8772,10000
581,5602
581,8503
581,835
581,10018
581,5783
581,843
581,8837
581,7157
581,8743
581,5599
55367,4893
55367,10912
55367,1515
55367,1522
55367,1520
55367,9020
55367,472
55367,4217
55367,143
55367,7132
71,8517
71,8837
71,7157
71,5414
71,5601
71,839
71,7132
71,5783
4170,4001
4170,842
4170,3002
4170,79861
4170,9451
4170,1519
4170,5894
4170,1075
4170,4000
4170,4803
112714,51807
112714,5604
112714,841
112714,5605
112714,143
112714,79861
112714,10038
112714,9451
112714,4914
1616,10000
1616,1508
1616,1147
1616,3563
1616,10376
1616,63970
1616,7157
1616,823
1616,329
596,841
596,5594
596,330
596,4803
596,637
596,5605
596,56616
596,7124
596,3265
597,1439
597,3562
597,27113
597,5604
597,3725
597,5291
597,7186
597,5970
597,63970
598,330
598,5599
598,27429
598,835
598,3265
598,27113
598,5295
598,355
598,100506742
8795,1521
8795,637
8795,27429
8795,5894
8795,4217
8795,1513
8795,2353
8795,5594
8797,84823
8797,208
8797,9020
8797,10039
8797,7186
8797,60
8797,7278
8797,79861
51807,4000
51807,142
51807,4803
51807,840
51807,79861
51807,4170
51807,1508
51807,63970
7277,836
7277,100506742
7277,7846
7277,1965
7277,5595
7277,5599
7277,3845
7277,5414
7277,1522
7278,79861
7278,10039
7278,5783
7278,10038
7278,143
7278,3563
7278,84790
7278,5290
7278,836
1647,1512
1647,4001
1647,7124
1647,5366
1647,3265
1647,5970
1647,56616
1647,5601
1647,355
1649,4790
1649,100506742
1649,1520
1649,4792
1649,1965
1649,637
1649,1513
1649,5599
1649,5894
100506742,4792
100506742,5599
100506742,5783
100506742,836
100506742,835
100506742,1676
100506742,4893
4217,843
4217,1520
4217,10912
4217,5894
4217,332
4217,1512
4217,1521
4217,836
1147,10000
1147,8517
1147,10376
1147,840
1147,1439
1147,3562
637,4790
637,4803
637,841
637,1513
637,5894
637,3002
637,5594
637,842
8837,835
8837,332
8837,54205
8837,5783
8837,468
8837,4792
10376,840
10376,1439
10376,142
10376,10000
10376,8737
10376,8772
10376,472
10376,1513
1676,84790
1676,5894
1676,10000
1676,472
1676,3002
1676,113457
1676,10038
1676,143
3725,2353
3725,356
3725,3562
3725,331
3725,5970
3725,4000
3725,1519
3725,63970
3725,6708
142,1513
142,7846
142,63970
142,4790
142,4803
142,84823
142,8722
142,841
143,10038
143,84790
143,472
143,10018
143,113457
143,4893
5783,7157
5783,835
5783,54205
5783,3551
10912,9020
10912,329
10912,1514
10912,843
10912,1515
10912,3551
10912,836
7846,1965
7846,79861
7846,84823
7846,5595
7846,10039
7846,207
7846,1513
5290,4893
5290,8503
5290,5295
5290,330
5290,835
5290,10039
5290,7132
5290,4616
5291,823
5291,3562
5291,3563
5291,1508
5291,1519
5291,1509
5291,1439
5291,5296
5293,10038
5293,54205
5293,79861
5293,84790
5293,4914
5293,9020
5293,3265
5293,1965
5293,10039
5293,5296
5295,3845
5295,27429
5295,4893
5295,4792
5295,7277
5295,1514
5295,5595
5295,143
5295,10912
5296,27113
5296,1514
5296,7157
5296,1522
5296,10018
5296,54205
5296,3845
5296,472
4790,4803
4790,4893
4790,4792
4790,1676
4790,1513
4790,823
4792,332
4792,472
4792,4893
4792,5595
3265,330
3265,5366
3265,1514
3265,27429
3265,1521
3265,5594
3265,4616
4803,1513
4803,4914
4803,5291
207,5595
207,1965
207,1522
207,1520
207,84823
207,55367
207,71
207,824
207,7277
208,27113
208,841
208,79861
208,1965
208,3845
208,84790
208,84823
208,7278
9451,8517
9451,3002
9451,4001
9451,5894
9451,7278
9451,79861
5366,5970
5366,7124
5366,5594
5366,1521
5366,356
5366,1519
5366,1512
3845,4893
3845,8503
3845,841
3845,843
3845,56616
3845,100506742
5894,4001
5894,823
5894,56616
5894,3002
5894,842
10000,3551
10000,63970
10000,3002
10000,329
10000,331
10000,840
4893,7132
4893,1522
10018,468
10018,55367
10018,56616
10018,7132
10018,1512
27429,5599
27429,5594
27429,7277
27429,841
27429,5595
27429,1514
5414,1522
5414,5601
5414,1514
5414,836
5414,5595
5414,4001
5414,1965
56616,5602
56616,5605
56616,330
56616,27113
56616,1512
56616,355
56616,823
56616,8503
2353,4000
2353,4914
2353,329
2353,356
2353,1521
2353,823
2353,331
2353,3562
4914,5604
4914,842
4914,331
4914,4790
4914,329
113457,84790
113457,3002
113457,9020
113457,6708
113457,4000
113457,10038
113457,842
10038,84790
10038,3002
10038,9020
10038,10039
10038,1519
823,4001
823,63970
823,8517
823,332
823,5602
824,63970
824,1513
824,836
824,1520
824,317
824,10000
824,839
824,1965
10039,84823
10039,84790
10039,79861
10039,836
10039,1515
8503,1512
8503,835
8503,5602
8503,27113
8503,355
84790,84823
84790,27113
84790,9020
9020,1515
9020,100506742
317,8517
317,839
317,1520
317,5602
317,1508
317,54205
317,5601
317,823
835,5602
835,332
835,330
835,5599
836,3551
836,1965
836,843
836,55367
8517,1520
8517,839
8517,468
839,5601
839,1520
839,8722
839,7185
839,1509
840,3002
840,4000
840,2353
840,9451
329,331
329,472
329,1521
329,6708
329,332
330,1512
330,331
330,27113
331,5604
331,332
331,1147
332,63970
332,843
332,56616
842,1521
842,5594
842,5970
841,5594
841,27113
841,10038
843,1514
843,63970
843,8837
5970,5604
5970,1521
5970,27113
5970,7186
84823,79861
84823,7278
355,468
355,1512
355,5602
355,10018
355,8743
355,27429
355,3265
356,1519
356,3563
356,1508
356,3562
356,1521
356,5605
356,1509
1439,3562
1439,1616
1439,331
1439,8737
1439,27113
1439,7132
4000,4001
4000,63970
4000,823
4000,3002
4001,3002
4001,1519
4001,5601
1965,79861
1965,5595
1965,1513
1965,3551
54205,5601
54205,7157
54205,3563
54205,1508
54205,5602
7124,1521
7124,5594
7124,27113
7124,1509
7124,63970
468,1520
468,7132
468,5595
468,1508
468,1512
472,5595
472,10912
472,3551
5594,1521
5595,1522
7132,1520
3551,1676
3551,835
3551,100506742
3551,84790
5599,5602
5599,208
5599,330
5601,1509
5601,8517
5601,3265
63970,7185
1508,3563
1508,1519
1508,5605
1509,5605
1509,56616
1509,1508
5604,7132
5604,4000
5604,4790
5605,27113
5605,1519
5605,4803
1512,332
1512,5290
3562,823
3562,56616
3562,7124
3563,1519
3563,79861
3563,823
1514,1515
1514,1521
1514,5293
1515,1522
1515,5295
1515,472
1515,5595
1519,823
1522,143
7157,8722
7157,8837
7157,1147
79861,5291
