54657,55586
54657,54576
54657,10720
54657,10941
54657,54600
54657,54659
54657,54575
54657,7363
54657,54577
54657,54658
54658,7367
54658,54490
54658,54575
54658,55586
54658,7364
54658,54577
54658,7358
54658,7366
54658,7363
54658,54600
54659,7363
54659,574537
54659,10941
54659,54576
54659,10720
54659,54600
54659,7365
54659,54578
54659,54577
7363,54576
7363,10720
7363,54600
7363,54575
7363,54490
7363,10941
7363,7366
7363,55586
7364,7358
7364,7366
7364,54490
7364,7367
7364,54575
7364,7363
7364,574537
7364,54600
7364,55586
7365,79799
7365,54600
7365,574537
7365,7363
7365,54657
7365,10720
7365,54576
7365,55586
7365,54579
7366,7358
7366,54490
7366,10941
7366,54600
7366,574537
7366,7367
7366,54578
7367,54575
7367,54490
7367,7358
7367,54577
7367,55586
7367,54578
7367,7363
54600,54577
54600,10720
54600,10941
54600,54578
54600,55586
54600,54579
54600,54490
574537,54490
574537,54578
574537,55586
574537,10941
574537,54579
574537,54600
574537,10720
54490,55586
54490,10941
54490,54575
54490,54578
10720,54579
10720,54577
10720,54578
10720,54576
10720,10941
10720,55586
55586,54579
55586,10941
55586,54576
55586,54577
54575,54576
54575,10941
54575,10720
54575,55586
54576,10941
54576,54600
54576,54490
54576,54577
54577,54578
54577,54579
54577,10941
54577,54490
54577,574537
54578,54579
54578,10941
54578,55586
54579,10941
54579,54490
54579,54657
54579,54659
79799,54659
79799,54600
79799,7363
79799,54579
79799,574537
79799,10720
79799,54657
79799,54577
79799,54578
7358,54490
7358,7363
7358,54575
7358,574537
7358,54659
7358,54600
