7168,7139
7168,7170
7168,4625
7168,7169
7168,4624
7168,4633
7168,7134
7168,4634
7168,4635
7168,7137
7169,7170
7169,70
7169,4624
7169,7134
7169,7171
7169,7137
7169,4625
7169,7139
7169,4635
7170,7139
7170,7137
7170,70
7170,7134
7170,7171
7170,4625
7170,4634
7170,4635
7171,7137
7171,70
7171,4625
7171,4634
7171,7134
7171,4635
7171,4624
7171,7139
70,7137
70,7134
70,7139
70,4633
70,4625
70,4634
70,7168
4624,4633
4624,4635
4624,4634
4624,4625
4624,7137
4624,7134
4624,7139
4625,4634
4625,7137
4625,7139
4625,4633
4625,7134
4633,4634
4633,7137
4633,7139
4633,4635
4633,7134
4633,7169
4634,7137
4634,7139
4634,7134
4635,7134
4635,4625
4635,4634
4635,70
7134,7139
7137,7139
7137,7134
