60490,53354
60490,80347
60490,79646
60490,55229
60490,80025
60490,1806
60490,1807
60490,79717
60490,8876
60490,51733
1806,53354
1806,55229
1806,339896
1806,1807
1806,51733
1806,8875
1806,79717
1806,80025
1806,60496
1807,55229
1807,339896
1807,53354
1807,80347
1807,79717
1807,5169
1807,51733
1807,60496
60496,8876
60496,80347
60496,53354
60496,5169
60496,80025
60496,79717
60496,55350
60496,339896
60496,55229
51733,55229
51733,79646
51733,79717
51733,5167
51733,53354
51733,339896
51733,5169
80025,79717
80025,8876
80025,55350
80025,8875
80025,53354
80025,79646
80025,5169
80025,80347
80347,8876
80347,79717
80347,55350
80347,53354
80347,5169
80347,79646
79646,53354
79646,55350
79646,8876
79646,79717
79646,1807
79646,55229
79717,55350
79717,5169
79717,5167
79717,55229
79717,8876
53354,55229
53354,8876
53354,339896
8875,55229
8875,1807
8875,51733
8875,60496
8875,60490
8875,8876
8875,53354
8875,79646
8876,55350
8876,5169
8876,1807
5167,5169
5167,339896
5167,55350
5167,8876
5167,55229
5167,1807
5167,1806
5167,79646
5169,55350
5169,339896
5169,55229
55350,51733
55350,1807
339896,55229
339896,79717
339896,8876
55229,80347
