3845,5293
3845,5970
3845,595
3845,5603
3845,1154
3845,1432
3845,1447
3845,8503
3845,8792
3845,5595
5894,2309
5894,6776
5894,53358
5894,122809
5894,5601
5894,5296
5894,6300
5894,6464
5894,5291
5894,6714
2309,6514
2309,207
2309,5291
2309,2885
2309,5296
2309,3973
2309,894
2309,53358
2309,6776
10000,1081
10000,25759
10000,2592
10000,5595
10000,2932
10000,3265
10000,4790
10000,5291
10000,6654
10000,894
4893,2353
4893,208
4893,122809
4893,3717
4893,3972
4893,8651
4893,6772
4893,3630
4893,8600
4893,5600
2592,2353
2592,8835
2592,8651
2592,25759
2592,3265
2592,6655
2592,5595
2592,1081
2592,7054
3630,9306
3630,8600
3630,9655
3630,6655
3630,122809
3630,595
3630,5601
3630,1154
3630,2353
3630,3659
2353,3717
2353,3265
2353,8651
2353,3972
2353,2932
2353,8835
2353,9021
1586,8792
1586,30837
1586,8600
1586,5295
1586,5290
1586,5599
1586,8503
1586,6772
1586,6300
1586,2645
2099,5296
2099,3973
2099,1432
2099,2645
2099,6714
2099,6774
2099,2001
2099,5602
2099,5970
2099,3659
2100,3659
2100,5603
2100,25759
2100,1154
2100,6655
2100,5296
2100,6514
2100,5970
2100,208
2100,3973
8503,5293
8503,3973
8503,595
8503,5291
8503,5602
8503,5290
8503,9655
8503,3659
8503,9306
1081,25759
1081,3265
1081,6514
1081,5291
1081,3973
1081,2885
1081,2932
1081,2309
6714,5605
6714,6654
6714,2645
6714,5602
6714,5599
6714,9021
6714,5594
6714,4790
6714,2001
9021,5602
9021,8835
9021,6777
9021,6776
9021,2001
9021,3973
9021,2099
9021,2645
9021,5603
6464,8792
6464,9655
6464,6776
6464,5295
6464,3717
6464,4790
6464,6777
6464,6774
6464,2885
2885,53358
2885,4790
2885,3265
2885,2932
2885,6514
2885,595
2885,5291
3659,5296
3659,2645
3659,5970
3659,7054
3659,9306
3659,894
3659,5290
399694,7054
399694,5293
399694,1447
399694,5604
399694,6655
399694,9306
399694,5970
399694,8503
399694,6514
399694,2100
5970,1432
5970,5296
5970,2001
5970,25759
5970,5600
595,5601
595,5293
595,6772
595,6774
595,53358
595,1154
2645,5296
2645,5602
2645,5605
2645,5599
2645,5603
2645,2001
2645,5601
8792,30837
8792,8600
8792,6772
8792,5295
8792,6300
8792,9655
8792,122809
8792,5601
9306,9655
9306,1447
9306,5290
9306,7054
9306,1154
9306,5601
53358,2932
53358,5291
53358,8835
53358,6514
53358,208
53358,5618
53358,6776
6514,5291
6514,3973
6514,8835
6514,3265
6514,208
6772,9655
6772,6774
6772,30837
6772,5295
6772,53358
6772,6776
6772,6777
30837,6300
30837,122809
30837,8600
30837,5599
30837,5894
30837,6777
30837,9306
6774,6776
6774,6777
6774,3717
6774,5601
6774,9655
6774,4790
2932,208
2932,3265
2932,2592
2932,3972
2932,3717
6776,6777
6776,4790
6776,3717
6776,8835
6776,6714
6776,5296
6777,4790
6777,122809
6777,2001
6777,5295
6777,3717
6777,6714
894,4790
894,5293
894,1586
894,2100
894,1154
894,5894
894,5970
1154,1447
1154,7054
1154,5290
1154,5595
1154,5293
1154,8600
1154,6655
8835,9655
8835,5291
8835,5602
8835,3717
3972,8651
3972,208
3972,5618
3972,3265
3972,5604
3972,8835
3972,3717
3717,122809
3717,4790
3717,8651
3973,5296
3973,5603
3973,25759
3973,5291
7054,1447
7054,5604
7054,6655
7054,5291
7054,5293
1432,5296
1432,2001
1432,5603
1432,6300
1432,5594
1432,5599
1432,2645
8600,5601
8600,6300
8600,5599
8600,5290
8600,122809
6300,122809
6300,5601
6300,5594
6300,5296
25759,3265
25759,5595
25759,7054
25759,5603
1447,5293
1447,5290
1447,6655
1447,595
1447,5618
5290,5601
5290,5599
5290,9655
5291,5293
5293,2100
5295,207
5295,5605
5295,6714
5295,2645
5295,3973
5295,2309
5296,2001
4790,6654
9655,5601
9655,5291
122809,6776
3265,53358
8651,5604
8651,5617
8651,6655
8651,2100
8651,2932
8651,208
207,2001
207,5594
207,6714
207,2932
207,208
207,5605
207,2645
207,9021
208,9306
208,2885
208,9655
2001,5594
2001,5603
2001,5605
2001,5602
5594,5605
5594,6654
5594,5602
5594,5599
5594,2645
5595,6655
5595,6654
5595,7054
5595,2100
5595,5602
5595,2099
5599,6654
5599,5602
5599,5601
5599,5605
5600,5617
5600,9021
5600,6776
5600,6464
5600,8792
5600,8835
5600,53358
5600,6777
5600,6774
5601,5602
5601,5603
5602,5603
5602,5605
5603,5296
5603,5970
5604,6655
5604,5618
5604,5617
5604,9306
5604,9655
5604,5293
5605,6654
5605,8835
5617,5618
5617,53358
5617,6655
5617,595
5617,6464
5617,4893
5617,5293
5618,6655
5618,2592
5618,8835
5618,2932
5618,5293
6654,5602
6654,2001
6654,2645
6654,1432
