50944,116443
50944,156
50944,2785
50944,2902
50944,112
50944,5533
50944,283748
50944,2915
50944,85358
50944,3708
773,3760
773,5532
773,3709
773,7220
773,85358
773,3708
773,2905
773,115
773,5582
773,5594
9229,9456
9229,22941
9229,108
9229,7220
9229,9454
9229,5582
9229,5532
9229,2916
9229,5331
9229,773
196883,5330
196883,109
196883,2911
196883,3708
196883,100137049
196883,23236
196883,5582
196883,1742
196883,2914
196883,9454
94235,2790
94235,51764
94235,2783
94235,2786
94235,2775
94235,2793
94235,2787
94235,2773
94235,5530
94235,10681
51764,5530
51764,2783
51764,2786
51764,2790
51764,2915
51764,5579
51764,2793
51764,5332
51764,5578
7220,108
7220,114
7220,3760
7220,9455
7220,85358
7220,3709
7220,5582
7220,116444
54331,10681
54331,2771
54331,2775
54331,2791
54331,2787
54331,2786
54331,2785
54331,2903
54331,2788
54331,2914
2902,5533
2902,2914
2902,5331
2902,107
2902,2915
2902,2917
2902,5332
2902,2785
2902,5532
2903,2906
2903,255189
2903,2784
2903,108
2903,2775
2903,5595
2903,2791
2903,5535
2903,2914
2904,2905
2904,2913
2904,5530
2904,9454
2904,2917
2904,3760
2904,5332
2904,5582
2904,2786
2904,2918
2905,2913
2905,3760
2905,5338
2905,5582
2905,5530
2905,5578
2905,2918
2905,9454
2906,100137049
2906,111
2906,5595
2906,255189
2906,5535
2906,50944
2906,3708
2906,2914
2906,59345
100137049,1742
100137049,5321
100137049,8681
100137049,2918
100137049,3710
100137049,5330
100137049,9455
100137049,123745
100137049,111
2911,2793
2911,111
2911,2914
2911,2778
2911,109
2911,113
2911,50944
2911,2902
2911,85358
2911,1742
2912,5332
2912,114
2912,107
2912,5321
2912,2918
2912,113
2912,116444
2912,2916
2912,109
2912,2783
2913,5532
2913,2917
2913,3760
2913,9454
2913,5338
2913,2915
2913,9456
2913,5578
2914,5533
2914,109
2914,5535
2914,113
2914,2770
2914,10681
2915,2786
2915,5578
2915,5338
2915,5594
2915,2783
2915,5579
2915,2785
2916,107
2916,114
2916,22941
2916,2776
2916,5582
2916,5332
2916,5530
2916,157
2917,5532
2917,5337
2917,5594
2917,9454
2917,3760
2917,9455
2917,156
2918,5321
2918,8605
2918,114
2918,5332
2918,3710
2918,1742
2918,113
2918,5330
2918,8681
123745,8681
123745,8605
123745,5330
123745,5535
123745,5534
123745,109
123745,1742
123745,55970
123745,3710
123745,5582
283748,5595
283748,2792
283748,2782
283748,156
283748,85358
283748,116443
283748,2773
283748,5534
283748,116444
107,2770
107,2773
107,5331
107,22941
107,116444
107,2776
107,113
108,116444
108,2771
108,5331
108,2917
108,255189
108,5337
108,156
109,113
109,3710
109,50944
109,115
109,5535
85358,112
85358,5582
85358,5534
85358,5331
85358,3708
111,9455
111,5534
111,116443
111,5533
111,2778
111,3708
111,1742
112,5331
112,2792
112,2785
112,5582
112,283748
112,2776
112,156
112,2778
113,9455
113,5533
113,5534
113,114
113,5331
113,116444
113,3710
114,22941
114,5332
114,5330
114,8681
114,107
115,23236
115,3708
115,5532
115,2914
115,5534
115,113
115,108
115,7220
3708,116443
3708,5535
3708,157
3708,59345
3708,3709
3708,5532
3708,3760
3709,3760
3709,5594
3709,5533
3709,156
3709,2917
3709,5532
3709,50944
3710,1742
3710,8605
3710,9454
3710,2778
3710,5534
5530,5332
5530,2915
5530,5582
5530,2776
5530,2790
5530,2783
5532,5594
5532,3760
5532,156
5532,5533
5532,255189
5532,59345
5533,9455
5533,5331
5533,5535
5533,2917
5534,116443
5534,116444
5534,5535
5534,2903
5534,5595
5535,157
5535,255189
5535,116443
5535,2792
5535,59345
5535,2770
5535,5595
5535,2785
22941,23236
22941,123745
22941,8681
22941,2902
22941,5331
22941,113
156,2786
156,2785
156,116443
156,5594
156,2915
55970,2770
55970,2775
55970,8605
55970,2773
55970,2788
55970,2791
55970,59345
55970,5579
55970,2784
157,59345
157,2792
157,2773
157,2791
157,116443
157,2776
157,2790
157,94235
8605,8681
8605,5578
8605,2771
8605,2791
8605,2913
8605,2775
3760,5594
3760,9456
3760,255189
10681,2787
10681,2793
10681,2783
10681,2785
10681,2775
10681,2784
10681,2771
10681,1742
5330,8681
5330,5321
5330,5332
5330,5582
5330,5530
23236,8681
23236,9455
23236,109
23236,113
23236,2902
23236,123745
23236,5330
23236,3710
5321,59345
5321,2913
5321,2905
5321,8605
5321,5338
5321,5595
5578,5337
5578,5579
5578,5338
5578,255189
5578,2786
5578,5594
5578,5595
5578,2771
5578,2788
5579,2788
5579,2783
5579,2773
5579,2775
5579,2771
5579,5337
5582,5332
5582,5331
5582,2776
1742,2778
1742,2914
1742,109
1742,8605
59345,2791
59345,2782
59345,2784
59345,2788
59345,2771
59345,2773
2770,2784
2770,2775
2770,2791
2770,2773
2770,2771
2770,2782
2770,2788
2771,2788
2771,2784
2771,2791
2771,2773
2771,2782
5331,50944
5331,5578
2773,2788
2773,2775
2773,2791
2773,2790
5332,2917
5332,8681
2775,2787
2775,2791
2775,2788
2775,2782
2776,2790
2776,2792
2776,9454
2776,94235
2776,5579
255189,5595
255189,2782
255189,2775
255189,2771
255189,2785
2778,5582
2778,9454
2778,5332
2778,123745
2778,9455
116443,116444
116443,59345
116443,123745
116444,9455
116444,50944
116444,5595
5338,5337
5338,5594
5338,2788
5338,8681
5338,5579
5338,9456
2782,2791
2782,2784
2782,2787
2782,5535
2783,2790
2783,2786
2783,2787
2783,2773
2783,5578
2784,2791
2784,2787
2784,2773
2784,2788
2785,2792
2785,2786
2785,2787
2785,2793
2786,2790
2786,2773
2787,2790
2787,2791
2787,5595
2788,2791
2788,5337
5337,5594
5337,2771
5337,255189
5337,8605
2790,2792
2790,2785
2790,2915
2792,2782
2792,2773
2792,94235
2793,2787
2793,5332
2793,2790
2793,2915
2793,2783
8681,5337
9454,9456
9454,8605
9455,2902
9455,2918
9455,3710
9456,5532
9456,5594
9456,5337
9456,2917
9456,2905
5594,5595
5594,2913
5595,2784
5595,2771
5595,5533
