102723407,3125
102723407,3105
102723407,3122
102723407,3126
102723407,3109
102723407,3107
102723407,3117
102723407,3133
102723407,3134
102723407,3123
3134,3125
3134,3126
3134,3107
3134,3135
3134,3111
3134,3127
3134,3122
3134,3119
3134,3115
3135,3115
3135,3111
3135,3127
3135,3122
3135,3123
3135,3133
3135,3109
3135,3125
3135,3118
3105,3107
3105,3133
3105,3106
3105,3125
3105,3119
3105,3134
3105,3122
3105,3135
3105,3126
3106,3119
3106,3126
3106,102723407
3106,3117
3106,3125
3106,3108
3106,3134
3106,940
3106,3127
3107,3125
3107,3127
3107,3122
3107,3111
3107,3135
3107,3133
3107,3118
356,3105
356,3113
356,3119
356,355
356,3133
356,3117
356,3106
356,3111
356,3107
356,959
3108,3123
3108,958
3108,3127
3108,3115
3108,3126
3108,3122
3108,3118
3108,3135
3108,3133
3108,3113
3109,3112
3109,3123
3109,3115
3109,3111
3109,3126
3109,3134
3109,3113
3109,3122
3111,3122
3111,3113
3111,3117
3111,3112
3111,3118
3111,3123
3112,941
3112,940
3112,3123
3112,3117
3112,3115
3112,3113
3112,355
3112,3126
3113,941
3113,3119
3113,942
3113,3123
3113,959
3113,3135
355,940
355,942
355,941
355,3113
355,3119
355,3133
355,3105
355,3117
3115,3123
3115,3118
3115,3127
3115,3133
3115,102723407
3115,3111
940,941
940,942
940,3113
940,3126
940,3117
940,3119
940,959
941,942
941,3123
941,3109
941,3111
941,3118
941,3115
942,3118
942,3123
942,958
942,3108
942,3112
942,3115
3117,3119
3117,3134
3117,3125
3117,3107
3117,3126
3117,3127
3117,3109
3118,958
3118,3127
3118,3123
3118,3122
3118,3133
3119,3111
3119,3107
3119,102723407
3119,3133
3122,3125
3122,3133
3122,3123
3123,3126
3125,3127
3125,3133
3125,3126
3126,3127
3126,958
3126,3107
3127,3133
3127,3111
3133,3111
958,959
958,3109
958,3127
958,3123
958,3122
958,3115
959,3122
959,941
959,3109
959,942
959,3112
959,3106
959,3123
