1431,2271
1431,4967
1431,6389
1431,1743
1431,1738
1431,6390
1431,8801
1431,5105
1431,4191
1431,5106
5160,5161
5160,1737
5160,1738
5160,4967
5160,3421
5160,5105
5160,4190
5160,1431
5160,47
5160,48
5161,1737
5161,4190
5161,1738
5161,50
5161,5105
5161,4967
5161,1431
5161,48
5161,3421
5162,47
5162,3418
5162,5091
5162,3419
5162,8803
5162,55753
5162,6391
5162,48
5162,4191
5162,3417
47,5091
47,55753
47,8803
47,3418
47,5106
47,6391
47,48
47,5105
47,3420
48,3420
48,4190
48,5091
48,3419
48,8802
48,5105
50,2271
50,5106
50,4967
50,1431
50,6389
50,6390
50,5160
50,6392
50,1737
55753,3418
55753,2271
55753,6389
55753,6391
55753,4191
55753,6390
55753,3420
55753,3419
55753,3417
1738,4967
1738,1737
1738,5105
1738,4190
1738,3421
1738,8801
1738,1743
1737,4967
1737,5105
1737,3421
1737,5106
1737,1431
1737,4190
1743,8801
1743,8802
1743,5106
1743,3418
1743,6390
1743,3417
1743,3421
1743,8803
3417,8801
3417,5091
3417,8803
3417,4191
3417,3420
3417,3418
3417,5105
3418,8803
3418,6391
3418,8802
3418,5106
3418,4191
3418,3419
3419,6391
3419,4191
3419,6392
3419,8803
3419,8802
3419,3420
3420,5091
3420,4191
3420,8802
3420,8803
3420,8801
3420,5105
3421,8801
3421,1431
3421,3420
3421,4967
3421,50
4190,6392
4190,50
4190,6389
4190,47
4190,3420
4191,8802
4191,6389
4191,6391
4191,8803
4191,6392
4191,5105
2271,6390
2271,6389
2271,4967
2271,5106
2271,6391
2271,4191
2271,47
8801,8802
8801,5091
8801,8803
8801,5106
8802,8803
8802,5106
8802,6391
8802,6390
8803,5091
8803,5106
8803,6391
8803,6390
5091,5105
5091,3418
5091,4191
4967,5105
4967,6389
4967,55753
4967,5106
5105,5162
5106,6390
5106,55753
6389,6390
6389,6391
6389,5161
6389,5105
6389,8803
6390,6391
6390,4191
6392,6389
6392,48
6392,6391
6392,5161
6392,5105
6392,55753
