5634,64080
5634,5631
5634,6888
5634,221823
5634,84076
5634,22934
5634,9563
5634,6120
5634,226
5634,2203
2821,5236
2821,9104
2821,221823
2821,7086
2821,226
2821,5226
2821,230
2821,8277
2821,8789
2821,51071
221823,22934
221823,5236
221823,7086
221823,64080
221823,8277
221823,55276
221823,5631
221823,9104
9104,230
9104,226
9104,55276
9104,8277
9104,5213
9104,5236
9104,2203
9104,5214
22934,84076
22934,5631
22934,64080
22934,8277
22934,5236
22934,7086
22934,6888
22934,5226
22934,6120
2203,5214
2203,5213
2203,9563
2203,6888
2203,55276
2203,84076
2203,5211
2203,5631
2203,729020
2203,8277
7086,5236
7086,5211
7086,229
7086,8277
7086,5213
7086,5226
7086,6120
51071,5226
51071,25796
51071,5214
51071,9563
51071,6120
51071,5236
51071,226
51071,7086
51071,2203
729020,5211
729020,8789
729020,229
729020,55276
729020,5214
729020,6120
729020,2539
729020,5213
729020,230
729020,7086
25796,2539
25796,414328
25796,5226
25796,9563
25796,2821
25796,6120
25796,5634
25796,5214
25796,226
64080,5631
64080,8277
64080,84076
64080,5211
64080,6888
64080,5226
64080,55276
8277,5213
8277,5236
8277,230
8277,55276
8277,5631
8277,229
8277,5211
8789,229
8789,6120
8789,5211
8789,2539
8789,7086
8789,84076
8789,230
8789,5226
5211,229
5211,5213
5211,5214
5211,55276
5211,84076
5211,5236
9563,5214
9563,6888
9563,5226
9563,64080
9563,2821
9563,5213
5213,229
5213,230
5213,55276
5213,5214
5214,55276
5214,5226
5214,6888
5214,5236
5214,8277
226,55276
226,230
226,8277
226,6888
226,221823
226,64080
226,2203
226,2539
229,230
229,84076
229,22934
229,55276
230,55276
230,5236
230,5211
6120,84076
6120,5226
6120,5211
6120,229
6120,2539
6120,5631
6888,5631
6888,84076
6888,8277
6888,55276
5226,5236
5226,5211
2539,414328
2539,9563
2539,5226
2539,2821
2539,2203
55276,5631
55276,5236
84076,5631
84076,7086
414328,5226
414328,51071
414328,5634
414328,64080
414328,6120
414328,9563
414328,8789
414328,2821
5631,5214
