8193,5593
8193,1432
8193,656
8193,5567
8193,152831
8193,51422
8193,5568
8193,5563
8193,2641
8193,6194
55811,5603
55811,113
55811,8110
55811,26291
55811,2641
55811,6300
55811,1268
55811,196883
55811,148327
55811,6655
3845,6603
3845,6597
3845,4893
3845,6195
3845,64223
3845,5606
3845,3265
3845,86
3845,6009
3845,51412
55818,27330
55818,3265
55818,84699
55818,6198
55818,63976
55818,6194
55818,53632
55818,114
55818,1386
55818,107
196883,5346
196883,5603
196883,3991
196883,5593
196883,5571
196883,8110
196883,5568
196883,1432
196883,353500
4893,6195
4893,51780
4893,5564
4893,1432
4893,51422
4893,656
4893,6603
4893,10891
4893,107
6194,5565
6194,5568
6194,53632
6194,6197
6194,63976
6194,3991
6194,5564
6194,5593
6195,2778
6195,1432
6195,7248
6195,26291
6195,5593
6195,5566
6195,6197
6195,5563
6196,353500
6196,5593
6196,5571
6196,5600
6196,155
6196,90993
6196,7249
6196,196883
6196,6197
6196,5562
6197,5593
6197,5568
6197,6199
6197,3991
6197,5571
6197,5592
6197,5563
6197,6300
6197,1432
6198,27330
6198,10818
6198,63976
6198,53632
6198,3265
6198,5565
6198,71
6198,152831
6198,5568
6199,5600
6199,1386
6199,53632
6199,90993
6199,3991
6199,2885
6199,8193
6199,64764
6199,6196
60,23028
60,115
60,5468
60,1385
60,6597
60,57492
60,10488
60,109
60,152831
60,114
10818,27330
10818,7350
10818,71
10818,26291
10818,5566
10818,6597
10818,6009
10818,8289
10818,6655
51780,107
51780,3991
51780,5606
51780,1432
51780,90993
51780,656
51780,6598
51780,51422
51780,63976
2885,5567
2885,6595
2885,108
2885,3991
2885,6009
2885,8289
2885,8193
2885,64764
2885,6197
71,6655
71,10891
71,5565
71,57492
71,5592
71,6597
71,55818
71,1385
7248,64764
7248,112
7248,107
7248,148327
7248,1432
7248,7249
7248,108
7248,6196
7248,3845
7249,111
7249,5567
7249,108
7249,5593
7249,64764
7249,5571
7249,353500
7249,114
7249,9586
2641,5346
2641,9658
2641,6300
2641,1268
2641,1385
2641,112
2641,90993
2641,57492
2641,6605
86,6604
86,6654
86,6598
86,6601
86,6599
86,51412
86,8289
86,6602
86,10891
5468,115
5468,10488
5468,23028
5468,2260
5468,1385
5468,9586
5468,109
5468,5346
5468,4217
8289,6009
8289,6599
8289,6598
8289,6602
8289,6654
8289,6604
8289,26291
148327,112
148327,5603
148327,6595
148327,108
148327,8110
148327,1268
148327,84335
148327,2641
1385,10488
1385,57492
1385,5346
1385,23028
1385,84699
1385,1268
1385,115
1386,5600
1386,3265
1386,53632
1386,84335
1386,64764
1386,27330
1386,2885
1386,9658
107,3991
107,656
107,108
107,51422
107,53632
107,196883
107,6300
107,5562
108,109
108,3991
108,111
108,5603
108,656
108,6009
108,196883
109,64223
109,9586
109,111
109,115
109,3991
109,2260
109,196883
84335,64764
84335,2475
84335,152831
84335,115
84335,84699
84335,57521
84335,60
84335,5600
111,9586
111,64764
111,115
111,114
111,155
111,5571
111,353500
90993,6605
90993,64764
90993,5600
90993,63976
90993,155
90993,107
9586,115
9586,64223
9586,114
9586,2260
9586,108
9586,155
9586,64764
112,2260
112,115
112,64764
112,2475
112,108
112,1268
112,8110
113,5603
113,6654
113,6599
113,10891
113,5564
113,2260
113,51412
113,8110
113,6603
114,152831
114,5571
114,53632
114,155
114,115
114,8193
115,152831
115,2475
115,23028
4217,6603
4217,84699
4217,23028
4217,51412
4217,1268
4217,6604
4217,2475
4217,6597
4217,86
6009,51412
6009,6602
6009,57521
6009,6599
6009,2475
6009,7350
6009,5564
53632,353500
53632,5563
53632,5562
53632,63976
10891,6654
10891,7350
10891,6599
10891,6601
10891,6604
10891,5603
10891,6009
656,5564
656,63976
656,5563
656,5603
656,152831
656,3991
57492,115
57492,6655
57492,152831
57492,114
57492,8193
57492,23028
57492,1268
3991,5346
3991,5593
3991,6300
3991,5600
1432,51422
1432,5563
1432,5593
1432,26291
1432,2778
1432,5564
155,64764
155,115
155,27330
155,5593
155,152831
6300,5593
6300,5603
6300,2778
6300,8193
6300,5346
152831,2475
152831,23028
152831,63976
2475,57521
2475,2260
2475,51412
2475,5468
2475,64223
8110,5603
8110,6601
8110,1268
8110,6605
8110,2641
57521,2260
57521,64223
57521,51412
57521,6602
57521,113
57521,7350
57521,1268
26291,7350
26291,64223
26291,2778
26291,6655
26291,108
26291,3265
7350,5566
7350,6655
7350,64223
7350,55811
7350,64764
7350,84335
9658,5346
9658,63976
9658,10488
9658,84699
9658,6605
9658,6595
9658,148327
9658,6598
9658,1385
5562,5563
5562,5571
5562,353500
5562,51422
5562,5593
5562,5565
5562,1432
5562,196883
5563,51422
5563,5571
5563,5593
5563,5564
5564,5603
5564,5566
5564,51422
5566,6597
5566,64223
5566,26291
5566,27330
5566,10891
5566,4893
5567,5568
5567,10488
5567,6595
5567,64764
5567,2641
5567,5593
5567,152831
5568,10488
5568,5346
5568,3991
5568,5592
5568,63976
3265,27330
3265,6597
3265,84699
3265,64223
3265,10818
27330,63976
27330,6597
27330,5606
6595,3991
6595,108
6595,6300
6595,6602
6595,6654
6595,6598
5565,63976
5565,5571
5565,55811
5565,5592
5565,6197
5565,5568
6597,6603
6597,51412
6597,23028
6598,6604
6598,6602
6598,6654
6598,6605
6598,5606
6599,6601
6599,6654
6599,51412
6599,6604
6599,6602
5571,5593
5571,353500
5571,10488
6601,6604
6601,6654
6601,6602
6601,5606
6601,5603
6601,51412
6602,6604
6602,51412
6602,6654
6603,51412
6603,5592
6603,6601
6603,86
6603,1268
6604,6654
6604,51412
6604,5606
6605,6199
6605,5346
6605,6196
6605,51780
6605,6601
51412,5468
2260,1268
2260,64223
2260,115
2260,51412
5592,5606
5592,5346
5592,3991
5592,5563
5592,6194
5592,51412
5593,51422
5593,2778
2778,107
2778,108
2778,4893
2778,7249
2778,51422
84699,63976
84699,10488
84699,5568
84699,51412
353500,5593
353500,5600
353500,10488
353500,6197
51422,53632
51422,656
64223,6009
5600,64764
5600,6197
5600,111
5346,10488
5346,8193
5606,63976
5606,51412
5606,86
5606,6599
1268,23028
1268,5468
1268,10488
23028,656
10488,3991
10488,2641
64764,108
6654,6009
6655,10891
6655,6009
6655,2641
6655,1268
