7168,7139
7168,7170
7168,7169
7168,4624
7168,71
7168,3695
7168,4633
7168,4625
7168,1605
7168,3690
7169,7170
7169,60
7169,3908
7169,1605
7169,7137
7169,70
7169,4624
7169,7139
7169,7171
7170,3696
7170,7139
7170,71
7170,3695
7170,7137
7170,3690
7170,7171
7170,70
7171,7137
7171,1756
7171,71
7171,70
7171,3690
7171,3696
7171,3908
7171,3693
7171,3694
3908,60
3908,1605
3908,3688
3908,71
3908,7137
3908,4633
3908,4624
3908,3690
1605,3688
1605,60
1605,70
1605,7137
1605,3695
1605,71
1605,3690
1605,7171
70,3696
70,7134
70,4633
70,7137
70,7139
70,3690
71,3693
71,3691
71,3695
71,60
71,1756
71,7139
4624,4633
4624,4625
4624,4634
4624,7137
4624,3690
4624,7171
4624,4607
4625,4607
4625,4634
4625,7137
4625,1756
4625,3691
4625,7171
4625,3694
4625,7134
4633,3688
4633,4634
4633,3696
4633,7137
4633,3690
4633,7139
4633,7169
4634,7137
4634,3694
4634,4607
4634,7139
4634,3690
4634,7171
4634,3696
1756,3691
1756,4607
1756,3695
1756,3690
1756,7134
1756,3693
1756,7137
7134,3693
7134,7139
7134,4607
7134,3691
7134,3696
7134,3694
7134,7170
7137,3690
7137,7139
7139,3696
7139,3693
3688,60
3688,3690
3688,3696
3688,71
3688,7169
3688,7139
3688,7170
3690,3694
3690,3696
3690,3691
3690,4607
3691,4607
3691,3693
3691,7171
3691,3694
3691,7170
3693,3694
3693,3690
3693,1605
3693,3695
3694,3696
3694,4607
3694,1756
3695,4607
3695,60
3695,3696
3695,7137
3695,7139
3696,7137
60,3690
60,7171
60,3693
60,7137
4607,7137
4607,7171
