1794,10000
1794,3985
1794,8395
1794,102723407
1794,998
1794,5336
1794,5058
1794,653361
1794,8853
1794,10095
5894,27040
5894,8398
5894,5338
5894,5290
5894,5880
5894,5058
5894,8877
5894,10000
5894,10810
5894,123745
10000,4067
10000,5335
10000,5336
10000,1072
10000,8877
10000,6199
10000,5880
10000,5581
10000,7409
8976,1399
8976,5595
8976,2213
8976,1785
8976,56848
8976,10095
8976,7408
8976,10092
8976,5788
8976,10093
273,8503
273,5338
273,1072
273,5579
273,5581
273,10810
273,55616
273,8877
273,7454
273,2213
274,5604
274,10109
274,81873
274,5580
274,382
274,10094
274,56848
274,23396
274,5594
274,10552
56848,5291
56848,1785
56848,6198
56848,7410
56848,5788
56848,5880
56848,3635
56848,10109
56848,10092
7454,8503
7454,10451
7454,5337
7454,100137049
7454,10810
7454,5058
7454,5296
7454,208
7454,3984
1072,8877
1072,10810
1072,5338
1072,5581
1072,8503
1072,5579
1072,283748
1072,4067
1073,255189
1073,653361
1073,3985
1073,8398
1073,9846
1073,10094
1073,123745
1073,274
1073,5880
1073,10163
653361,3985
653361,8853
653361,8398
653361,255189
653361,10163
653361,123745
653361,5578
653361,3635
653361,1399
3635,6198
3635,3636
3635,5335
3635,7410
3635,5578
3635,7409
3635,4067
3635,5295
3636,5321
3636,5291
3636,7410
3636,6850
3636,10093
3636,7409
3636,283748
3636,8853
3636,5295
6198,5335
6198,4067
6198,50807
6198,6199
6198,5788
6198,5295
6198,5291
6198,5579
8503,5579
8503,5338
8503,5581
8503,23396
8503,27040
8503,5290
8503,55616
6199,50807
6199,4067
6199,23396
6199,5788
6199,2209
6199,7408
6199,4082
6199,55616
10552,10109
10552,5880
10552,81873
10552,8394
10552,5580
10552,10092
10552,56848
10552,10095
10552,6199
10810,8877
10810,5879
10810,102723407
10810,8395
10810,55616
10810,5338
55616,283748
55616,5291
55616,4067
55616,5295
55616,81873
55616,5788
55616,6198
102723407,8877
102723407,2214
102723407,8394
102723407,8395
102723407,10109
102723407,2209
102723407,10095
102723407,5880
65108,5879
65108,5321
65108,5293
65108,5595
65108,5291
65108,5582
65108,8936
65108,5337
65108,1785
65108,3636
100137049,123745
100137049,5321
100137049,5337
100137049,5290
100137049,10451
100137049,283748
100137049,8936
100137049,2213
100137049,6850
100137049,3636
123745,2213
123745,255189
123745,10092
123745,10095
123745,3055
123745,7410
123745,5594
283748,5321
283748,8936
283748,5578
283748,5880
283748,7410
283748,5293
283748,4067
23396,5579
23396,10163
23396,8395
23396,50807
23396,6198
23396,4067
23396,4082
10092,6850
10092,10093
10092,7409
10092,7410
10092,1399
10092,382
10092,10095
10093,5291
10093,382
10093,7409
10093,6850
10093,10094
10093,5594
10093,5604
10093,81873
10094,8853
10094,3985
10094,10095
10094,382
10094,7410
10094,10163
10094,9846
10095,8394
10095,1399
10095,998
10095,653361
10095,3985
1398,207
1398,5595
1398,2214
1398,2213
1398,8395
1398,5582
1398,5290
1398,5295
1398,6850
1398,8936
50807,5788
50807,4067
50807,2209
50807,4082
50807,7408
50807,5293
50807,3635
9846,2209
9846,208
9846,56848
9846,5880
9846,55616
9846,273
9846,3635
9846,255189
1399,5594
1399,10163
1399,8394
1399,998
1399,2214
1399,1785
1399,5336
10109,5580
10109,10092
10109,10094
10109,5880
10109,5336
10109,1399
382,7409
382,207
382,81873
382,6850
382,5594
382,255189
3984,5058
3984,5296
3984,8936
3984,10451
3984,8395
3984,5293
3984,3055
3984,207
3984,10163
3984,27040
3985,8853
3985,10163
3985,8398
3985,10000
3985,102723407
8853,10451
8853,10163
8853,6850
8853,10092
8853,5337
8853,123745
5788,5295
5788,4067
5788,5291
5788,5594
5788,1785
5788,8394
27040,5290
27040,5296
27040,3055
27040,5604
27040,5058
27040,7409
27040,81873
2209,7408
2209,10094
2209,55616
2209,23396
2209,208
2209,8936
2212,10092
2212,8853
2212,5581
2212,10094
2212,5894
2212,2214
2212,3985
2212,102723407
2212,5336
2212,5338
2213,6850
2213,207
2213,7408
2213,8877
2213,10451
2213,653361
2214,207
2214,5595
2214,10451
2214,382
2214,208
2214,5594
2214,8853
5290,5058
5290,10451
5290,5295
5290,5579
5290,5338
5291,1785
5291,7410
5291,7409
5291,283748
5293,4082
5293,8936
5293,5058
5293,5295
5293,5321
5293,8395
5293,5296
8877,5879
8877,5338
8877,65108
5295,8936
5295,7410
5295,5058
5295,81873
5295,6850
5296,5058
5296,8936
5296,4082
5296,65108
5296,998
5296,100137049
5296,5337
10163,255189
10163,8394
10163,5321
10163,7409
10163,5335
6850,7409
6850,5336
6850,5582
5058,10451
5058,8936
5058,8395
5321,5594
5321,7410
5321,8936
5321,7409
5578,8398
5578,5579
5578,5582
5578,5321
5578,56848
5578,3636
5578,5291
5579,5335
5579,5604
5579,5338
5580,5880
5580,5582
5580,4067
5580,5788
5580,5578
5580,5604
5580,1785
5581,5338
5581,7409
5581,6198
5581,5579
5581,5335
5581,8398
5582,8395
5582,5335
5582,5595
5582,5594
5582,5293
207,3055
207,208
207,5595
207,10451
207,255189
208,5293
208,3055
208,5595
208,273
208,3984
208,1398
8394,5880
8394,653361
8394,6199
8394,10000
8395,4082
8395,8936
10451,5337
10451,3055
8398,5336
8398,255189
8398,1072
8398,5880
81873,5604
81873,4067
81873,5788
81873,5290
255189,3055
255189,5604
255189,274
5335,7409
5335,4067
5335,5336
5335,6199
5336,7408
5336,10092
5336,1072
5337,5321
5337,5290
5337,5058
5337,3636
5337,3984
5594,1785
5594,5595
5594,5291
5595,2213
5595,100137049
5338,7409
4067,5880
5604,1785
5604,23396
5604,5291
998,4082
998,5582
998,5295
998,10451
998,5336
998,5594
998,5321
8936,4082
3055,382
3055,10163
3055,81873
7408,6850
7408,8503
7408,10095
7408,8877
7409,7410
7410,5880
4082,5788
4082,4067
5879,1785
5879,5293
5879,1072
5879,5880
5879,5582
5879,283748
5879,5291
5880,8936
1785,5578
