4615,3449
4615,3456
4615,7297
4615,3446
4615,3455
4615,3443
4615,3448
4615,836
4615,3054
4615,4049
7185,54106
7185,7188
7185,57506
7185,6041
7185,29110
7185,7874
7185,54205
7185,7189
7185,283106
7185,5501
7186,6429
7186,8772
7186,3661
7186,8517
7186,3439
7186,3442
7186,8740
7186,5602
7186,57506
7186,4790
7187,7124
7187,7132
7187,283106
7187,6772
7187,3725
7187,1457
7187,54106
7187,3455
7187,29992
7187,3448
7188,841
7188,3439
7188,3725
7188,6772
7188,23118
7188,1147
7188,25833
7188,4793
7188,3445
7189,7874
7189,57506
7189,3439
7189,3661
7189,7098
7189,6041
7189,23118
7189,841
7189,10379
6426,6732
6426,3460
6426,1017
6426,6428
6426,8740
6426,148022
6426,5599
6426,3459
6426,6429
6426,6427
6427,6430
6427,6431
6427,6732
6427,6429
6427,64135
6427,4049
6427,3444
6427,54205
6427,10929
6427,25833
6428,6732
6428,3665
6428,1457
6428,1017
6428,3440
6428,6427
6428,1965
6428,7097
6428,6430
6429,6732
6429,5602
6429,10379
6429,8683
6429,10929
6429,2353
6429,6885
6429,6432
6430,6732
6430,6432
6430,8683
6430,6431
6430,3444
6430,9021
6430,10929
6430,6429
6430,3441
6431,6432
6431,3454
6431,10929
6431,5781
6431,8683
6431,6732
6431,3551
6431,5601
6432,64135
6432,10929
6432,6732
6432,8683
6432,3441
6432,5602
6432,9021
23586,7297
23586,3443
23586,3054
23586,356
23586,3448
23586,355
23586,3661
23586,5970
23586,3449
23586,5610
8740,3661
8740,10379
8740,6732
8740,1017
8740,3460
8740,8517
8740,7132
8740,6427
29992,3442
29992,54106
29992,3447
29992,356
29992,8764
29992,3716
29992,25833
29992,3054
29992,8517
29992,3443
2353,836
2353,3725
2353,3717
2353,3441
2353,25833
2353,6732
2353,5499
2353,3460
2353,6432
148022,7098
148022,5599
148022,3451
148022,3449
148022,3459
148022,3448
148022,6885
148022,3443
148022,10379
8764,4790
8764,4792
8764,3661
8764,4049
8764,983
8764,3447
8764,8517
8764,54106
8764,3440
9021,1460
9021,3444
9021,3452
9021,5602
9021,3455
9021,5499
9021,5501
9021,29110
8772,10454
8772,57506
8772,983
8772,7189
8772,3448
8772,3451
8772,3717
8772,3716
8772,3439
8517,4792
8517,64135
8517,3447
8517,3446
8517,3661
8517,7124
8517,3665
836,25833
836,6773
836,6885
836,29110
836,3460
836,3451
836,6429
836,3456
841,23118
841,7124
841,3439
841,6772
841,7874
841,3725
841,6041
841,356
4938,5610
4938,7097
4938,3661
4938,3445
4938,5970
4938,3440
4938,3446
4938,5599
4938,23586
4938,3054
4939,3448
4939,5601
4939,440275
4939,7297
4939,5610
4939,1965
4939,3452
4939,4938
4939,9021
4939,5781
6732,8683
6732,64135
4940,54106
4940,7874
4940,3440
4940,7097
4940,708
4940,983
4940,3444
4940,6041
4940,9641
4940,29110
23118,3439
23118,5610
23118,356
23118,3454
23118,29992
23118,7185
23118,5781
3661,10379
3661,4790
3661,5601
3665,7097
3665,1457
3665,8683
3665,7098
3665,3661
3665,5970
3665,8764
3665,9641
5970,4792
5970,7097
5970,7132
5970,3447
5970,356
5970,4049
5970,4790
54106,3445
54106,283106
54106,6885
54106,7132
54106,1147
355,356
355,7297
355,29915
355,3054
355,3452
355,6772
355,3716
355,5610
355,7186
356,6772
356,7124
356,7297
356,3716
356,4792
356,5610
3439,3448
3439,25833
3439,5781
3439,57506
3439,5501
3440,983
3440,7097
3440,64135
3440,1460
3440,1017
3440,1965
3440,1459
3441,5601
3441,3551
3441,3725
3441,10929
3441,3446
3441,25833
3441,3458
3442,5602
3442,3455
3442,283106
3442,29915
3442,9021
3442,3447
3442,4049
3442,6429
3443,3445
3443,5599
3443,3725
3443,3456
3443,4049
3443,7132
6772,7124
6772,5781
6772,7297
6772,6773
6772,3716
6773,5599
6773,6885
6773,3716
6773,29110
6773,3460
6773,3725
6773,7132
6773,6426
3444,3455
3444,1460
3444,3452
3444,440275
3444,1459
3444,1457
3444,29915
3445,4793
3445,3456
3445,1147
3445,5781
3445,7132
3445,3446
3446,3447
3446,3459
3446,3455
3446,5601
3446,4049
3446,836
3447,4049
3447,7097
3447,4792
3447,3458
3448,3452
3448,7297
3448,1017
3448,3455
3448,5781
3449,5500
3449,7098
3449,7297
3449,57506
3449,3451
3449,3452
3449,7874
3449,3455
5499,1460
5499,9641
5499,29915
5499,6429
5499,1459
5499,5500
5499,8683
5499,3452
5500,3451
5500,29915
5500,3452
5500,7097
5500,27102
5500,5599
5500,4790
5500,3455
3451,6885
3451,3459
3451,4790
3451,57506
3451,6041
3451,5599
3452,9451
3452,3455
3452,29110
3452,29915
3452,5610
5501,9451
5501,54205
5501,25833
5501,708
5501,440275
5501,3452
5501,5602
5501,9641
5501,3454
7297,3054
7297,440275
3456,3551
3456,4793
3456,1147
3456,3725
3456,3454
3456,3441
3454,708
3454,10379
3454,5610
3454,5602
3454,6432
3454,5601
3716,3717
3716,10929
3716,5781
3716,3725
3716,10454
3717,10454
3717,3456
3717,3454
3717,25833
3717,3441
3717,6773
3717,708
3458,1147
3458,10929
3458,3725
3458,3716
3458,7187
3458,8517
3458,6430
3458,3446
64135,8683
64135,10929
64135,29110
64135,6429
64135,9641
3459,3460
3459,7097
3459,4790
3459,54205
3459,10379
3459,5599
3460,29110
3460,1017
3460,6732
3460,10929
10379,6885
10379,5602
10379,9641
10379,3452
10379,708
1147,4793
1147,3725
1147,7185
1147,3454
1147,3551
3725,7124
3725,440275
3725,25833
3725,3455
5781,4793
5781,6432
5781,3456
6041,9451
6041,7874
6041,983
6041,708
6041,54205
57506,4790
57506,7874
57506,54205
57506,7098
9641,7098
9641,1965
9641,3452
9641,8683
9641,7097
9641,708
1965,27102
1965,983
1965,64135
1965,8683
1965,6426
1965,440275
1457,1459
1457,29915
1457,983
1457,3455
1457,7097
1457,27102
10929,8683
1459,1460
1459,29915
1459,4049
1459,6427
1459,3455
1459,7097
1460,6427
1460,6430
1460,708
1460,9641
1460,7186
4790,5599
4790,4049
4790,4792
4790,8517
29110,283106
29110,9451
29110,54205
4792,7124
4792,283106
4792,54106
4792,841
4793,3551
4793,7124
4793,3725
4793,3443
4793,8764
7097,1017
7098,1965
7098,3451
7098,4615
7098,3448
54205,9451
54205,25833
54205,7874
54205,27102
54205,3451
7874,283106
7874,54106
708,5601
708,10454
708,5599
708,5602
708,7186
4049,7132
4049,7097
440275,27102
440275,5610
440275,3455
440275,5602
440275,5601
7124,283106
7124,7132
7124,54106
10454,6885
10454,3454
10454,6773
10454,5601
10454,7185
10454,10379
983,6427
983,64135
983,27102
29915,3054
29915,3455
7132,1017
7132,836
27102,9451
27102,5501
27102,5610
27102,64135
5599,5601
5599,5602
5599,10379
3551,25833
3551,836
3551,6432
3551,5501
3551,3725
3551,2353
5601,5602
5601,5610
283106,57506
283106,8517
6885,25833
6885,5599
5610,3054
9451,440275
9451,9641
9451,64135
9451,7185
8683,3460
3054,3448
3054,3455
3054,1457
1017,4939
1017,4049
