581,4851
581,5621
581,2534
581,6647
581,2002
581,4685
581,3915
581,6352
581,3309
581,5604
3915,5605
3915,5595
3915,6647
3915,4685
3915,5604
3915,1958
3915,2002
3915,5594
3915,2534
4684,5595
4684,6647
4684,2002
4684,4685
4684,2534
4684,5605
4684,1958
4684,3915
4684,4851
4684,10963
4685,4851
4685,5594
4685,1958
4685,5621
4685,2002
4685,5605
4685,5604
6352,10963
6352,5595
6352,6647
6352,5604
6352,3309
6352,5621
6352,2002
6352,2534
6352,3915
2002,6647
2002,3309
2002,10963
2002,5621
2002,5604
2002,5605
10963,5605
10963,3309
10963,6647
10963,5594
10963,5595
10963,3915
10963,1958
5594,5605
5594,1958
5594,6647
5594,5595
5594,2002
5594,4684
5594,2534
5595,5604
5595,5605
5595,2534
5595,6647
5595,4685
5604,5621
5604,3309
5604,2534
5604,6647
5605,6647
5605,1958
5605,2534
1958,2534
1958,4851
1958,3309
1958,2002
2534,4851
2534,5621
2534,6647
2534,3309
3309,5621
3309,6647
3309,5605
4851,5621
4851,3915
4851,6647
4851,2002
4851,3309
5621,6647
5621,3915
