8835,3667
8835,9021
8835,3643
8835,3551
8835,774
8835,3651
8835,7124
8835,8471
8835,5602
8835,3767
773,776
773,7124
773,5293
773,389692
773,2475
773,774
773,5581
773,3667
773,80201
773,775
774,3651
774,3551
774,8471
774,777
774,8913
774,5291
774,8651
774,3667
775,5601
775,6833
775,5602
775,389692
775,5580
775,8503
775,5296
775,3630
775,5290
775,3551
776,6833
776,5293
776,5581
776,6517
776,777
776,5315
776,8913
776,5313
776,775
777,8913
777,80201
777,5581
777,5315
777,6833
777,3098
777,6517
777,5295
8471,5313
8471,5291
8471,5296
8471,3651
8471,3667
8471,3551
8471,8913
8471,9021
8471,5315
9370,5295
9370,2645
9370,5594
9370,5296
9370,3101
9370,5290
9370,3643
9370,3098
9370,80201
9370,5315
3098,3101
3098,5295
3098,5580
3098,5599
3098,2645
3098,3099
3098,8913
3098,80201
3099,3767
3099,5599
3099,3643
3099,5295
3099,5595
3099,8660
3099,8835
3099,777
3099,6517
3101,5580
3101,2645
3101,5295
3101,5594
3101,3630
3101,5602
3101,5296
3101,5599
5290,389692
5290,5599
5290,5601
5290,5594
5290,8503
5290,3101
5290,5602
5290,2645
5291,5293
5291,5296
5291,3667
5291,3551
5291,80201
5291,8503
5291,6833
5291,2645
2475,7124
2475,5293
2475,8660
2475,3667
2475,6517
2475,5296
2475,389692
2475,8503
2475,3651
5293,5581
5293,8503
5293,80201
5293,6833
5293,5296
5293,389692
3630,5580
3630,8503
3630,122809
3630,5601
3630,3098
3630,6833
3630,389692
3630,5290
5295,80201
5295,5594
5295,5315
5295,2645
5295,8660
5296,2645
5296,6833
5296,5313
5296,5315
6833,8503
6833,5313
6833,80201
6833,5581
8503,5580
8503,5602
8503,389692
8503,5601
3767,8651
3767,3643
3767,8660
3767,5590
3767,6517
3767,80201
3767,9021
3767,3667
122809,8913
122809,9021
122809,2645
122809,5590
122809,5313
122809,5296
122809,3101
122809,3651
122809,3098
3643,2645
3643,9021
3643,8660
3643,80201
3643,3667
3643,8913
389692,5599
389692,5601
389692,5602
389692,7124
9021,3667
9021,5590
9021,2645
9021,3651
9021,5602
5313,2645
5313,3667
5313,5315
5313,5590
5313,80201
3651,8913
3651,3667
3651,7124
3651,5602
3651,3643
3651,775
5315,8660
5315,5581
5315,80201
5315,8913
80201,5581
80201,8913
80201,8651
80201,5590
80201,2645
80201,6517
8651,6517
8651,5595
8651,3551
8651,777
8651,773
8651,5581
8651,8913
5580,5602
5580,5601
5580,5599
5580,7124
5580,389692
5581,8660
5581,3098
5581,6517
8913,6517
8913,5594
3667,7124
3667,8660
8660,6517
8660,80201
8660,5293
8660,9370
7124,5602
7124,3098
7124,774
7124,5601
5590,5293
5590,2475
5590,5595
5590,3098
5590,5581
2645,5594
5594,3643
5594,389692
5594,5296
5594,6517
5595,3551
5595,6517
5595,80201
5595,2645
5595,8503
5595,2475
5595,5602
3551,6833
3551,5602
3551,3667
5599,5601
5599,5602
5599,9370
5599,775
5601,5602
5601,5291
5601,5296
5602,2475
6517,773
