57733,276
57733,92579
57733,93432
57733,279
57733,278
57733,2645
57733,280
57733,2548
57733,2538
57733,6476
2821,80201
2821,3099
2821,3101
2821,3098
2821,57818
2821,2645
2821,7360
2821,8972
2821,280
2821,2595
8972,2548
8972,2595
8972,3098
8972,3101
8972,92579
8972,6476
8972,80201
8972,279
8972,3099
276,93432
276,5236
276,2645
276,2595
276,280
276,2538
276,277
276,178
276,278
277,5837
277,5834
277,5836
277,8908
277,2998
277,178
277,278
277,283209
277,280
278,178
278,5834
278,8908
278,5837
278,2992
278,93432
278,2538
279,3098
279,3099
279,92579
279,80201
279,2595
279,2645
279,7360
279,280
280,2538
280,2632
280,2548
280,7360
280,2645
280,3099
280,5836
3098,3101
3098,80201
3098,92579
3098,3099
3098,57818
3098,2997
3098,2645
3099,80201
3099,2632
3099,3101
3099,2645
3099,2595
3101,57818
3101,6476
3101,80201
3101,2645
3101,2997
3101,2548
2595,80201
2595,7360
2595,2632
2595,93432
2595,5236
2595,55276
2595,2645
92579,80201
92579,2548
92579,2645
92579,6476
92579,276
92579,3101
5167,55276
5167,5169
5167,283209
5167,2992
5167,276
5167,7360
5167,2595
5167,5236
5167,93432
5167,2632
2992,5169
2992,5836
2992,178
2992,5834
2992,2998
2992,283209
2992,55276
2992,6476
5169,93432
5169,283209
5169,178
5169,2998
5169,6476
5169,278
5169,55276
5169,2645
178,5834
178,5837
178,5836
178,8908
178,93432
2997,2998
2997,57818
2997,283209
2997,8908
2997,6476
2997,5236
2997,7360
2997,2821
2998,283209
2998,5836
2998,7360
2998,5236
2998,5837
2998,5834
2998,55276
7360,5236
7360,55276
7360,2645
7360,2632
7360,2548
7360,57818
2632,2538
2632,5836
2632,2998
2632,277
2632,283209
2632,2992
80201,2645
80201,57818
283209,57818
283209,55276
283209,5236
283209,7360
5834,5837
5834,5836
5834,8908
5834,5236
5834,55276
6476,2548
6476,8908
6476,93432
6476,7360
6476,2645
8908,5837
8908,2998
8908,5836
8908,2548
5836,5837
5836,2538
5837,283209
5837,2992
5837,2997
2645,93432
2645,5236
2645,2538
57818,2548
57818,2998
57818,280
2538,7360
2538,277
2538,2595
2538,3099
55276,5236
55276,93432
55276,276
2548,2997
2548,2538
5236,93432
