7010,284
7010,3383
7010,3689
7010,3683
7010,7099
7010,2353
7010,941
7010,3725
7010,2321
7010,942
3683,3689
3683,7099
3683,942
3683,284
3683,7097
3683,3383
3683,8600
3683,8792
3683,3725
3689,3383
3689,284
3689,942
3689,7099
3689,3725
3689,7097
3689,8600
3689,2353
8792,8600
8792,1493
8792,7097
8792,7099
8792,942
8792,940
8792,3689
8792,3725
8792,941
940,1493
940,941
940,8600
940,942
940,2321
940,7422
940,7099
940,7097
940,2353
941,1493
941,7099
941,942
941,3383
941,284
941,8600
941,3689
942,7099
942,3725
942,7097
942,1493
942,8600
942,284
942,2353
3725,2353
3725,7097
3725,3383
3725,7422
3725,2321
3725,284
3725,8600
2321,7422
2321,2353
2321,284
2321,942
2321,7099
2321,7097
2321,3383
2353,7097
2353,3383
2353,7422
2353,8600
2353,284
1493,8600
1493,7099
1493,3689
1493,3683
1493,7097
1493,3383
3383,284
3383,7097
3383,8600
3383,7099
8600,7097
8600,7099
7097,7099
7097,7422
7099,284
284,7097
284,8600
7422,942
7422,284
7422,3383
7422,8600
7422,7099
