4609,581
4609,3845
4609,4616
4609,51176
4609,1499
4609,4893
4609,51426
4609,5293
4609,5170
4609,369
1026,595
1026,6932
1026,8313
1026,2932
1026,1499
1026,51176
1026,5894
1026,5170
1026,7157
1026,673
3845,581
3845,4616
3845,51176
3845,51426
3845,1643
3845,5293
3845,8312
3845,1499
3845,1647
5894,3611
5894,5291
5894,2309
5894,369
5894,6934
5894,5293
5894,578
5894,5296
5894,8503
5894,1643
2309,5291
2309,5295
2309,5296
2309,2885
2309,2002
2309,207
2309,8503
2309,10000
2309,3611
4616,8312
4616,1643
4616,1647
4616,6934
4616,3611
4616,51426
4616,7157
4616,5293
10000,673
10000,5291
10000,6932
10000,6654
10000,572
10000,3611
10000,3265
10000,5595
10000,1956
10000,10297
6932,595
6932,2885
6932,208
6932,673
6932,8503
6932,1499
6932,51426
6932,51176
6934,8503
6934,3611
6934,5296
6934,5293
6934,369
6934,51426
6934,4609
6934,1950
3611,5296
3611,5291
3611,5293
3611,1647
3611,8503
3611,2002
4893,1499
4893,83439
4893,324
4893,208
4893,2932
4893,581
4893,673
4893,51426
4893,8313
5170,51176
5170,8312
5170,5604
5170,595
5170,369
5170,5293
5170,1499
5170,842
8503,5291
8503,5293
8503,10912
8503,2885
8503,5290
8503,2002
10297,5605
10297,207
10297,6654
10297,208
10297,5594
10297,673
10297,83439
10297,1950
10297,6932
572,1956
572,842
572,5595
572,324
572,2932
572,5291
572,208
572,8313
572,5296
578,3265
578,1647
578,7157
578,1643
578,207
578,5296
578,5295
578,51426
578,3611
324,2932
324,673
324,8313
324,7157
324,5595
324,1956
324,1026
324,1643
2885,3265
2885,5291
2885,5295
2885,2002
2885,595
2885,208
2885,10912
581,51426
581,83439
581,3265
581,51176
581,4616
581,1647
581,1499
842,208
842,1956
842,10912
842,5594
842,8313
842,5295
842,5290
842,5595
595,51176
595,1499
595,1956
595,83439
595,5595
595,673
1643,7157
1643,8312
1643,1647
1643,1499
1643,2932
1647,51426
1647,7157
1647,207
1647,5296
1647,5594
369,5604
369,5293
369,51176
369,6655
369,8313
369,1956
2932,10912
2932,8313
2932,1499
2932,7157
2932,5595
2932,673
8312,1499
8312,5604
8312,7157
8312,2932
8312,51176
8312,6655
8313,10912
8313,1956
8313,7157
8313,5605
8313,5295
8313,5604
1950,6654
1950,5296
1950,5594
1950,5290
1950,208
1950,5595
1950,5605
1950,10000
10912,5290
10912,7157
10912,6655
10912,208
10912,1956
673,83439
673,6654
673,3265
673,5595
1956,5595
1956,6655
1956,6654
5290,5594
5290,5295
5290,7157
5290,5605
5290,2002
5290,8313
5291,5296
5291,5295
5291,5293
5293,2002
5293,6655
5295,207
5295,2002
5295,5605
5295,8503
5296,8503
3265,83439
3265,5291
3265,6932
3265,10297
3265,2002
207,5594
207,5605
207,2002
207,10912
207,208
208,5291
208,1956
208,2932
2002,51176
2002,5291
5594,5605
5594,6654
5594,10912
5594,5295
1499,51176
1499,51426
5595,6654
5595,8313
5595,6655
51426,8313
51426,7157
51426,1643
5604,6655
5604,5293
5604,4616
5604,3611
5604,51176
5604,1956
5605,6654
5605,673
5605,842
5605,324
83439,208
83439,6654
83439,842
83439,5605
6654,572
6654,324
6655,5170
6655,4616
6655,5290
