54657,7365
54657,54658
54657,54579
54657,79799
54657,10327
54657,54578
54657,7363
54657,6652
54657,10941
54657,54576
54658,54576
54658,574537
54658,7363
54658,10327
54658,10941
54658,7364
54658,54600
54658,54575
54658,9365
54659,7363
54659,54600
54659,54577
54659,51084
54659,54490
54659,2990
54659,10327
54659,54658
54659,6120
54659,231
51084,9942
51084,57016
51084,2990
51084,231
51084,27294
51084,729020
51084,54577
51084,7360
51084,7367
9365,79799
9365,7367
9365,54575
9365,10941
9365,7365
9365,7364
9365,6652
9365,54657
9365,54579
27294,729020
27294,6120
27294,7358
27294,7360
27294,54490
27294,54576
27294,231
27294,574537
27294,9942
2990,231
2990,54577
2990,57016
2990,54600
2990,729020
2990,9942
2990,10327
2990,51181
54575,54576
54575,7367
54575,79799
54575,7364
54575,10720
54575,10941
54575,54578
54575,10327
54576,10941
54576,574537
54576,54600
54576,10327
54576,54577
54576,6652
54576,7364
54577,231
54577,54600
54577,10327
54577,54578
54577,9942
54577,57016
54577,54575
54578,54579
54578,10327
54578,10720
54578,7366
54578,54600
54578,54658
54578,54576
54579,54490
54579,10941
54579,79799
54579,7365
54579,54576
54579,54575
54579,7364
79799,7365
79799,10941
79799,6652
79799,7367
79799,7364
79799,54576
57016,231
57016,9942
57016,10720
57016,10327
57016,54600
57016,729020
57016,54659
729020,7358
729020,7360
729020,231
729020,6120
729020,54659
729020,574537
10941,574537
10941,7367
10941,7364
7358,574537
7358,7366
7358,231
7358,7360
7358,7364
7358,7363
7358,54576
7358,54600
7360,51181
7360,6120
7360,6652
7360,54490
7360,10941
7360,57016
7363,574537
7363,7364
7363,10327
7363,54600
7363,54490
7363,7365
7363,10941
7364,7366
7364,7367
7364,574537
7364,54490
7365,6652
7365,574537
7365,54658
7365,7364
7365,10327
7366,7367
7366,574537
7366,54658
7366,54575
7366,54577
7366,10720
7366,54576
7367,54658
7367,54490
7367,574537
7367,6652
54600,10327
54600,10720
54600,231
54600,54657
574537,54657
9942,231
9942,10720
9942,54576
9942,54600
9942,6120
10327,10720
10327,231
54490,10941
54490,54657
54490,7366
54490,54658
10720,54657
10720,54658
10720,9365
10720,54576
231,7366
6120,51181
6120,6652
6120,54600
6120,51084
6120,7367
6120,7365
51181,27294
51181,51084
51181,729020
51181,57016
51181,6652
51181,54490
51181,54579
6652,54575
6652,54658
6652,10327
