834,29108
834,9641
834,81030
834,9447
834,1147
834,3551
834,4793
834,29110
834,11035
834,3665
8517,4792
8517,8737
8517,1147
8517,340061
8517,4790
8517,11035
8517,3665
8517,5970
8517,3661
8517,81030
81030,29108
81030,4793
81030,1147
81030,29110
81030,11035
81030,3551
81030,9447
81030,3665
81030,8737
3661,23586
3661,4790
3661,5970
3661,3665
3661,9641
3661,57506
3661,834
3661,29108
3661,4793
3665,9641
3665,340061
3665,8737
3665,9447
3665,5970
3665,29110
3665,1147
5970,23586
5970,4790
5970,4792
5970,57506
5970,8737
5970,9641
5970,834
11035,1147
11035,4793
11035,9447
11035,8737
11035,29108
11035,29110
11035,3551
340061,29110
340061,57506
340061,8737
340061,1147
340061,9641
340061,3551
340061,81030
340061,4793
3551,4793
3551,9447
3551,9641
3551,1147
3551,29110
3551,29108
8737,29110
8737,4792
8737,1147
8737,9447
57506,4790
57506,4792
57506,23586
57506,3665
57506,8517
57506,8737
57506,29110
23586,4790
23586,4792
23586,8517
23586,9641
23586,4793
23586,834
23586,11035
9447,29108
9447,9641
9447,1147
9447,4793
9447,29110
9641,29108
9641,29110
9641,1147
9641,81030
29108,1147
29108,4793
29108,29110
29108,3665
29110,4793
4790,4792
4790,8737
4790,340061
4790,3665
4790,9641
4792,1147
4792,3665
4792,3661
4792,340061
4793,1147
4793,9641
