5568,5566
5568,5567
5568,3784
5568,115
5568,1080
5568,5578
5568,109
5568,6558
5568,30001
5568,5336
9601,30001
9601,115
9601,109
9601,6558
9601,2778
9601,3784
9601,1080
9601,5567
9601,71
9601,5566
71,5578
71,5336
71,60
71,3784
71,5566
71,30001
71,5335
71,115
71,1080
71,5567
3784,5566
3784,6558
3784,5567
3784,109
3784,30001
3784,115
3784,5336
3784,5335
5578,5336
5578,60
5578,5335
5578,1080
5578,5566
5578,5567
5578,3784
5578,115
5335,5336
5335,2778
5335,1080
5335,109
5335,60
5335,6558
5335,5566
5336,60
5336,109
5336,6558
5336,2778
5336,5566
5336,115
2778,109
2778,30001
2778,6558
2778,1080
2778,3784
2778,115
2778,71
6558,109
6558,115
6558,30001
6558,60
6558,5566
109,30001
109,115
109,1080
109,5566
30001,1080
30001,115
30001,5566
30001,5567
115,5567
115,5566
115,1080
115,60
1080,5567
1080,5566
1080,3784
60,3784
60,109
60,30001
60,5566
5566,5567
5567,109
