712,941
712,713
712,720
712,718
712,2215
712,716
712,102723407
712,942
712,714
712,2214
713,2214
713,959
713,720
713,102723407
713,940
713,714
713,942
713,721
713,716
714,721
714,2212
714,2215
714,716
714,2209
714,942
714,715
714,717
714,959
715,2215
715,2212
715,2209
715,2214
715,716
715,959
715,717
715,942
715,721
716,2214
716,2209
716,717
716,2215
716,959
716,958
717,2214
717,958
717,2215
717,720
717,959
717,713
717,2212
718,958
718,720
718,941
718,717
718,2215
718,940
718,959
718,102723407
718,721
102723407,940
102723407,942
102723407,721
102723407,2209
102723407,959
102723407,715
102723407,958
102723407,714
720,941
720,721
720,2214
720,2212
720,958
720,940
721,940
721,2212
721,959
721,2209
721,942
2209,2212
2209,942
2209,959
2209,940
2209,2215
2212,942
2212,716
2212,959
2212,940
2214,959
2214,958
2214,2215
2214,714
2214,940
2215,958
2215,959
2215,713
2215,942
940,942
940,959
940,714
940,958
941,716
941,717
941,713
941,2212
941,940
941,2215
941,715
942,959
942,716
958,959
958,713
958,714
