5568,5567
5568,10488
5568,64764
5568,397
5568,84699
5568,396
5568,1385
5568,9586
5568,90993
5568,398
396,397
396,398
396,109
396,115
396,112
396,2778
396,90993
396,1385
396,5567
397,64764
397,1385
397,398
397,84699
397,115
397,5567
397,109
397,5566
398,115
398,64764
398,6844
398,84699
398,109
398,1385
398,5567
64764,84699
64764,9586
64764,1385
64764,10488
64764,551
64764,115
64764,5566
2778,6844
2778,109
2778,1385
2778,5567
2778,554
2778,551
2778,90993
2778,10488
2778,5566
84699,359
84699,10488
84699,5567
84699,109
84699,6844
84699,90993
6810,148327
6810,112
6810,554
6810,5566
6810,9586
6810,84699
6810,359
6810,6844
6810,115
6810,90993
551,554
551,5566
551,9586
551,115
551,6844
551,10488
551,1385
551,398
148327,5566
148327,9586
148327,90993
148327,554
148327,112
148327,359
148327,10488
148327,5568
148327,396
1385,5567
1385,359
1385,9586
1385,90993
1385,10488
554,112
554,5566
554,359
554,9586
554,1385
554,90993
359,90993
359,9586
359,10488
359,5568
359,5567
359,5566
109,6844
109,10488
109,5567
109,115
109,5566
112,5566
112,90993
112,551
112,109
112,115
112,2778
90993,5567
90993,9586
90993,10488
9586,5566
9586,10488
9586,5567
115,84699
115,6844
115,1385
10488,5567
10488,5566
10488,6844
6844,5567
6844,5566
6844,5568
6844,64764
5566,84699
