3586,718
3586,5648
3586,717
3586,3426
3586,4153
3586,10747
3586,719
3586,102723407
3586,5340
3586,9103
3075,716
3075,712
3075,3684
3075,713
3075,714
3075,3689
3075,2204
3075,2209
3075,6404
3075,9103
6403,102723407
6403,5724
6403,719
6403,2204
6403,2212
6403,6404
6403,728
6403,721
6403,713
6403,9103
6404,715
6404,2212
6404,3683
6404,9103
6404,2209
6404,3689
6404,2215
6404,721
6404,5724
1675,629
1675,3683
1675,5724
1675,3383
1675,715
1675,721
1675,720
1675,2204
1675,2209
1675,102723407
9103,2209
9103,2212
9103,2213
9103,715
9103,3683
9103,2215
9103,716
9103,714
9103,2204
5648,719
5648,10747
5648,4153
5648,717
5648,5340
5648,3426
5648,6403
5648,2213
5648,102723407
2204,629
2204,2209
2204,715
2204,716
2204,2214
2204,3383
2209,2212
2209,3689
2209,629
2209,716
2209,715
2209,714
2212,714
2212,3689
2212,2213
2212,715
2212,721
2212,5724
2212,727
2213,2214
2213,5724
2213,727
2213,714
2213,717
2213,715
2213,2215
2213,5340
2214,3684
2214,717
2214,713
2214,716
2214,720
2214,727
2214,4153
2214,3383
2214,2215
2215,715
2215,714
2215,717
2215,5340
2215,712
2215,3684
2215,728
3383,629
3383,720
3383,3684
3383,718
3383,721
3383,727
3383,713
4153,713
4153,717
4153,719
4153,712
4153,10747
4153,714
4153,2215
712,713
712,5340
712,3684
712,727
712,719
712,720
712,714
713,3684
713,720
713,10747
713,728
713,714
714,3689
714,721
714,727
714,716
714,728
714,3684
715,3683
715,3684
716,3684
716,2215
716,727
716,629
717,3426
717,5340
717,10747
717,727
718,3426
718,629
718,727
718,1675
718,2213
718,717
718,5340
718,10747
102723407,5724
102723407,3683
102723407,719
102723407,721
102723407,9103
102723407,5340
102723407,713
720,3684
720,728
720,10747
720,727
720,629
720,721
721,5724
721,3689
721,3683
721,2209
719,9103
719,10747
719,713
719,5340
727,728
727,3684
727,5340
728,5340
728,3684
728,2212
728,715
728,2214
5340,3426
5724,3683
5724,714
5724,3689
3426,727
3426,728
3426,2214
3426,720
3426,2204
3683,3689
3683,3383
3683,629
3684,3689
3689,716
629,715
629,3684
629,721
10747,715
10747,2214
10747,3684
