1536,4688
1536,653361
1536,7189
1536,7043
1536,3689
1536,4615
1536,10454
1536,51135
1536,1535
1536,5579
3586,3717
3586,23118
3586,4793
3586,4843
3586,4790
3586,5595
3586,9103
3586,6772
3586,3725
3586,5777
4615,5970
4615,7043
4615,3565
4615,7189
4615,7099
4615,4792
4615,718
4615,7097
4615,4688
7189,1535
7189,5970
7189,7040
7189,6885
7189,3565
7189,7043
7189,7099
7189,5594
653361,102723407
653361,7097
653361,10454
653361,6300
653361,1378
653361,4688
653361,1535
653361,5743
653361,5579
3654,3459
3654,2002
3654,51135
3654,3458
3654,4689
3654,2212
3654,1378
3654,3460
3654,23118
3654,3717
23118,4793
23118,2214
23118,5594
23118,9103
23118,5595
23118,4790
23118,3725
23118,3717
23118,10454
102723407,7097
102723407,2215
102723407,6772
102723407,2214
102723407,2209
102723407,718
102723407,2212
102723407,3716
102723407,5970
4688,5603
4688,7043
4688,3458
4688,1535
4688,5743
4688,3689
4688,6300
4689,9103
4689,1378
4689,3459
4689,4793
4689,3725
4689,2212
4689,3716
4689,5600
4689,3586
5970,6772
5970,7099
5970,3565
5970,7097
5970,718
5970,4792
5970,5777
5970,7040
1378,5600
1378,9103
1378,3684
1378,2212
1378,7042
1378,1535
1378,7099
3684,5743
3684,7097
3684,5603
3684,6885
3684,1535
3684,7042
3684,6300
3684,6772
3684,5600
3689,4792
3689,718
3689,1432
3689,2209
3689,7043
3689,10454
3689,5579
3689,2215
3689,2002
5743,6300
5743,5603
5743,5600
5743,6885
5743,5579
5743,7097
5743,3565
5743,2212
6772,3565
6772,7097
6772,5595
6772,3716
6772,9103
6772,4790
6772,3725
7040,7099
7040,5594
7040,5777
7040,7042
7040,5595
7040,718
7040,4615
7040,4689
3458,3460
3458,2002
3458,3459
3458,2209
3458,51135
3458,3716
3458,7099
3458,1536
7042,7099
7042,1535
7042,4790
7042,4689
7042,6885
7042,51135
7042,4792
3716,3459
3716,3717
3716,7097
3716,3460
3716,5777
3716,3684
3717,3459
3717,5777
3717,4793
3717,9103
3717,4689
3717,5595
7043,718
7043,3565
7043,4792
7043,23118
7043,2215
3459,3460
3459,51135
3459,2002
3459,5777
3459,23118
3460,51135
3460,5777
3460,5603
3460,4689
3460,1536
3460,7040
3725,9103
3725,5600
3725,4793
3725,4843
3725,4790
3725,5595
9103,4793
9103,5600
9103,4790
9103,5595
9103,4843
5777,5595
5777,4790
5777,7099
5777,5594
5777,6772
5777,23118
1432,6300
1432,1535
1432,5579
1432,5603
1432,4792
1432,7189
1432,6885
1432,5600
1432,10454
6300,5603
6300,5579
6300,6885
6300,1535
6300,2212
6300,5600
2209,2215
2209,718
2209,10454
2209,653361
2209,4688
2209,2002
2209,1536
2212,2214
2212,4792
2212,2002
2212,5600
2212,9103
2214,5594
2214,5595
2214,9103
2214,2215
2214,10454
2214,4790
2214,4793
2215,718
2215,10454
2215,7097
2215,9103
2215,653361
2215,6772
4790,4793
4790,5595
4790,4843
4790,6885
4792,10454
4792,6885
4792,718
4792,4843
4792,5579
4793,4843
4793,10454
7097,718
7099,1535
7099,3684
7099,7097
51135,2002
51135,10454
51135,4792
51135,1378
5579,5603
5579,6885
5579,5600
718,10454
718,1378
2002,10454
2002,1535
2002,1378
2002,653361
5594,5595
5594,4790
5594,3725
5594,4793
5594,6772
5600,5603
5600,4793
5600,6885
5603,6885
5603,4792
5603,3689
6885,1535
6885,4843
4843,6772
4843,5603
4843,23118
3565,718
3565,3725
3565,5603
3565,1432
