6667,4066
6667,9611
6667,5468
6667,25942
6667,6256
6667,929
6667,3684
6667,6258
6667,6688
6667,6257
64332,4066
64332,7709
64332,5970
64332,6256
64332,4790
64332,5468
64332,8864
64332,6929
64332,3684
64332,6257
9611,929
9611,25942
9611,6929
9611,6258
9611,6257
9611,4066
9611,2209
9611,5468
9611,6688
6929,1050
6929,4790
6929,5970
6929,2209
6929,5468
6929,929
6929,6258
6929,4066
5970,1050
5970,4790
5970,8864
5970,6257
5970,7709
5970,5468
5970,2209
5970,4066
25942,929
25942,6257
25942,3684
25942,7709
25942,6688
25942,6258
25942,4066
25942,6929
1050,4790
1050,6688
1050,9611
1050,5468
1050,929
1050,8864
1050,2209
1050,64332
5468,6258
5468,4066
5468,6256
5468,6688
5468,3684
5468,6257
5468,929
7709,4066
7709,3684
7709,6257
7709,6256
7709,8864
7709,9611
7709,6667
6688,3684
6688,929
6688,6258
6688,8864
6688,64332
8864,2209
8864,5468
8864,6258
8864,4790
8864,9611
8864,4066
4066,6256
4066,6258
4066,6257
4066,3684
4066,929
929,6258
929,3684
929,2209
2209,4790
2209,6258
2209,64332
2209,6688
3684,6258
3684,6256
3684,6257
6256,6257
6256,6929
6256,6688
6256,6258
6257,6258
4790,929
4790,9611
4790,6688
4790,6667
