2821,223
2821,3099
2821,8789
2821,221
2821,2645
2821,3101
2821,217
2821,219
2821,5160
2821,224
3098,219
3098,387712
3098,3101
3098,9562
3098,8789
3098,57818
3098,2821
3098,5313
3098,80201
3098,160287
3099,223
3099,5160
3099,80201
3099,5211
3099,9562
3099,2645
3099,221
3099,5224
3099,2203
3101,387712
3101,57818
3101,223
3101,9562
3101,80201
3101,7167
3101,219
3101,5106
130589,130
130589,3948
130589,5236
130589,8789
130589,1738
130589,5161
130589,9562
130589,223
130589,3101
130589,83440
160287,3939
160287,3945
160287,7167
160287,5313
160287,128
160287,387712
160287,57818
160287,5161
160287,3101
2597,669
2597,5230
2597,2026
2597,127
2597,441531
2597,218
2597,222
2597,83440
2597,126
2597,226
5160,224
5160,2645
5160,80201
5160,2203
5160,5211
5160,5214
5160,5162
5160,8789
5161,5315
5161,5236
5161,5223
5161,3948
5161,3945
5161,128
5161,226
5161,7167
5162,5213
5162,2203
5162,5230
5162,229
5162,124
5162,2026
5162,131
5162,220
5162,669
5162,5211
84532,92483
84532,226
84532,441531
84532,501
84532,5213
84532,223
84532,218
84532,92579
84532,224
84532,219
92483,441531
92483,226
92483,2597
92483,5224
92483,5230
92483,3939
92483,130
92483,130589
92483,2538
80201,5313
80201,8789
80201,230
80201,9562
80201,57818
80201,7167
80201,2645
8789,130
8789,230
8789,83440
8789,2203
8789,7167
2645,7167
2645,221
2645,5315
2645,3945
2645,2538
2645,217
2645,222
10327,126
10327,5232
10327,125
10327,127
10327,124
10327,131
10327,5211
10327,220
10327,5162
10327,55902
9562,92579
9562,5106
9562,387712
9562,130
9562,219
9562,223
5211,220
5211,5214
5211,55902
5211,5213
5211,26330
5211,224
5213,229
5213,5230
5213,220
5213,2203
5213,224
5213,218
5213,92483
55902,55276
55902,220
55902,2023
55902,1737
55902,26330
55902,5232
55902,5214
55902,125
5214,2023
5214,125
5214,127
5214,501
5214,2026
5214,2203
5214,1738
5214,124
3939,3945
3939,7167
3939,5106
3939,2027
3939,441531
3939,5315
3939,5236
3939,5313
3939,5232
5223,669
5223,5236
5223,131
5223,5105
5223,5315
5223,1738
5223,124
5223,126
5223,501
5224,441531
5224,125
5224,2026
5224,127
5224,5313
5224,5232
5224,5211
5224,5105
3945,7167
3945,1738
3945,5315
3945,3948
3945,226
3945,127
3948,669
3948,130
3948,126
3948,83440
3948,1738
3948,2597
3948,5105
5230,2538
5230,83440
5230,669
5230,126
5230,131
5230,10327
5230,5105
5232,83440
5232,128
5232,124
5232,125
5232,441531
5232,2026
5236,7167
5236,1738
5236,226
5236,230
5236,5315
5236,2203
5236,130
124,131
124,229
124,83440
124,1738
124,127
124,2023
124,222
124,669
125,126
125,2026
125,83440
125,229
125,127
125,2023
125,2538
126,128
126,5105
126,127
126,669
126,5162
126,2026
127,2027
127,441531
127,1738
387712,219
387712,57818
387712,5106
387712,130
387712,7167
387712,3948
128,5105
128,2027
128,3939
128,3948
128,83440
128,125
130,83440
130,2203
130,126
131,2023
131,229
131,26330
131,669
131,83440
2203,2023
2203,230
2203,217
2203,26330
2203,2026
669,5105
669,2538
92579,1738
92579,226
92579,5106
92579,124
92579,229
92579,501
92579,3945
92579,5214
92579,3939
441531,5313
441531,223
441531,1738
441531,2027
5313,57818
5313,7167
5313,3945
5313,8789
5315,222
5315,226
5315,2538
5315,221
1737,2027
1737,7167
1737,501
1737,2538
1737,224
1737,55276
1737,2645
1737,92483
1737,217
1738,229
1738,501
217,218
217,219
217,224
217,221
217,5236
217,501
218,220
218,224
218,221
218,223
218,219
218,222
218,501
219,224
219,226
219,2645
220,26330
220,2023
220,2026
220,229
221,222
221,224
221,501
221,2538
222,2538
222,5230
222,501
222,3945
223,224
223,5106
223,8789
224,501
224,226
224,2597
26330,2023
26330,2026
26330,10327
26330,5162
26330,229
226,501
57818,2821
57818,130589
57818,1737
57818,7167
229,2023
229,83440
229,2026
230,55276
230,125
230,5160
230,2538
230,55902
230,83440
2023,2026
2026,2538
2027,5106
2027,7167
2027,160287
2027,5105
2027,92483
55276,7167
55276,5214
55276,10327
55276,5313
55276,125
55276,2203
55276,5232
2538,5105
2538,5162
83440,1738
5105,127
5105,10327
5105,5315
5106,7167
5106,80201
5106,130589
501,2023
7167,5315
