23049,5516
23049,5527
23049,10978
23049,5521
23049,124540
23049,53918
23049,5528
23049,56001
23049,10767
23049,9887
10767,53918
10767,5527
10767,5523
10767,5042
10767,10978
10767,124540
10767,23283
10767,5515
10767,5518
728343,55916
728343,4686
728343,5976
728343,10978
728343,53981
728343,124540
728343,29101
728343,65109
728343,5518
728343,5501
55844,80335
55844,23293
55844,5515
55844,81608
55844,1478
55844,5528
55844,29894
55844,5527
55844,5518
55844,5042
11051,5500
11051,29101
11051,140886
11051,11052
11051,5501
11051,65110
11051,26986
11051,65109
11051,79869
11051,55998
55339,5500
55339,10482
55339,5976
55339,28227
55339,10898
55339,5525
55339,1479
55339,55916
55339,4686
55339,23708
11052,65110
11052,2107
11052,1477
11052,65109
11052,23381
11052,5520
11052,53981
11052,2935
11052,124540
340529,29107
340529,2935
340529,26528
340529,55998
340529,23708
340529,80336
340529,4440
340529,5520
340529,645974
340529,8761
8761,80336
8761,645974
8761,5520
8761,26528
8761,5521
8761,26986
8761,55012
8761,23293
8761,4440
8761,23381
2107,2935
2107,5516
2107,5520
2107,23381
2107,5976
2107,51692
2107,132430
2107,26528
2107,140886
28227,5500
28227,23708
28227,10898
28227,5042
28227,140886
28227,2935
28227,55012
28227,5529
28227,56001
4686,5976
4686,56000
4686,22916
4686,80335
4686,29107
4686,51585
4686,26019
4686,55916
132430,10482
132430,22916
132430,26019
132430,645974
132430,5526
132430,2935
132430,140886
132430,26986
132430,55012
65109,65110
65109,5528
65109,22916
65109,5525
65109,8189
65109,1478
65109,5523
65109,5526
65110,79869
65110,29107
65110,1477
65110,728343
65110,8189
65110,26986
65110,55844
23381,5520
23381,26528
23381,1477
23381,5516
23381,53981
23381,124540
23381,4440
23381,53918
5976,51585
5976,10978
5976,10898
5976,51692
5976,5525
5976,5516
5976,2935
4440,26528
4440,1477
4440,140886
4440,5520
4440,55998
4440,2935
4440,5526
140886,26986
140886,645974
140886,2935
140886,1477
140886,23708
140886,5526
140886,23381
645974,5522
645974,26986
645974,23708
645974,80336
645974,2935
645974,5526
645974,5042
26986,1477
26986,26528
26986,1478
26986,5519
26986,23293
26986,5515
55916,5499
55916,29107
55916,10978
55916,5042
55916,5501
55916,5500
55916,56000
55916,23293
2935,23708
2935,5529
2935,55012
2935,5516
5499,81608
5499,80335
5499,10978
5499,29894
5499,9887
5499,1479
5499,23049
5499,728343
5499,124540
124540,26528
124540,5516
124540,10978
124540,9887
124540,23293
124540,81608
124540,5522
5501,5500
5501,29101
5501,5528
5501,1479
5501,5525
5501,23293
5501,5521
5501,10898
5501,1478
5500,23708
5500,10898
5500,23293
5500,29101
5500,55998
51585,51692
51585,10898
51585,10978
51585,5525
51585,5516
51585,26019
51585,2935
51585,5529
22916,5523
22916,26019
22916,26528
22916,23381
22916,5525
22916,56000
22916,5529
5515,5519
5515,10978
5515,5521
5515,5518
5515,56001
5515,5527
5515,5528
5515,23283
5515,5525
5515,1478
5516,56001
5516,5520
5516,55012
5516,10898
5516,53918
5518,5519
5518,23283
5518,81608
5518,56001
5518,5528
5518,5522
5518,10482
5518,5042
5519,5522
5519,5521
5519,56001
5519,5526
5519,5527
5519,23293
5519,10482
5519,5528
5520,1477
5520,26528
5520,80336
5520,53981
5520,53918
5521,5528
5521,23293
5521,5525
5521,10978
5521,5527
5521,56001
10898,23708
10898,51692
10898,5525
10898,55012
5522,23283
5522,9887
5522,56001
5522,10978
5522,5515
5522,55012
5523,53918
5523,124540
5523,5527
5523,10978
5523,5518
5523,5516
5523,26528
5525,5528
5525,5527
5525,10978
5525,5529
5525,23283
5526,5042
5526,8189
5526,1477
5526,5515
5526,10482
5527,5528
5527,1478
5527,53918
5527,80335
5527,10978
5528,1478
5528,8189
5528,23293
5528,10482
5529,55012
5529,26019
5529,5520
5529,132430
5529,5516
23708,5042
23708,51692
53918,9887
53918,56001
53918,5042
9887,81608
9887,56001
9887,1479
9887,80336
9887,23293
9887,5518
26528,1477
26528,80336
26019,55012
26019,5976
26019,29101
26019,8761
26019,2107
29101,55012
29101,10482
29101,56000
29101,23293
29101,8761
29101,8189
79869,55998
79869,29107
79869,29894
79869,4440
79869,5526
79869,80336
79869,9887
79869,81608
79869,340529
5042,23283
5042,124540
5042,23293
5042,81608
29107,55998
29107,80335
29107,29894
29107,26528
29107,728343
55998,1479
55998,53981
55998,5499
55998,5501
56000,51692
56000,5042
56000,5976
56000,5499
56000,65109
56000,53981
56001,55012
56001,23293
1477,8189
1477,1478
29894,80335
29894,81608
29894,5527
29894,9887
29894,1479
29894,4686
1478,23283
1478,1479
1478,5042
81608,80335
81608,10978
81608,10482
1479,23283
1479,8189
1479,5528
1479,10482
1479,81608
80335,10482
80335,5518
80335,5515
80336,53981
80336,124540
80336,5522
80336,23381
53981,4440
53981,23049
53981,8761
53981,26528
53981,29101
10978,51692
55012,5525
55012,10482
51692,5520
51692,23381
51692,53918
23283,10978
23283,10898
8189,1478
8189,10482
8189,4440
8189,55844
8189,23293
