8773,2054
8773,6809
8773,6810
8773,6844
8773,10282
8773,6804
8773,9341
8773,9482
8773,8677
8773,10228
2054,10282
2054,6810
2054,6844
2054,6811
2054,6843
2054,6809
2054,9554
2054,8677
2054,9341
51272,112755
51272,9570
51272,6804
51272,6843
51272,6809
51272,6810
51272,10652
51272,8773
51272,53407
51272,6844
9482,9341
9482,6843
9482,9554
9482,10652
9482,6810
9482,8417
9482,8675
9482,6844
9482,6811
9554,10282
9554,6844
9554,9341
9554,8677
9554,112755
9554,8417
9554,6810
9554,10652
9554,6843
143187,10228
143187,8674
143187,53407
143187,8675
143187,10490
143187,662
143187,112755
143187,6809
143187,55850
143187,8677
6804,6809
6804,53407
6804,112755
6804,6843
6804,6844
6804,9341
6804,8417
6804,143187
662,8675
662,8417
662,55850
662,9341
662,53407
662,10652
662,10490
662,6811
662,9554
6809,53407
6809,10228
6809,6844
6809,6843
6809,9570
6809,9341
6810,112755
6810,9570
6810,10228
6810,8677
6810,10652
6810,6843
6811,9341
6811,9570
6811,55850
6811,10282
6811,10490
6811,6844
6811,9554
6811,51272
10652,8417
10652,53407
10652,6843
10652,8675
10652,6844
53407,55850
53407,8417
53407,8675
53407,9341
53407,9570
8417,8675
8417,6843
8417,6844
8417,9341
8674,10228
8674,10490
8674,8677
8674,9570
8674,55850
8674,6809
8674,6810
8674,6811
8674,51272
9570,10282
9570,55850
9570,8677
9570,10228
9570,112755
8675,55850
8675,9554
8675,112755
8675,6804
8677,10282
8677,112755
8677,6844
8677,10228
8677,10490
10282,6844
10282,6843
10282,10490
10282,9341
55850,10490
55850,9341
55850,10228
55850,9554
112755,6843
112755,53407
112755,8773
10228,10490
10228,53407
10490,6810
10490,9570
6844,6843
9341,9570
