9475,1903
9475,5594
9475,55012
9475,1901
9475,5528
9475,5291
9475,55844
9475,5599
9475,5523
9475,134
3845,2207
3845,5581
3845,5170
3845,5291
3845,5519
3845,5880
3845,8877
3845,5528
3845,4893
3845,5970
5894,4893
5894,1903
5894,8698
5894,5516
5894,3845
5894,4217
5894,10672
5894,4846
5894,2768
5894,5970
8717,5332
8717,5330
8717,5595
8717,5602
8717,5525
8717,140
8717,2205
8717,4846
8717,23236
8717,7186
10000,1903
10000,9294
10000,207
10000,7157
10000,56848
10000,134
10000,53637
10000,2776
10000,140
10000,5521
56848,2771
56848,8877
56848,4217
56848,134
56848,140
56848,55012
56848,2768
56848,596
56848,5522
56848,6093
7186,4790
7186,2773
7186,2206
7186,5879
7186,387
7186,5332
7186,2205
7186,5330
7186,5520
4893,5516
4893,5528
4893,5295
4893,6610
4893,5605
4893,55844
4893,624
4893,6093
55844,5290
55844,1509
55844,23236
55844,5523
55844,2207
55844,8503
55844,5291
55844,5518
55844,5295
5170,9294
5170,3265
5170,5330
5170,2770
5170,5337
5170,5595
5170,5528
5170,5519
5170,5581
8503,5581
8503,5880
8503,5600
8503,6093
8503,2770
8503,5527
8503,1432
8503,5519
8503,5595
8503,5590
28227,5523
28227,9294
28227,5728
28227,5600
28227,23236
28227,5295
28227,7124
28227,5601
28227,5604
28227,1432
581,5728
581,637
581,5879
581,1901
581,23236
581,2205
581,7124
581,5519
581,5526
581,4790
9294,5880
9294,7157
9294,140
9294,2776
9294,1903
9294,5519
9294,5528
5970,5527
5970,208
5970,2770
5970,5515
5970,8698
5970,5880
5970,4985
5970,5338
596,5520
596,208
596,207
596,5521
596,8877
596,2776
596,5525
596,5337
596,134
5728,7124
5728,2205
5728,1901
5728,5519
5728,5295
5728,7157
5728,23236
5728,4790
1901,7124
1901,8439
1901,637
1901,5519
1901,2205
1901,5594
1901,2776
1903,1432
1903,2207
1903,8698
1903,5291
1903,55012
1903,5594
624,6093
624,5881
624,2771
624,387
624,4846
624,5330
624,6610
624,5605
624,9846
624,10672
9846,5881
9846,4846
9846,2771
9846,3265
9846,387
9846,55012
9846,2773
9846,5590
9846,5603
9846,5604
4217,10672
4217,2768
4217,5602
4217,4846
4217,8698
4217,55012
4217,2771
4217,208
4217,8877
4985,5527
4985,5332
4985,5526
4985,5529
4985,5516
4985,5293
4985,23236
4985,1509
4985,5879
637,5519
637,23236
637,5581
637,5601
637,5526
637,5600
637,7132
637,5170
387,5881
387,4790
387,2773
387,5590
387,5520
387,5525
387,2768
53637,5525
53637,2206
53637,207
53637,6300
53637,140
53637,134
53637,8717
53637,5296
53637,7157
134,7157
134,5521
134,2770
134,207
134,5290
134,5602
134,5525
134,8698
5515,5520
5515,5338
5515,5337
5515,2534
5515,5518
5515,3265
5515,5603
5515,5522
5515,5529
140,5521
140,5522
140,2771
140,2206
140,7157
140,3265
140,2773
5516,6610
5516,5293
5516,5880
5516,7132
5516,5528
5516,5295
5516,23236
5518,1509
5518,7157
5518,5594
5518,5338
5518,5599
5518,5291
5518,5528
5518,5296
5518,2207
5519,1432
5519,5581
5519,23236
5519,5595
5519,2205
5520,4790
5520,5529
5520,5522
5520,5526
5520,4985
5520,5521
5521,5290
5521,5525
5521,5522
5521,56848
5521,8698
5521,5602
5521,5529
5522,6300
5522,5603
5522,5525
5522,2206
5522,10672
5522,5602
5523,23236
5523,1432
5523,5594
5523,5595
5523,2205
5523,5519
5523,5296
5879,5332
5879,2773
5879,2205
5879,8439
5879,7124
5879,5604
5879,387
5879,5590
5525,2773
5525,5602
5525,5337
5525,6300
5526,4790
5526,2776
5526,23236
5526,2205
5526,5170
5526,5296
5526,8717
5527,5590
5527,5332
5527,2768
5527,2770
5527,9846
5527,5880
5527,8877
5528,2534
5528,5605
5528,55012
5528,5338
5529,5290
5529,5338
5529,5599
5529,55844
5529,5518
5529,2207
1432,55012
1432,5599
1432,9294
1432,5600
1432,5601
6300,5604
6300,5600
6300,5337
6300,2206
6300,5605
6300,5603
6300,5595
6300,7157
2205,8439
2205,5595
2205,7124
2205,2773
2205,5332
2206,5604
2206,7157
2206,8717
2206,5595
2206,5525
2207,1509
2207,5296
2207,5291
2207,596
2207,5290
2207,5528
5290,5602
5290,140
5290,5595
5290,1509
5290,4985
5291,1509
5291,5594
5291,5296
5291,5290
5293,8439
5293,23236
5293,3265
5293,5332
5293,5879
5293,2205
5293,9846
5293,581
8877,5880
8877,2776
8877,6093
8877,9294
8877,5338
8877,1509
8877,134
8877,7157
5295,5600
5295,5595
5295,5601
5295,7132
5295,2534
5295,5331
5295,7124
5295,23236
5296,1509
5296,5599
5296,2206
5296,55844
5296,8877
10672,2768
10672,208
10672,5602
10672,8698
10672,56848
10672,2770
10672,2776
10672,596
4790,8717
4790,5331
4790,5525
4790,5330
3265,2534
3265,5337
3265,2771
3265,5595
3265,55012
3265,4846
6093,5581
6093,2771
6093,5600
6093,5331
6093,6300
6093,7124
5581,5600
5581,2771
5581,5595
5581,7132
207,2776
207,208
207,7157
207,5602
207,5170
207,5337
208,8698
208,2768
208,2776
208,8877
208,5527
2768,8698
2768,5590
2768,4846
2768,2770
2768,5602
2768,134
2770,5602
2770,8698
2770,2776
2770,55012
2771,5881
2771,5605
2771,7132
5330,4846
5330,596
5330,8877
5330,5603
5330,5581
5330,5590
2773,5590
2773,5332
2773,7124
5331,7132
5331,4846
5331,5604
5331,2771
5331,2534
5331,4217
5331,5601
5331,8877
5332,5590
5332,5595
5332,2206
2776,2768
2776,5170
5337,5603
5337,7157
5337,5601
5338,5599
5338,2534
5338,596
5338,2207
5338,3845
7124,5601
7124,5595
7124,7157
7124,5605
5590,5881
5590,140
5590,5522
5594,5599
5594,1432
5594,5894
5594,5338
5595,7157
5595,5600
7132,6610
7132,4846
7132,23236
7132,5881
5599,1903
5599,5528
5599,2534
5600,5604
5600,5601
5601,5603
5601,5604
5601,2534
5602,5603
55012,8698
5603,4846
5603,7157
5604,7157
5604,5880
5604,5295
5605,56848
5605,5881
5605,5525
5605,3265
1509,3845
1509,5527
2534,5518
2534,7157
6610,5881
6610,5880
6610,5331
6610,9846
6610,8503
6610,4846
4846,5881
8439,23236
8439,7124
8439,5519
8439,581
8439,5332
8439,5581
5880,5170
5880,6093
5881,3265
