218,4129
218,4128
218,8639
218,222
218,314
218,220
218,221
218,3242
218,6898
218,259307
220,221
220,4129
220,222
220,8639
220,314
220,3242
220,4128
220,6898
220,2805
221,314
221,4129
221,3242
221,6898
221,8639
221,259307
221,222
221,5053
222,4128
222,4129
222,8639
222,314
222,3242
222,2805
222,259307
4128,8639
4128,4129
4128,314
4128,221
4128,259307
4128,3242
4128,2805
4129,8639
4129,314
4129,3242
4129,259307
4129,6898
3242,2805
3242,6898
3242,2806
3242,314
3242,259307
3242,4282
3242,8639
259307,5053
259307,4282
259307,6898
259307,1644
259307,2806
259307,2805
259307,314
1644,5053
1644,6898
1644,4282
1644,2806
1644,2805
1644,3242
1644,221
1644,222
1644,220
314,8639
314,5053
314,6898
6898,5053
6898,2805
6898,2806
6898,4282
6898,8639
2805,2806
2805,4282
2805,5053
2805,221
2805,314
2806,4282
2806,5053
2806,221
2806,222
2806,314
4282,5053
4282,221
4282,222
4282,220
5053,3242
5053,222
8639,259307
