773,23236
773,2771
773,111
773,2787
773,109
773,112
773,2782
773,2775
773,3760
773,5600
774,2793
774,5602
774,3760
774,5603
774,2770
774,109
774,107
774,108
774,2915
774,5332
54539,4729
54539,4702
54539,4725
54539,4728
54539,55967
54539,4698
54539,126328
54539,4724
54539,4539
54539,4726
5600,3765
5600,54331
5600,5601
5600,111
5600,2783
5600,2775
5600,113
5600,5567
5600,196883
374291,126328
374291,4724
374291,4698
374291,4539
374291,4709
374291,55967
374291,4541
374291,4731
374291,4695
374291,4711
196883,111
196883,59345
196883,54331
196883,2783
196883,2785
196883,2784
196883,2782
196883,2771
196883,51764
196883,109
94235,114
94235,51764
94235,10681
94235,2790
94235,2784
94235,5566
94235,2782
94235,2771
94235,54331
94235,2792
51764,115
51764,10681
51764,2790
51764,3762
51764,2784
51764,59345
51764,23236
51764,2788
54331,1268
54331,2782
54331,2773
54331,2911
54331,5594
54331,2775
54331,2790
54331,2791
56901,4537
56901,4538
56901,100532726
56901,4696
56901,4705
56901,4719
56901,4713
56901,4535
56901,4694
56901,4718
4694,4704
4694,4723
4694,4705
4694,4706
4694,4714
4694,4697
4694,4719
4694,51079
4694,4713
4694,4712
4695,4708
4695,4697
4695,4716
4695,4713
4695,4718
4695,4731
4695,4707
4695,4700
4695,4714
4695,4535
4696,4536
4696,4713
4696,51079
4696,4707
4696,4711
4696,4712
4696,4700
4696,4716
4696,4719
4696,4697
4697,4708
4697,4713
4697,4704
4697,4711
4697,4705
4697,4714
4697,4718
4697,4707
4697,4731
4698,126328
4698,4709
4698,4728
4698,4731
4698,4539
4698,4726
4698,4725
4698,4724
4700,4716
4700,4714
4700,4712
4700,4717
4700,4708
4700,51079
4700,4731
4700,4536
4701,4720
4701,4719
4701,4713
4701,4715
4701,4707
4701,4696
4701,4711
4701,4695
4701,4722
4701,4710
4702,4706
4702,4540
4702,4704
4702,4725
4702,4708
4702,4539
4702,4728
4702,4698
4702,4729
2911,3763
2911,2793
2911,5602
2911,3765
2911,111
2911,23236
2911,109
2911,112
2911,5600
4704,4706
4704,4705
4704,4723
4704,4719
4704,4708
4704,4695
4704,4713
4705,4717
4705,4718
4705,4714
4705,4535
4705,4695
4705,4712
4705,4723
4706,4700
4706,4697
4706,4708
4706,4723
4706,4695
4706,4714
4706,4725
2915,5332
2915,2788
2915,5602
2915,5331
2915,2771
2915,115
2915,6300
2915,107
2915,108
4707,4716
4707,4711
4707,4536
4707,4713
4707,4700
4707,4714
4708,4712
4708,4714
4708,4731
4708,4717
4708,4716
4708,4718
4708,4713
4709,4724
4709,4700
4709,4716
4709,4728
4709,55967
4709,4731
4709,4539
4709,4536
4710,4538
4710,126328
4710,4716
4710,4731
4710,4536
4710,4718
4710,4715
4710,4711
4710,4726
4710,4707
4711,4539
4711,4715
4711,4713
4711,4536
4711,4716
4711,51079
4711,55967
4712,4717
4712,4716
4712,4714
4712,4536
4712,4731
4712,51079
4712,4729
4713,4536
4713,4719
4713,4715
4714,4717
4714,4716
4714,4731
4714,51079
107,2787
107,6300
107,23236
107,2770
107,5602
107,2785
107,108
107,3760
107,2786
108,2787
108,3760
108,5603
108,111
108,23236
108,5332
108,2785
108,5602
109,2793
109,5603
109,5599
109,2782
109,2783
109,113
109,2785
109,3760
4715,4536
4715,55967
4715,4719
4715,4696
4715,4707
4715,4539
111,2771
111,3765
111,2775
111,1268
111,5568
111,55970
112,3763
112,114
112,5566
112,111
112,5594
112,2787
112,5599
112,2786
113,2776
113,5601
113,3765
113,5331
113,111
113,2793
113,5330
113,196883
114,1432
114,5594
114,2790
114,2792
114,5566
114,2773
114,2791
114,54539
115,5595
115,5566
115,3762
115,59345
115,5567
115,2788
115,5568
115,10681
4716,4731
4716,4717
4716,4536
4717,4731
4717,4729
4717,126328
4717,4725
4718,4535
4718,4729
4718,4536
4718,4726
4718,4713
4719,4720
4719,4706
4719,4708
4719,4710
4720,4722
4720,4706
4720,4702
4720,4695
4720,4723
4720,4696
4720,4704
4720,4539
4722,4723
4722,4539
4722,4726
4722,4702
4722,4715
4722,126328
4722,4711
4722,54539
4723,51079
4723,4714
4723,4711
4723,4697
4723,4716
4724,4539
4724,4728
4724,4729
4724,55967
4724,4536
4724,126328
4724,4725
4725,4728
4725,4729
4725,51079
4725,126328
4725,4712
4726,126328
4726,4729
4726,4538
4726,374291
4726,4717
4728,4729
4728,126328
4728,51079
4728,4712
4728,4717
4729,126328
4729,4536
51079,4536
51079,4716
51079,126328
1432,2791
1432,2792
1432,4540
1432,59345
1432,2790
1432,10681
1432,5594
1432,3762
1432,2773
6300,5566
6300,5601
6300,5599
6300,1268
6300,5568
6300,3763
6300,5602
6300,5595
6300,5567
55967,4539
55967,4698
55967,4725
55967,51079
55970,2775
55970,23236
55970,2787
55970,3765
55970,2771
55970,2786
55970,1268
55970,5600
55970,2792
3760,2785
3760,2786
3760,23236
3760,5599
3760,2787
3760,5602
3762,5595
3762,10681
3762,59345
3762,2791
3762,2790
3762,196883
3762,1268
3763,5599
3763,5594
3763,2791
3763,2775
3763,2786
3763,2785
3763,59345
3765,2775
3765,23236
3765,773
3765,54331
3765,5568
4535,4717
4535,4729
4535,4708
4535,4731
4535,4697
4535,4726
4535,4710
10681,2791
10681,2784
10681,2790
10681,59345
10681,5594
10681,2775
4537,4538
4537,4715
4537,4536
4537,4713
4537,51079
4537,4535
4537,4720
4537,4719
4537,4718
4538,4729
4538,4718
4538,126328
4538,4715
4538,374291
4538,4536
4538,4535
4540,4706
4540,54539
4540,4728
4540,4704
4540,4720
4540,55967
4540,4696
4540,4709
5566,5567
5566,5595
5566,5568
5566,5594
5566,2786
5567,5568
5567,5595
5567,5594
5567,5601
5567,100532726
5567,54331
5568,5330
5568,5332
5568,5601
5568,5602
5568,23236
4541,4707
4541,51079
4541,55967
4541,4724
4541,4715
4541,4536
4541,4723
4541,4709
4541,4711
23236,2787
23236,2771
23236,2775
23236,2782
23236,2785
23236,2783
23236,5602
23236,2784
126328,4536
59345,2784
59345,2785
59345,2792
59345,1268
59345,2791
59345,2788
2770,2788
2770,1268
2770,2771
2770,2784
2770,5602
2770,2785
2770,6300
2770,196883
2771,2784
2771,2787
2771,1268
2771,2775
2771,2785
5330,5602
5330,5601
5330,2787
5330,2783
5330,2793
5330,2788
5330,2771
5330,6300
2773,2792
2773,1268
2773,2790
2773,2791
2773,59345
2773,2771
2773,111
5331,5332
5331,2776
5331,5600
5331,2788
5331,2911
5331,2793
5331,115
5331,3765
2775,2786
2775,1268
2775,2787
2776,5601
2776,5603
2776,109
2776,2783
2776,5330
2776,2793
2776,108
2776,2786
5332,5602
5332,2788
5332,107
5332,23236
5332,773
5594,2791
5594,5595
5594,2775
5594,59345
5595,2791
5595,100532726
5595,59345
5595,1268
2782,2783
2782,2784
2782,2793
2782,5602
2782,2790
2783,5602
2783,2793
2783,2785
2783,773
2784,2785
2784,5602
2784,2788
2785,5599
2785,2787
2785,1268
2785,2775
2785,2786
2786,23236
2786,1268
2786,2771
2786,54331
2786,111
2786,773
2787,5602
2787,111
2788,2787
2788,5602
2788,2771
5599,5603
5599,5601
5599,111
5599,2793
2790,2792
2790,2791
2791,1268
2791,2792
2792,1268
2792,10681
2793,5603
2793,5602
2793,54331
5601,111
5601,109
5601,5603
5601,54331
5603,2785
5603,3760
5603,2787
100532726,4537
100532726,6300
100532726,4538
100532726,2915
100532726,5566
100532726,4540
100532726,774
