54657,644
54657,54576
54657,211
54657,3145
54657,3163
54657,10720
54657,7365
54657,1355
54657,54600
54657,10941
54658,7367
54658,54490
54658,54575
54658,7390
54658,644
54658,5498
54658,3163
54658,7364
54658,7363
54658,9843
54659,2990
54659,7363
54659,10941
54659,54576
54659,7365
54659,3145
54659,574537
54659,1356
54659,54600
54659,211
644,3163
644,9843
644,10720
644,54600
644,574537
644,7365
644,54577
644,1356
645,3052
645,9843
645,3163
645,574537
645,644
645,3162
645,10720
645,54490
645,54579
645,54578
2990,3145
2990,10941
2990,3162
2990,54578
2990,210
2990,10720
2990,54577
2990,7363
2990,54576
54575,7367
54575,54576
54575,7363
54575,10941
54575,54490
54575,7364
54575,3162
54575,3145
54575,7366
54576,7363
54576,211
54576,3145
54576,10941
54576,10720
54576,54600
54577,54579
54577,54578
54577,10720
54577,54600
54577,3052
54577,1371
54577,3162
54577,1356
54578,54579
54578,574537
54578,10720
54578,54490
54578,10941
54578,54600
54578,3162
54578,7366
54579,10720
54579,10941
54579,574537
54579,3052
54579,54490
54579,54600
54579,2990
79799,1355
79799,7365
79799,211
79799,1356
79799,3145
79799,54659
79799,2235
79799,54600
79799,7390
79799,1352
2235,5498
2235,7390
2235,9843
2235,7366
2235,7367
2235,7364
2235,54575
2235,2395
2235,3162
2235,210
10941,54490
10941,3145
10941,574537
10941,7366
7363,3145
7363,54600
7363,5498
7363,7364
7363,10720
7363,7365
7364,7366
7364,54490
7364,7367
7364,7390
7364,5498
7364,3162
7364,574537
7365,1356
7365,54600
7365,1352
7365,574537
7365,1355
7365,7390
7366,54490
7366,5498
7366,54600
7366,3162
7366,7367
7366,7390
7366,7363
7367,3162
7367,54490
7367,7390
7367,5498
7367,7363
1352,1356
1352,1371
1352,10720
1352,54600
1352,5498
1352,54659
1352,1355
1352,3052
3145,210
3145,211
3145,7390
54600,1356
54600,1371
54600,5498
1355,211
1355,212
1355,54576
1355,1356
1355,54659
1355,3052
1356,3163
1356,1371
1356,10720
1356,574537
574537,54490
574537,3163
210,7390
210,54659
210,10941
210,54575
210,54576
210,212
210,2395
211,212
211,2990
211,210
211,10941
212,3145
212,7365
212,3052
212,54657
212,10720
212,2395
212,54659
3162,5498
3162,7389
3162,10720
3162,9843
3163,54490
3163,9843
3163,10720
3163,7390
2395,7389
2395,54600
2395,644
2395,3162
2395,5498
2395,9843
2395,10720
2395,574537
2395,3163
1371,7389
1371,5498
1371,54578
1371,7366
1371,7364
1371,2395
7389,2235
7389,10720
7389,1352
7389,54600
7389,54657
7389,9843
7389,54577
7390,5498
7390,7363
54490,7363
3052,10720
3052,3163
3052,54657
3052,644
3052,2990
9843,5498
9843,54575
9843,54657
