4609,673
4609,5291
4609,3725
4609,5296
4609,2002
4609,5605
4609,2064
4609,10718
4609,5058
4609,5609
1026,6776
1026,25
1026,6198
1026,5293
1026,6777
1026,5605
1026,1956
1026,5747
1026,5291
1026,106821730
1027,2065
1027,25759
1027,2549
1027,56924
1027,5063
1027,5291
1027,5290
1027,3084
1027,5894
1027,6655
3084,374
3084,57144
3084,10000
3084,2065
3084,5604
3084,868
3084,56924
3084,6464
3084,25759
2064,5609
2064,5296
2064,5058
2064,3725
2064,5291
2064,53358
2064,2475
2064,2002
2064,10718
2065,5063
2065,5602
2065,57144
2065,868
2065,2549
2065,2069
2065,145957
2065,3845
2066,25759
2066,4690
2066,2069
2066,2885
2066,399694
2066,1398
2066,5295
2066,5604
2066,57144
2066,867
2069,53358
2069,25759
2069,5063
2069,5295
2069,369
2069,868
2069,4690
2069,867
2069,3265
25,53358
25,5058
25,3725
25,2064
25,5291
25,4609
25,1027
25,25759
25,6777
27,3845
27,57144
27,9542
27,3265
27,8440
27,5601
27,1978
27,56924
27,5602
27,4893
145957,1978
145957,1839
145957,374
145957,369
145957,57144
145957,2932
145957,2549
145957,5599
145957,685
6198,5605
6198,6199
6198,6714
6198,5594
6198,1956
6198,106821730
6198,5599
6198,6776
6198,4609
6199,6714
6199,9542
6199,10718
6199,2475
6199,6776
6199,5605
6199,2002
6199,815
6199,106821730
10298,5601
10298,56924
10298,5894
10298,5595
10298,2549
10298,3265
10298,5335
10298,5599
10298,2932
10298,7039
6714,6776
6714,2002
6714,10718
6714,8503
6714,5291
6714,5605
6714,5296
6714,1956
572,867
572,5747
572,9542
572,4893
572,2885
572,5609
572,1398
572,10718
572,6714
572,2475
4690,6416
4690,2885
4690,399694
4690,208
4690,5295
4690,369
4690,1978
4690,868
4690,1398
56924,207
56924,10000
56924,3265
56924,5601
56924,5595
56924,374
56924,1978
106821730,5594
106821730,9542
106821730,8503
106821730,6777
106821730,1399
106821730,5293
106821730,1950
106821730,815
106821730,1398
53358,5058
53358,5291
53358,867
53358,3725
53358,5293
53358,1027
53358,25759
5747,6714
5747,10718
5747,1950
5747,818
5747,5604
5747,5605
5747,25759
5747,6654
6776,5595
6776,10718
6776,5291
6776,5894
6776,5605
6776,57144
6776,6777
6777,10718
6777,3725
6777,8503
6777,2002
6777,6654
6777,2064
6777,5291
6777,5594
3725,867
3725,6654
3725,2002
3725,5058
3725,10718
3725,5296
3725,5291
25759,57144
25759,5604
25759,5063
25759,399694
25759,6464
25759,1398
673,5058
673,5291
673,2002
673,817
673,3725
673,5605
673,5609
673,1839
673,867
5290,868
5290,10000
5290,5295
5290,1978
5290,369
5290,5291
5290,2549
5290,207
5290,5062
5291,5296
5291,5293
5291,8503
5291,2002
685,1839
685,3845
685,5602
685,5599
685,208
685,27
685,2932
685,1978
685,1956
5293,6655
5293,1950
5293,8503
5293,5296
5293,5594
5293,5747
5295,8503
5295,2885
5295,867
5295,57144
5295,1978
5295,5291
5295,3725
5296,2002
5296,2475
5296,5595
5296,5609
5296,10718
3265,816
3265,1978
3265,5579
3265,4893
3265,1399
3265,57144
3265,818
3265,8440
207,5894
207,2549
207,374
207,10000
207,1027
207,5335
207,868
207,5336
208,816
208,1399
208,1398
208,4893
208,867
208,3845
208,2002
208,815
5335,5336
5335,818
5335,8440
5335,5601
5335,6655
5335,56924
5335,7039
5335,4893
5336,818
5336,7039
5336,6464
5336,8440
5336,5601
5336,374
5336,5582
5336,3084
8440,5602
8440,818
8440,5601
8440,4893
8440,5582
8440,5579
3845,57144
3845,868
3845,5601
3845,1978
3845,3265
3845,2885
3845,5602
5894,2549
5894,5291
5894,5595
5894,57144
5894,2065
5894,6714
6416,4893
6416,6654
6416,369
6416,399694
6416,10718
6416,815
6416,208
6416,5609
6416,1398
10000,5062
10000,868
10000,3265
10000,8503
10000,6464
10000,6199
4893,815
4893,816
4893,1399
4893,818
4893,9542
1839,7039
1839,1950
1839,369
1839,5579
1839,817
1839,3265
1839,816
815,2475
815,6654
815,2002
815,8503
815,5609
815,10718
815,3725
816,1399
816,817
816,5579
816,5062
816,815
816,5578
817,5579
817,818
817,4893
817,5578
817,1399
817,6416
817,8440
818,5579
818,5582
818,7039
818,5578
8503,2002
8503,2475
8503,5594
8503,5296
57144,5063
57144,1978
57144,1950
57144,5595
6464,5601
6464,2069
6464,3845
6464,5290
6464,4690
6464,868
2885,399694
2885,5609
2885,2475
2885,867
2885,1398
2885,9542
9542,5609
9542,1956
9542,10718
9542,2475
399694,5609
399694,5578
399694,1398
399694,10718
399694,2475
867,5058
867,1398
867,2064
867,2002
868,374
868,5295
868,1027
369,374
369,6654
369,1398
369,5062
2932,5599
2932,1950
2932,57144
2932,5063
2932,6776
2932,2549
2932,10718
2932,1839
1398,1399
1398,5609
1398,1950
1398,5062
1399,5062
1399,5579
1399,1978
1399,27
374,1027
374,3845
374,6416
7039,5601
7039,5582
7039,5578
7039,5599
7039,5602
7039,3265
7039,1950
1950,1956
1950,5578
1950,5594
1956,5594
1956,5605
1956,5291
1956,2549
1956,106821730
2475,5609
2475,2002
2475,6714
2475,4893
1978,5595
5058,5609
5058,5062
5058,5296
5058,2002
5062,5579
5062,6777
5062,2064
5063,2549
5063,145957
5063,1950
5063,25
5578,5582
5578,5579
5578,1839
5578,145957
5579,5582
5582,1950
5582,1839
5582,3265
5582,817
2002,5594
2002,10718
2002,5609
5594,5605
5594,5291
5594,2549
5595,2475
5595,6714
5595,10718
5595,2002
10718,5609
10718,6654
10718,5291
5599,5601
5599,1839
5599,56924
5599,207
5601,5602
5601,3265
5602,3265
5602,4893
5602,5604
5604,9542
5604,106821730
5604,572
5604,1398
5604,208
5605,10718
5605,6655
2549,5291
6654,8503
6654,2475
6654,4893
6655,6776
6655,5291
6655,2549
6655,5594
6655,5601
6655,6654
