1544,5319
1544,100137049
1544,5322
1544,255189
1544,5321
1544,1557
1544,8399
1544,1559
1544,1571
1544,50487
11145,81579
11145,8681
11145,246
11145,30814
11145,283748
11145,26279
11145,5321
11145,1559
11145,84647
11145,8605
151056,64600
151056,1576
151056,1558
151056,8399
151056,1557
151056,5322
151056,26279
151056,5320
151056,5321
151056,81579
1557,8399
1557,5322
1557,64600
1557,123745
1557,5319
1557,50487
1557,5320
1557,1558
1558,8605
1558,255189
1558,1576
1558,5322
1558,5319
1558,8399
1558,1573
1558,100137049
1559,1573
1559,8681
1559,255189
1559,8398
1559,5319
1559,5321
1559,5322
1559,50487
1559,8399
8605,1576
8605,81579
8605,26279
8605,1573
8605,255189
8605,5319
8605,283748
8605,151056
1571,5321
1571,84647
1571,50487
1571,8398
1571,283748
1571,26279
1571,391013
1571,81579
1571,1557
1573,123745
1573,5322
1573,5319
1573,8399
1573,5321
1573,100137049
1573,255189
26279,64600
26279,84647
26279,1576
26279,1557
26279,81579
26279,391013
26279,5322
84647,391013
84647,81579
84647,5321
84647,283748
84647,8398
84647,50487
84647,64600
1576,8398
1576,5322
1576,391013
1576,81579
1576,283748
1576,5319
81579,391013
81579,283748
81579,100137049
81579,50487
81579,1557
50487,5321
50487,64600
50487,255189
50487,151056
5319,123745
5319,255189
5319,100137049
5319,5322
5319,8399
5320,64600
5320,8681
5320,30814
5320,8399
5320,5321
5320,246
5320,100137049
5320,123745
5321,8398
5321,5319
5321,391013
5321,64600
5321,123745
5322,8399
5322,123745
5322,255189
8398,283748
8398,391013
8398,255189
8398,1544
8398,123745
8399,123745
255189,100137049
255189,391013
255189,5321
64600,8681
64600,123745
64600,100137049
100137049,391013
100137049,1557
100137049,123745
100137049,5322
100137049,8399
30814,246
30814,8681
30814,50487
30814,1559
30814,5321
30814,8398
30814,64600
30814,391013
123745,1559
283748,391013
283748,5321
283748,255189
391013,1544
8681,246
8681,5319
8681,1557
8681,5321
8681,123745
246,1559
246,391013
246,255189
246,26279
246,50487
246,64600
