56832,3440
56832,3439
56832,2273
56832,3558
56832,3562
56832,2688
56832,5771
56832,3446
56832,9306
56832,3952
4609,3456
4609,207
4609,5155
4609,5291
4609,3600
4609,2670
4609,6772
4609,596
4609,3458
4609,3446
3586,596
3586,5008
3586,10401
3586,1270
3586,3440
3586,5290
3586,3952
3586,282617
3586,2885
3586,56832
3587,3566
3587,53832
3587,9466
3587,2690
3587,3590
3587,1439
3587,3570
3587,9180
3587,3976
3587,3451
3588,3977
3588,3575
3588,3454
3588,3459
3588,3560
3588,1439
3588,3590
3588,1438
3588,3598
3588,3460
3589,5295
3589,50616
3589,8503
3589,64109
3589,3443
3589,2273
3589,3445
3589,207
3589,163702
3589,3952
3590,3953
3590,3581
3590,5618
3590,3598
3590,3570
3590,53833
3590,1438
3590,3560
1026,595
1026,338376
1026,1950
1026,3562
1026,598
1026,30837
1026,8651
1026,3449
1026,5617
1026,3592
3592,3441
3592,8835
3592,894
3592,595
3592,2273
3592,6778
3592,2475
3592,3717
3592,3567
3592,2688
2057,1271
2057,3601
2057,5618
2057,3572
2057,58985
2057,3455
2057,5159
2057,5154
2057,3598
2057,3595
3594,3595
3594,3460
3594,3455
3594,1271
3594,50615
3594,1439
3594,5156
3594,53833
3594,3568
3594,3446
3595,3460
3595,3601
3595,9180
3595,3597
3595,3568
3595,3572
3595,1271
3595,2690
3595,3455
3593,10254
3593,8027
3593,2688
3593,51561
3593,9306
3593,3440
3593,338376
3593,2056
3593,56832
3593,5008
3597,2690
3597,1271
3597,1441
3597,3559
3597,3572
3597,9180
3597,3601
3597,3455
3597,3716
10254,3568
10254,3563
10254,149233
10254,116379
10254,3460
10254,8027
10254,3595
10254,5156
10254,2670
3598,1438
3598,64109
3598,1956
3598,58985
3598,3459
3598,5618
3598,3575
3598,3581
3596,3440
3596,2689
3596,1440
3596,598
3596,50604
3596,3558
3596,3593
3596,1437
3596,5291
3596,6776
3601,3572
3601,1271
3601,53832
3601,5159
3601,1441
3601,9180
3601,3953
3601,3569
3600,2670
3600,207
3600,2689
3600,596
3600,3458
3600,5290
3600,3445
3600,3446
3600,282618
5154,3578
5154,3561
5154,3446
5154,3598
5154,1271
5154,3444
5154,50615
5154,282617
5154,1438
5155,3445
5155,8835
5155,3456
5155,8554
5155,896
5155,1387
5155,7066
5155,8651
5155,122809
5156,3568
5156,3460
5156,53833
5156,1439
5156,9466
5156,1956
5156,3570
5156,3595
5156,1438
5159,3569
5159,9180
5159,1271
5159,3455
5159,3572
5159,53832
5159,50615
5159,53833
53832,9180
53832,9466
53832,3572
53832,3566
53832,3569
53832,58985
53832,4352
53833,3570
53833,1438
53833,3581
53833,3455
53833,1439
53833,50615
53833,1956
53833,4352
53833,58985
4170,10379
4170,6777
4170,6778
4170,2689
4170,9063
4170,50604
4170,8554
4170,3565
4170,7066
4170,3265
3578,3561
3578,1271
3578,4352
3578,50615
3578,1439
3578,53833
3578,1270
3578,1438
3578,3976
595,894
595,51561
595,3449
595,1440
595,3467
595,9306
595,3717
595,8651
596,5008
596,3265
596,10401
596,896
596,3717
596,5155
596,8554
596,338376
598,1442
598,1950
598,2688
598,8027
598,9306
598,3442
598,5292
598,10000
598,1437
598,2056
9306,1950
9306,3440
9306,51561
9306,3449
9306,2688
9306,3717
53342,59067
53342,1443
53342,9655
53342,3444
53342,208
53342,51588
53342,2475
53342,3456
53342,6772
53342,6778
5617,4352
5617,6654
5617,3561
5617,1956
5617,3578
5617,3575
5617,3566
5617,3976
5617,5781
58985,3572
58985,3575
58985,50615
58985,1271
58985,3561
58985,282617
58985,3566
2056,5293
2056,3442
2056,1950
2056,894
2056,6772
2056,51588
2056,8835
2056,338376
64109,3443
64109,1441
64109,3566
64109,1438
64109,1956
64109,163702
64109,3581
64109,282617
64109,9466
2670,5290
2670,1387
2670,3458
2670,3440
2670,8503
2670,3446
2670,208
6772,122809
6772,5293
6772,9655
6772,7066
6772,3718
6772,5155
6772,3442
30837,2273
30837,1440
30837,1489
30837,6774
30837,3717
30837,3558
30837,6775
30837,50604
30837,3952
6773,5894
6773,5771
6773,10000
6773,2688
6773,122809
6773,5296
6773,8835
6773,3592
6773,5781
6773,85480
6775,6774
6775,9063
6775,6777
6775,1440
6775,3445
6775,1489
6775,3717
6775,10401
6775,3558
6774,2885
6774,5771
6774,1489
6774,9063
6774,6777
6774,5292
6774,5008
6774,3445
6776,6777
6776,5290
6776,2475
6776,1443
6776,208
6776,3952
6776,10379
6776,59067
6776,1489
6777,1489
6777,6778
6777,10401
6777,10379
6777,598
6777,2033
6778,1443
6778,2475
6778,10379
6778,3448
6778,51588
6778,208
6778,3567
2688,1442
2688,8027
2688,51561
2688,3442
2688,3439
2688,2475
2688,3449
7297,896
7297,3569
7297,6654
7297,316
7297,3451
7297,3265
7297,3558
7297,3565
7297,282618
7297,2689
1154,3452
1154,3565
1154,85480
1154,10379
1154,5008
1154,3467
1154,7066
1154,4170
1154,338376
1154,6654
8835,3565
8835,7066
8835,338376
8835,5771
8835,3717
8835,3467
3716,1950
3716,5618
3716,5292
3716,1442
3716,8503
3716,3558
3716,5291
3716,2057
3716,3446
3717,8651
3717,5008
3717,894
3717,1440
3717,50604
3717,896
3717,3467
3718,8503
3718,51588
3718,3442
3718,208
3718,10000
3718,5293
3718,8027
3718,1443
3718,1442
3718,1387
2690,9180
2690,3572
2690,3566
2690,3455
2690,1271
2690,1441
2690,3561
2689,208
2689,3458
2689,282618
2689,207
2689,3265
2689,1387
2689,5291
5771,3445
5771,3952
5771,3574
5771,5296
5771,2033
5771,1437
5771,3448
10379,59067
10379,1440
10379,50604
10379,5008
10379,208
5777,59067
5777,1270
5777,3594
5777,3446
5777,3458
5777,5154
5777,3578
5777,5290
5777,2057
5777,207
5781,6654
5781,2688
5781,1442
5781,598
5781,3442
5781,1956
5781,3439
5781,3581
116379,149233
116379,1956
116379,3568
116379,3953
116379,3581
116379,3977
116379,3560
116379,3459
116379,3563
116379,3441
10401,2033
10401,5008
10401,5293
10401,3952
10401,3558
10401,1950
10401,3442
10401,896
5290,3952
5290,3440
5290,3445
5290,2033
5290,3446
5291,282618
5291,29949
5291,3458
5291,207
5291,3578
5291,3558
5291,3976
5291,3446
5292,1950
5292,6654
5292,6655
5292,2885
5292,11009
5292,85480
5292,5296
5293,3442
5293,3952
5293,3444
5293,122809
5293,3559
5293,1950
5295,6654
5295,5292
5295,5155
5295,3586
5295,122809
5295,5781
5295,5617
5295,5293
5295,282617
5296,10000
5296,9021
5296,3574
5296,2688
5296,2273
5296,50604
5296,2033
5296,3952
59067,1443
59067,3444
59067,208
59067,5008
59067,5293
59067,2475
3265,8651
3265,282618
3265,5008
3265,85480
3265,3562
3265,3458
3265,9063
3265,338376
207,6655
207,1387
207,1270
207,8503
207,282618
207,208
207,5008
208,3448
208,1443
208,51588
2273,3952
2273,1437
2273,1489
2273,1442
2273,3567
2273,10000
149233,3977
149233,3568
149233,3563
149233,3581
149233,3953
149233,3570
149233,3560
149233,3459
1270,9063
1270,5008
1270,282618
1270,6655
1270,282617
1270,316
1271,3572
1271,3455
1271,50615
1271,3459
9466,3575
9466,1439
9466,1438
9466,3568
9466,4352
9466,3566
9466,53833
29949,3572
29949,9063
29949,316
29949,50616
29949,2690
29949,3447
29949,11009
29949,3458
29949,2689
4352,9180
4352,50615
4352,1438
4352,282617
4352,3568
4352,58985
4352,5156
11009,316
11009,85480
11009,9063
11009,8651
11009,6655
11009,3451
11009,6654
11009,3265
5894,10000
5894,7066
5894,8027
5894,122809
5894,3567
5894,3574
5894,3592
5894,5617
5894,1026
10000,3574
10000,1442
10000,2688
10000,3441
8503,1387
8503,6655
8503,1442
8503,5154
8503,5293
316,9063
316,3451
316,3265
316,6654
316,3458
316,3447
9021,3565
9021,8651
9021,2033
9021,6654
9021,5292
9021,2885
9021,338376
9021,1026
9021,11009
2885,2033
2885,11009
2885,6654
2885,5290
2885,85480
2885,4609
8027,1442
8027,3442
8027,1950
8027,3441
8027,5293
8027,3439
9063,85480
9063,8651
51561,1440
51561,3439
51561,894
51561,3449
51561,3467
51561,282616
8554,3445
8554,50616
8554,207
8554,5008
8554,896
8554,2689
8554,2033
1387,3443
1387,282617
1387,3569
1387,3976
1387,5008
1387,3456
1387,2688
3439,3581
3439,3953
3439,1956
3439,53833
3439,3560
3439,1442
3439,64109
3439,1438
3440,3558
3440,3562
3440,3445
3953,3560
3953,3581
3953,3459
3953,3559
3953,3570
3953,1956
3953,53833
3441,2688
3441,149233
3441,1442
3441,3442
3441,2475
3441,1956
3442,1442
3442,51588
3442,1950
3443,282616
3443,3976
3443,282618
3443,282617
3443,2475
3443,1441
3443,9466
3444,3456
3444,3446
3444,163702
3444,3559
3444,2475
3444,1443
163702,1438
163702,3561
163702,3559
163702,3977
163702,3459
163702,3455
163702,3588
163702,3598
3445,50616
3445,3952
3445,1437
3445,122809
3446,3559
3446,1271
3446,3563
3446,207
3446,3597
3447,6655
3447,3454
3447,85480
3447,3575
3447,8651
3447,6654
3447,51588
3447,3598
3447,11009
3448,1437
3448,3567
3448,3452
3448,1387
3448,894
3448,2689
3448,6776
3449,1950
3449,1442
3449,282616
3449,894
3449,3451
3451,3467
3451,282616
3451,282618
3451,5008
3451,894
3451,3976
3452,282616
3452,338376
3452,894
3452,3467
3452,595
3452,5008
3452,9655
3452,3443
3454,3455
3454,3575
3454,53833
3454,3570
3454,3568
3454,58985
3454,3977
3454,1438
3455,50615
3455,3561
3455,3572
3455,9180
3455,3568
3456,1443
3456,3976
3456,3561
3456,207
3456,3446
894,3467
894,282616
3458,3569
3458,282618
3458,50616
3458,207
3459,3560
3459,3559
3459,3581
3459,3977
3459,53833
51588,9655
51588,6655
51588,3467
51588,207
51588,1438
3460,3568
3460,1439
3460,3977
3460,3455
3460,3570
3460,3563
896,8651
896,5008
896,1387
896,894
896,6654
3976,282618
3976,282617
3976,3569
3976,3561
3976,1439
3976,3566
3977,3575
3977,1438
3977,3560
3977,3568
3467,282616
3467,1440
3467,3565
3467,282618
7066,3565
7066,122809
7066,338376
7066,8554
7066,3456
1437,56832
1437,3717
1437,338376
1437,3558
1438,3581
1438,1956
1438,3575
1438,50615
1438,3560
1439,1956
1439,50615
1439,3566
1439,3455
1439,3561
1440,8651
1440,50604
1440,282618
1441,3566
1441,3572
1441,50615
1441,1271
1441,3561
1441,9180
1442,1950
1442,3953
1443,2475
1443,9655
1956,3581
1956,3560
1956,50615
2475,208
50604,56832
50604,598
50604,1026
50604,3467
9655,6655
9655,5155
9655,5008
9655,3718
9655,3467
50615,3561
50615,3572
122809,2033
122809,3442
122809,8554
50616,282618
50616,3569
50616,207
50616,1387
50616,5291
338376,8651
338376,3565
338376,3562
338376,85480
8651,85480
8651,6654
8651,6655
1489,2033
1489,3445
1489,5771
1489,85480
9180,3572
9180,50615
9180,3566
3558,3562
3558,282618
3558,3445
3559,3563
3559,3560
3559,3977
3559,3581
3560,3581
3560,3598
3561,282617
3561,3566
3562,3596
3562,8651
3562,6654
3562,50604
3563,3574
3563,3568
3563,3444
3563,3595
85480,3565
85480,6655
85480,2033
3565,8651
3565,5155
3566,1956
3566,3575
3567,5771
3567,1437
3567,1443
3567,6776
3567,208
3568,3570
3568,53833
2033,9063
3570,1439
3570,3455
3570,1438
5618,53833
5618,1271
5618,9180
5618,282617
5618,3601
5618,58985
3569,282618
3569,9180
3574,1442
3574,2273
3574,3952
3574,56832
3574,6773
3575,3572
3575,3455
282616,282618
282616,1387
282616,282617
282617,282618
282617,9180
282617,50615
282617,3566
6654,5155
