3683,3689
3683,54106
3683,959
3683,7097
3683,3383
3683,7099
3683,4233
3683,958
3683,4615
3683,3082
4615,958
4615,3383
4615,54106
4615,7097
4615,7099
4615,959
4615,3689
4615,3082
4615,4233
3689,54106
3689,3383
3689,7097
3689,7099
3689,959
3689,4233
3689,3082
3689,958
3082,4233
3082,7099
3082,7097
3082,958
3082,959
3082,3383
3082,54106
4233,959
4233,7097
4233,7099
4233,54106
4233,958
4233,3383
3383,7097
3383,54106
3383,7099
3383,958
3383,959
7097,7099
7097,54106
7097,958
7097,959
54106,959
54106,7099
54106,958
7099,958
7099,959
958,959
