5568,1581
5568,10599
5568,5567
5568,115
5568,5566
5568,114
5568,108
5568,107
5568,111
5568,109
123264,1080
123264,6256
123264,8647
123264,200931
123264,9971
123264,5566
123264,111
123264,28234
123264,109
123264,5567
338821,8431
338821,113
338821,2778
338821,6554
338821,8647
338821,108
338821,112
338821,114
338821,115
338821,6344
8647,8431
8647,200931
8647,115
8647,6344
8647,5244
8647,28234
8647,1080
8647,6256
6344,8431
6344,6554
6344,2778
6344,5244
6344,108
6344,112
6344,28234
6344,6579
28234,6579
28234,9971
28234,5566
28234,115
28234,111
28234,1080
28234,5244
28234,5567
28234,6554
196883,112
196883,109
196883,113
196883,114
196883,5567
196883,107
196883,111
196883,5568
196883,115
196883,108
2778,10599
2778,8431
2778,107
2778,5244
2778,1244
2778,200931
2778,108
2778,112
6554,6579
6554,1581
6554,113
6554,5566
6554,8431
6554,5567
6554,5244
1244,1581
1244,114
1244,10599
1244,113
1244,8431
1244,109
1244,5567
1244,6256
1244,107
200931,5567
200931,6256
200931,5566
200931,5244
200931,8431
200931,10599
200931,115
10599,107
10599,111
10599,1581
10599,5244
10599,5567
10599,115
10599,6256
107,111
107,115
107,114
107,28234
107,5567
108,112
108,5566
108,115
108,5567
108,113
108,109
1581,5244
1581,109
1581,5567
1581,111
1581,2778
1581,6579
109,5567
109,113
109,112
109,6554
109,5566
8431,5244
8431,9971
8431,1080
111,113
111,6256
111,115
111,5567
111,9971
111,6579
112,115
112,114
112,113
112,8647
113,6579
113,5567
113,114
9971,6579
9971,6256
9971,1080
9971,8647
9971,6344
9971,1244
6579,5566
6579,114
6579,5567
6579,1080
114,1080
114,115
114,5566
115,5566
115,5567
6256,5566
6256,6579
6256,28234
1080,5566
1080,6344
1080,108
5244,115
5566,5567
5567,8647
