2308,815
2308,2776
2308,5532
2308,816
2308,10891
2308,102724428
2308,3276
2308,5140
2308,817
2308,2538
10000,2642
10000,5530
10000,817
10000,5535
10000,3276
10000,5331
10000,2033
10000,1387
10000,5140
10000,1386
5140,5534
5140,64764
5140,5532
5140,108
5140,5330
5140,816
5140,1387
5140,10891
5140,3276
31,5534
31,23236
31,816
31,2778
31,5571
31,2776
31,2308
31,2538
31,108
31,818
32,817
32,2641
32,5465
32,102724428
32,801
32,5535
32,2778
32,2308
32,5533
32,2776
801,5564
801,5261
801,5531
801,51422
801,810
801,126129
801,51806
801,5568
801,200186
801,57223
805,5207
805,3710
805,5315
805,2997
805,5567
805,51422
805,810
805,5563
805,5261
805,5255
808,3709
808,163688
808,23235
808,2997
808,84699
808,5260
808,5105
808,5257
808,5255
808,5207
810,5531
810,5261
810,5564
810,5562
810,1374
810,3709
810,5207
810,5255
815,5532
815,10891
815,2776
815,53632
815,64764
815,5315
815,5332
815,3276
815,1385
816,207
816,108
816,817
816,2778
816,1387
816,5106
816,23236
817,207
817,208
817,102724428
817,2641
817,92579
817,5332
818,2641
818,5465
818,2778
818,5106
818,108
818,23236
818,816
818,207
818,5836
102724428,5533
102724428,1374
102724428,10488
102724428,208
102724428,3276
102724428,51806
102724428,5330
102724428,2776
102724428,126129
150094,148327
150094,5106
150094,92579
150094,2641
150094,5256
150094,57818
150094,2778
150094,208
150094,5332
150094,126129
2641,2778
2641,5106
2641,5332
2641,148327
2641,5836
2641,108
2642,5836
2642,3708
2642,5837
2642,92579
2642,108
2642,2998
2642,5834
2642,5330
2642,2033
5207,5567
5207,5315
5207,3709
5207,5565
5207,1387
5207,5562
5207,91860
5465,57818
5465,5535
5465,51422
5465,200186
5465,801
5465,1386
5465,5568
5465,126129
5465,2778
51806,5533
51806,91860
51806,5260
51806,5565
51806,53632
51806,2033
51806,23235
51806,5315
51806,163688
51806,5255
1374,126129
1374,5837
1374,5836
1374,5105
1374,5834
1374,1387
1374,801
1374,805
1375,23235
1375,9586
1375,84699
1375,3708
1375,163688
1375,5105
1375,5257
1375,5331
1375,808
1375,5563
148327,5106
148327,5330
148327,90993
148327,5256
148327,92579
148327,5531
148327,55671
148327,57223
148327,208
163688,91860
163688,3708
163688,3709
163688,2997
163688,5260
163688,23235
163688,5257
1385,5562
1385,5256
1385,1387
1385,468
1385,5567
1385,5315
1385,53632
1385,51422
1385,148327
1385,57223
1386,23235
1386,9586
1386,5331
1386,200186
1386,2033
1386,3708
1386,23236
1386,90993
1386,64764
1387,53632
1387,57223
1387,5105
1387,5530
1387,5562
1387,57818
1387,5567
1387,5533
108,5836
108,5534
108,2778
108,23236
108,207
108,5330
108,5106
90993,55671
90993,9586
90993,5566
90993,5531
90993,3710
90993,5563
90993,2997
90993,64764
90993,84699
9586,2998
9586,3708
9586,3710
9586,2033
9586,5834
9586,2997
9586,23235
55671,3710
55671,5563
55671,5566
55671,57223
55671,5531
55671,64764
55671,5256
55671,5567
55671,2997
3708,2998
3708,2033
3708,91860
3708,3710
3708,2997
3708,5837
3709,84699
3709,5257
3709,5105
3709,2997
3709,23235
3709,5562
3710,5563
3710,2997
3710,2998
3710,84699
3710,57223
3710,5531
3710,51806
53632,57223
53632,5315
53632,5565
53632,5571
53632,91860
53632,23235
53632,5105
57223,5256
57223,2997
57223,5531
57223,808
57223,5567
57223,5566
5255,5260
5255,91860
5255,5837
5255,5261
5255,2997
5255,5566
5255,5564
5256,5567
5256,5566
5256,5564
5256,805
5256,51422
5257,84699
5257,5563
5257,23235
5257,3710
5257,805
5257,5531
10891,5532
10891,5105
10891,3276
10891,2776
10891,5562
10891,3709
10891,10488
10891,2538
5260,5533
5260,5567
5260,10488
5260,5564
5260,5568
5260,91860
5261,51422
5261,5568
5261,5564
5261,5315
5261,5566
5261,126129
5530,200186
5530,3276
5530,5535
5530,5565
5530,5331
5530,5532
5530,2538
5530,51806
5531,5562
5531,5566
5531,5563
5532,5565
5532,2776
5532,3709
5532,3276
5532,200186
5532,5257
5533,2033
5533,801
5533,3276
5533,5571
5533,53632
5533,5837
5534,23236
5534,2778
5534,10000
5534,468
5534,816
5534,3276
5534,1387
5535,200186
5535,5261
5535,126129
5535,51422
5535,801
5535,5565
5535,2538
92579,5330
92579,5836
92579,208
92579,5106
92579,5531
92579,10488
92579,126129
126129,2538
126129,208
126129,5530
126129,5568
126129,1387
2997,5837
2998,2033
2998,5834
2998,5837
2998,2997
2998,808
2998,200186
5562,468
5562,5567
5562,5564
5562,84699
5562,5315
5562,51422
5563,23235
5563,5565
5563,84699
5563,64764
5563,51422
5564,5315
5564,5567
5564,51422
5564,805
5565,23235
5565,91860
5565,64764
5565,2033
5566,5567
5566,3710
5566,148327
5567,5568
5567,64764
5567,5315
5568,51422
5568,5571
5568,5315
5568,805
5568,5564
5568,5837
23235,5331
23235,5571
5571,5315
5571,91860
5571,51422
5571,51806
5571,5255
5571,5260
5571,57223
5315,51422
23236,5571
23236,3708
23236,2642
23236,1375
23236,5837
23236,5834
5834,5837
5834,2033
5834,5836
5834,3708
5834,5568
5834,2997
3276,200186
3276,53632
3276,208
3276,5565
5836,5330
5836,2778
5836,5837
5836,5106
5836,23236
5837,5330
5837,9586
5837,5260
207,102724428
207,2308
207,208
207,2641
207,31
207,2778
207,5140
208,10488
208,5330
208,468
5330,10488
5330,5106
5330,90993
5331,3708
5331,163688
5331,200186
5331,5257
5331,5571
5331,5532
468,84699
468,10488
468,3709
468,5105
468,90993
468,163688
468,2997
468,808
91860,2997
91860,3709
5332,5564
5332,5256
5332,1385
5332,5535
5332,148327
5332,208
5332,5106
2776,10488
2776,53632
2776,5315
2776,5564
2776,91860
2776,51806
2778,57818
2778,1374
2778,5106
2778,53632
84699,5105
57818,51422
57818,801
57818,5564
57818,5530
57818,53632
57818,5568
2538,84699
2538,5564
2538,2776
2538,5261
2538,150094
2538,5562
2033,3710
2033,23235
5105,2997
5105,5562
5105,64764
5106,208
5106,1385
5106,5256
10488,91860
10488,51806
10488,5564
200186,23235
200186,5565
64764,5562
64764,5207
64764,57223
64764,5571
