836,291
836,135
836,27429
836,10105
836,9246
836,7419
836,7417
836,2774
836,111
836,7416
7417,7317
7417,1812
7417,2773
7417,842
7417,7314
7417,7332
7417,293
7417,1813
7417,135
7417,111
135,1812
135,9246
135,10105
135,7318
135,317
135,842
135,7317
135,27429
842,317
842,27429
842,2773
842,291
842,1813
842,111
842,7317
842,10105
54205,7416
54205,83447
54205,7419
54205,10105
54205,293
54205,9246
54205,292
54205,836
54205,291
54205,27429
7314,2771
7314,292
7314,7317
7314,1812
7314,7332
7314,1813
7314,2774
7314,2773
7314,7318
2770,2773
2770,83447
2770,111
2770,1813
2770,2771
2770,293
2770,7417
2770,292
2770,317
2770,7314
1812,7317
1812,7332
1812,292
1812,1813
1812,10105
1812,317
1812,2774
7317,7332
7317,292
7317,317
7317,1813
7317,2773
7318,7416
7318,2771
7318,9246
7318,2774
7318,7419
7318,836
7318,27429
7318,54205
1813,111
1813,7419
1813,2773
1813,83447
1813,7332
2771,111
2771,2774
2771,7416
2771,7417
2771,292
2771,2773
2771,83447
2773,111
2773,317
2773,83447
2773,7332
2773,293
2773,292
2774,7416
2774,291
2774,135
2774,9246
2774,7419
9246,10105
9246,7419
9246,27429
9246,317
9246,7417
9246,291
291,27429
291,10105
291,293
291,135
291,7419
291,7332
7332,292
7332,293
7332,10105
27429,10105
27429,1813
27429,317
27429,7416
27429,7419
292,83447
292,293
293,10105
293,317
293,836
111,83447
111,7419
111,7416
83447,7419
83447,317
83447,7416
7416,7419
7416,291
7416,292
10105,317
7419,7332
