1026,595
1026,8503
1026,7157
1026,673
1026,51426
1026,5894
1026,5170
1026,5604
1026,10000
1026,1019
3845,238
3845,5293
3845,581
3845,5582
3845,4616
3845,5925
3845,8503
3845,6789
3845,51426
3845,1643
1029,1950
1029,1869
1029,6654
1029,673
1029,5579
1029,5296
1029,5925
1029,6789
1029,1021
1029,5578
5894,1643
5894,369
5894,578
5894,6776
5894,7157
5894,1647
5894,5582
5894,238
5894,1869
5894,5296
2309,5291
2309,6776
2309,5295
2309,2885
2309,1871
2309,5296
2309,207
2309,1019
2309,5894
2309,5336
4616,5582
4616,5296
4616,1643
4616,1647
4616,5293
4616,673
4616,51426
4616,5579
4616,6789
10000,1019
10000,11186
10000,6654
10000,572
10000,1870
10000,3265
10000,5291
10000,5595
10000,3718
10000,2309
2064,1956
2064,1869
2064,7039
2064,572
2064,595
2064,1871
2064,2885
2064,1021
2064,842
2064,5925
4893,7039
4893,581
4893,208
4893,1021
4893,6789
4893,673
4893,572
4893,4616
4893,1869
4893,5582
5925,1869
5925,238
5925,5291
5925,8503
5925,595
5925,3265
5925,27436
5925,1021
27436,2885
27436,1956
27436,5293
27436,1869
27436,595
27436,238
27436,1029
27436,2064
27436,5291
5170,595
5170,6774
5170,5604
5170,1871
5170,2064
5170,6777
5170,6655
5170,842
5170,2885
8503,10912
8503,51426
8503,1021
8503,5290
8503,5293
8503,7157
8503,5291
572,1956
572,842
572,5595
572,11186
572,208
572,6654
572,5336
578,1647
578,83593
578,238
578,3265
578,1643
578,7157
578,5296
578,673
578,5291
2885,595
2885,3265
2885,5291
2885,1956
2885,5925
2885,8503
2885,238
581,6789
581,51426
581,1021
581,5582
581,1019
581,3265
581,4616
581,369
842,5336
842,208
842,7039
842,5290
842,5594
842,10912
842,5595
842,4893
1869,1871
1869,673
1869,7039
1869,1021
1869,1956
1869,369
1870,6777
1870,6774
1870,5291
1870,83593
1870,5293
1870,208
1870,1871
1870,238
1870,3845
1871,207
1871,6776
1871,7039
1871,83593
1871,5925
1871,6774
595,1956
595,8503
595,1869
595,6774
1643,7157
1643,5582
1643,238
1643,369
1643,5293
1643,1647
1647,6789
1647,51426
1647,83593
1647,5296
1647,7157
1647,5582
1647,207
369,5579
369,5335
369,5582
369,5604
369,7157
369,673
369,6655
6774,6777
6774,6776
6774,2064
6774,208
6774,6655
6774,1956
6776,5296
6776,238
6776,5579
6776,369
6776,5291
6776,5335
6777,83593
6777,5295
6777,6789
6777,238
6777,27436
6777,5293
6777,4616
7039,208
7039,1021
7039,6655
7039,581
7039,6776
6789,51426
6789,1021
6789,5296
6789,207
3718,3265
3718,5595
3718,5925
3718,11186
3718,5291
3718,4893
3718,2064
3718,1019
3718,572
83593,5582
83593,6789
83593,238
83593,5296
83593,5293
1950,6654
1950,5296
1950,5594
1950,5578
1950,11186
1950,1021
1950,1019
1950,5290
1950,5595
10912,5290
10912,5335
10912,1956
10912,7157
10912,5336
10912,1869
10912,2064
10912,5578
10912,1029
673,5582
673,5579
673,5578
673,6654
1956,238
1956,6655
1956,5595
5290,1019
5290,5578
5290,5335
5290,5594
5290,5605
5290,5295
5291,238
5291,5293
5291,3265
5293,238
5293,5582
5293,369
5295,1019
5295,207
5295,5336
5295,5605
5295,2885
5295,7157
5295,11186
5296,238
11186,6654
11186,5605
11186,1019
11186,5336
11186,5578
11186,5594
3265,1019
3265,3845
3265,5595
5578,5605
5578,5594
5578,6654
5578,1019
5578,5579
5579,5335
5579,1643
5579,581
5579,578
5582,238
207,5594
207,83593
207,578
207,6776
207,10912
208,2064
208,1871
208,10912
208,2885
5335,5336
5335,7157
5335,1019
5335,1029
5335,1643
5335,5578
5335,1956
5336,1019
5336,7157
5336,1956
5336,5605
5594,5605
5594,6654
5594,6789
5594,1021
5595,6654
5595,1029
5595,5604
5595,1021
5595,5925
5595,6655
51426,1021
51426,5582
51426,4893
51426,5296
5604,6655
5604,5293
5604,1956
5604,4616
5604,5579
5604,5291
5605,6654
5605,1019
5605,207
5605,842
1019,6654
6654,1021
6655,10912
6655,2064
6655,5579
6655,5582
