4741,842
4741,4744
4741,598
4741,317
4741,5600
4741,6300
4741,57679
4741,7124
4741,4217
4741,5603
4744,5535
4744,1616
4744,7133
4744,5533
4744,6300
4744,7124
4744,5600
4744,6647
4744,57679
4747,79139
4747,5630
4747,1616
4747,7133
4747,5535
4747,5533
4747,1432
4747,5534
4747,10452
4747,5600
5879,5534
5879,5608
5879,836
5879,10452
5879,6647
5879,5533
5879,4217
5879,5606
5879,84134
5879,7132
1432,6300
1432,5603
1432,5533
1432,5530
1432,84134
1432,10452
1432,79139
1432,5535
1432,6647
5530,10452
5530,5532
5530,84134
5530,6647
5530,5533
5530,596
5530,5868
5530,79139
5530,5535
6300,7124
6300,5600
6300,5603
6300,7132
6300,581
6300,5530
6300,5868
5532,84134
5532,6647
5532,10452
5532,596
5532,5606
5532,5879
5532,5533
5532,5534
5532,7124
5533,84134
5533,836
5533,6647
5533,5534
5533,10452
5533,5603
5533,79139
5534,836
5534,79139
5534,7133
5534,57679
5534,5630
5534,1616
5534,10452
5534,84134
5535,7133
5535,596
5535,5630
5535,5600
5535,5868
5535,79139
5535,10452
79139,7133
79139,1616
79139,10452
79139,836
79139,5630
79139,596
79139,5600
84134,6647
84134,10452
84134,596
84134,5603
84134,79139
572,317
572,7132
572,57679
572,4217
572,598
572,842
572,5534
572,5606
572,5879
572,836
54205,1616
54205,5606
54205,581
54205,317
54205,5534
54205,5608
54205,598
54205,596
54205,5879
54205,4217
317,598
317,842
317,4217
317,5608
317,5879
317,5534
317,1616
836,7132
836,5608
836,596
836,5606
836,4217
836,10452
581,1616
581,5606
581,57679
581,836
581,7133
581,79139
581,5534
581,6647
842,598
842,4217
842,5603
842,7124
842,7132
842,5608
842,6300
57679,5606
57679,7132
57679,79139
57679,7133
57679,836
1616,7133
1616,5630
1616,5535
1616,596
7124,7132
7124,5600
7124,836
7124,5868
7124,7133
596,6647
596,10452
596,7133
596,5606
598,4217
598,5608
598,4744
598,596
598,7124
10452,5868
10452,6647
7132,4217
7132,5606
7132,4744
7132,5533
7133,5600
7133,5630
7133,836
5600,5868
5600,5630
5603,5630
5603,5868
5603,5600
5603,5535
5606,5608
5606,6647
5606,5868
5606,4217
5608,5868
5608,10452
5608,4217
5608,5534
5608,6647
5868,1432
5868,836
5868,5630
6647,4217
5630,4744
5630,5533
