6303,7018
6303,7157
6303,23657
6303,2495
6303,246
6303,6520
6303,8031
6303,2512
6303,7037
6303,112483
112483,7037
112483,7157
112483,7018
112483,6520
112483,23657
112483,8031
112483,246
112483,2512
112483,2495
23657,7018
23657,6520
23657,7157
23657,246
23657,7037
23657,2512
23657,8031
23657,2495
7018,7037
7018,7157
7018,6520
7018,246
7018,8031
7018,2512
7018,2495
2495,8031
2495,2512
2495,246
2495,7037
2495,7157
2495,6520
2512,8031
2512,246
2512,7157
2512,7037
2512,6520
7157,6520
7157,246
7157,7037
7157,8031
246,6520
246,8031
246,7037
6520,8031
6520,7037
7037,8031
