5269,2767
5269,2778
5269,6318
5269,107
5269,5566
5269,2776
5269,23236
5269,5332
5269,5568
5269,5578
5272,5291
5272,6317
5272,5296
5272,4790
5272,7099
5272,8503
5272,5293
5272,5579
5272,5970
5272,3553
5273,1511
5273,3553
5273,6318
5273,5579
5273,929
5273,7850
5273,5566
5273,7099
5273,2767
5273,5295
5275,6317
5275,1992
5275,5331
5275,3684
5275,7097
5275,5272
5275,3553
5275,9630
5275,5273
5275,2769
9630,2774
9630,5330
9630,5331
9630,8503
9630,5290
9630,6317
9630,5291
9630,5296
9630,1992
929,3554
929,3684
929,4790
929,1511
929,7850
929,3553
929,5568
929,5295
929,5272
7850,5579
7850,1511
7850,3553
7850,3554
7850,3689
7850,8503
7850,3315
7850,5567
5290,8503
5290,5291
5290,3689
5290,7099
5290,5296
5290,23236
5290,5579
5290,5578
5290,5293
5291,8503
5291,5293
5291,5296
5291,3689
5291,6317
5291,5295
5291,5568
6317,5970
6317,4790
6317,3315
6317,3684
6317,7097
6317,5296
6318,2778
6318,2767
6318,1511
6318,107
6318,5566
6318,23236
6318,5578
6318,7850
5293,8503
5293,5296
5293,3689
5293,5970
5293,3553
5293,3684
5293,7097
5295,3554
5295,7099
5295,3689
5295,5290
5295,8503
5295,5272
5295,3684
5296,7097
5296,8503
5296,3689
5296,5331
5296,5970
5296,7099
4790,5970
4790,3315
4790,7099
4790,3553
4790,5296
4790,3689
4790,3554
8503,7099
8503,3689
8503,5970
7097,2769
7097,3315
7097,5331
7097,5330
7097,5579
7097,5970
7097,3689
7099,3689
7099,3315
7099,5579
7099,2769
5566,5568
5566,5567
5566,107
5566,5330
5566,8503
5566,2774
5566,5579
5566,2767
5567,5568
5567,5332
5567,107
5567,5578
5567,5579
5567,5582
5567,5273
5567,2778
5568,5332
5568,8503
5568,5272
5568,2774
5568,7850
5568,5579
23236,2776
23236,5332
23236,5330
23236,1992
23236,1511
23236,5579
23236,9630
23236,7850
1992,5582
1992,5330
1992,3684
1992,5331
1992,6317
1992,2774
1992,1511
5578,5579
5578,107
5578,2769
5578,5332
5578,7850
5578,2776
5578,5566
5578,7099
5579,3689
5579,3315
5579,5296
5579,2774
5582,2774
5582,5331
5582,5579
5582,5330
5582,7850
5582,6317
5582,2769
5582,7097
2767,2778
2767,2776
2767,107
2767,23236
2767,5275
2767,5332
2769,5331
2769,3315
2769,3689
2769,6317
2769,5330
2769,5296
5330,5331
5330,2774
5330,5296
5330,5290
5330,6317
5331,2774
5331,3315
5331,5579
5332,2776
5332,1511
5332,3689
5332,3554
5332,929
5332,5290
5970,3315
5970,3553
5970,7099
2774,7097
2774,5296
2774,5293
2776,3554
2776,1511
2776,7099
2776,5273
2776,2769
2778,107
2778,5578
2778,5566
2778,23236
2778,1992
2778,5332
3553,3554
3553,3684
3553,1511
3553,3689
3554,3684
3554,1511
3554,5272
3684,1511
3684,3689
3684,5273
1511,3689
1511,5579
3689,3315
107,5330
107,23236
107,2774
3315,5296
