6342,9023
6342,6718
6342,570
6342,10998
6342,1581
6342,8309
6342,1593
6342,10858
6342,80270
6342,1582
9420,10005
9420,23600
9420,1593
9420,51302
9420,570
9420,10858
9420,9023
9420,1109
9420,3295
9420,1581
80270,1581
80270,1582
80270,51302
80270,6718
80270,1593
80270,10998
80270,3295
80270,23600
80270,570
1109,51302
1109,23600
1109,1593
1109,9023
1109,10005
1109,10998
1109,8309
1109,1582
1109,6718
10005,570
10005,8309
10005,10998
10005,9023
10005,1593
10005,23600
10005,10858
10005,6342
3295,23600
3295,10858
3295,1593
3295,51302
3295,9023
3295,570
3295,6718
3295,1581
51302,1581
51302,1582
51302,1593
51302,23600
51302,9023
51302,6342
10858,570
10858,9023
10858,23600
10858,6718
10858,1109
10858,8309
1581,1582
1581,1593
1581,6718
1581,10998
1581,570
1582,10998
1582,6718
1582,1593
1582,8309
1582,23600
23600,1593
23600,8309
23600,9023
23600,570
8309,6718
8309,10998
8309,570
8309,1593
8309,9023
8309,3295
10998,6718
10998,1593
10998,23600
1593,9023
1593,6718
570,9023
570,6718
570,1593
6718,9023
