56832,6360
56832,8795
56832,6376
56832,8784
56832,653
56832,3439
56832,729230
56832,8740
56832,7066
56832,3447
146433,7292
146433,3562
146433,10673
146433,10803
146433,3460
146433,2833
146433,27177
146433,6349
146433,3592
146433,90865
3586,8807
3586,4803
3586,8809
3586,3446
3586,7043
3586,3597
3586,1896
3586,3565
3586,56300
3586,3558
246778,9466
246778,3601
246778,3976
246778,3554
246778,4055
246778,4804
246778,653
246778,11009
246778,8794
246778,970
3587,1436
3587,23529
3587,7852
3587,6351
3587,3553
3587,3451
3587,50615
3587,3604
3587,115650
3587,55540
3589,958
3589,943
3589,64109
3589,6846
3589,1489
3589,2920
3589,1435
3589,163702
3589,8740
3589,3953
3588,3448
3588,729230
3588,6346
3588,6348
3588,268
3588,282617
3588,6360
3588,658
3588,50616
3588,3976
3590,3456
3590,60401
3590,2919
3590,2056
3590,1232
3590,3455
3590,3563
3590,8743
3590,8793
3590,653
8200,56300
8200,4352
8200,6368
8200,5196
8200,3567
8200,392255
8200,27177
8200,3592
8200,10344
8200,1271
2056,60401
2056,3567
2056,3449
2056,3456
2056,5617
2056,8200
2056,56300
2056,1524
2056,2689
3592,6368
3592,2833
3592,3952
3592,7040
3592,91
3592,2658
3592,10673
3592,1440
3593,6347
3593,3595
3593,2920
3593,388372
3593,64109
3593,4804
3593,151449
3593,269
3593,3458
3593,132014
3596,269
3596,3624
3596,55540
3596,50604
3596,8771
3596,353500
3596,355
3596,651
3596,3576
3596,656
2057,6354
2057,1442
2057,1235
2057,6364
2057,392255
2057,3569
2057,50615
2057,3977
2057,6360
2057,11009
3594,9966
3594,6367
3594,8797
3594,3595
3594,10913
3594,6364
3594,3441
3594,656
3594,7133
3594,29949
3595,269
3595,58191
3595,3460
3595,6361
3595,7133
3595,149233
3595,8718
3595,1271
3600,94
3600,10803
3600,338376
3600,282616
3600,3460
3600,1438
3600,6372
3600,9573
3600,3625
3600,4050
3597,8771
3597,132014
3597,50604
3597,58985
3597,3624
3597,3579
3597,282617
3597,6359
3597,3452
3598,3556
3598,3442
3598,3455
3598,1442
3598,3976
3598,8793
3598,3577
3598,3559
3598,8797
3598,3579
3603,3440
3603,151449
3603,7850
3603,650
3603,6387
3603,3554
3603,3552
3603,1436
3603,9466
3603,57007
8718,1489
8718,6846
8718,149233
8718,58191
8718,6361
8718,355
8718,3574
8718,6372
8718,7046
3605,8794
3605,268
3605,4352
3605,10803
3605,56300
3605,2829
3605,269
3605,392255
3605,3558
3605,10850
3606,1237
3606,50616
3606,8792
3606,6346
3606,3441
3606,58985
3606,6364
3606,6357
3606,8741
3606,50604
3601,64806
3601,970
3601,3627
3601,6356
3601,8764
3601,56832
3601,8995
3601,3953
3601,653
3604,3563
3604,1441
3604,6369
3604,6387
3604,1436
3604,3449
3604,6355
3604,3455
3604,3552
8740,133396
8740,92
8740,64109
8740,3561
8740,6373
8740,3447
8740,3439
8740,7066
8740,27189
8741,338376
8741,1237
8741,1438
8741,6357
8741,9173
8741,23495
8741,9210
8741,50616
8741,6364
8741,944
8742,4982
8742,386653
8742,2690
8742,1442
8742,3440
8742,56477
8742,3575
8742,29949
8742,659
8742,6359
8743,3456
8743,8793
8743,3455
8743,3566
8743,8794
8743,3442
8743,3577
8743,4803
8743,6346
8743,2919
3624,3976
3624,6346
3624,56300
3624,3444
3624,5618
3624,3594
3624,50604
3624,3977
3625,414062
3625,1440
3625,6355
3625,1436
3625,6387
3625,55540
3625,84639
3625,6366
3625,23529
8744,60401
8744,3575
8744,3454
8744,2919
8744,1524
8744,3560
8744,3440
8744,655
8744,8764
8744,64109
3627,59067
3627,4982
3627,8764
3627,920
3627,970
3627,6352
3627,1232
3627,3575
3627,55801
27179,3977
27179,1896
27179,8792
27179,5473
27179,4838
27179,3581
27179,11009
27179,8764
27179,1235
27179,4049
27178,8809
27178,3454
27178,9180
27178,3565
27178,943
27178,6356
27178,3459
27178,6366
27178,53833
27178,8807
27177,1271
27177,10803
27177,6349
27177,7040
27177,414062
27177,56300
27177,3445
27177,3458
3623,23529
3623,84639
3623,6374
3623,23765
3623,3451
3623,3558
3623,6369
3623,282618
3623,112744
3623,1271
3570,943
3570,3559
3570,944
3570,3554
3570,1235
3570,130399
3570,4352
3570,6349
3570,3581
3570,654
10803,6349
10803,6357
10803,2829
10803,944
10803,91
10803,1235
27189,8795
27189,92
27189,4838
27189,3439
27189,3572
27189,51330
27189,1442
27189,10913
27189,132014
27189,5473
27190,7850
27190,2657
27190,1440
27190,1436
27190,50615
27190,6370
27190,55540
27190,3576
27190,6387
27190,8808
8764,4049
8764,9518
8764,64109
8764,3574
8764,655
8764,133396
8764,9173
8764,11009
1233,920
1233,2688
1233,6361
1233,652
1233,51554
1233,3627
1233,3595
1233,6373
1233,2920
1233,6846
392255,282616
392255,353500
392255,3559
392255,7293
392255,5196
392255,3569
392255,1235
392255,3581
1234,6348
1234,9573
1234,1271
1234,6369
1234,10850
1234,3452
1234,3600
1234,1441
1234,6349
1234,269
8771,50604
8771,9210
8771,6364
8771,6354
8771,3447
8771,58985
8771,3977
8771,8794
3575,8808
3575,10913
3575,6351
3575,655
3575,970
3575,1435
3575,1443
1235,10673
1235,5196
1235,1896
1235,651
1235,4838
1235,3559
1235,6374
1235,6349
3576,6370
3576,55540
3576,10563
3576,8600
3576,1440
3576,3556
3576,3447
3576,8797
53832,939
53832,650
53832,6372
53832,5617
53832,3552
53832,3460
53832,2689
53832,53833
53832,9180
53832,3600
53833,9180
53833,6372
53833,939
53833,652
53833,5617
53833,1437
53833,3627
53833,7048
1236,8807
1236,51561
1236,112744
1236,3562
1236,8809
1236,3565
1236,6366
1236,7133
1236,654
1236,7043
5196,10673
5196,4352
5196,3559
5196,92
5196,1896
5196,3444
5196,56300
5197,7293
5197,3559
5197,58985
5197,3554
5197,6354
5197,50616
5197,1235
5197,8794
5197,392255
5197,7042
3577,8797
3577,8793
3577,7042
3577,2919
3577,3442
3577,3455
3577,1442
3577,5473
8784,10913
8784,8795
8784,3443
8784,60401
8784,64806
8784,8797
8784,3594
8784,6374
8784,6375
1237,6364
1237,8792
1237,9210
1237,3977
1237,50616
1237,58985
1237,3441
1237,1896
3579,3455
3579,5008
3579,388372
3579,1896
3579,8807
3579,2919
3579,3454
3579,3977
8792,9518
8792,959
8792,10913
8792,50616
8792,4049
8792,6364
8792,11009
8793,3455
8793,3456
8793,8797
8793,4803
8793,653
8793,7133
8793,1442
90,3467
90,282618
90,51554
90,3563
90,3552
90,7043
90,59067
90,84639
90,1232
90,268
91,85480
91,1440
91,6356
91,2661
91,8808
91,652
91,27190
91,2833
92,4838
92,51330
92,7293
92,3556
92,11009
92,3581
92,3952
386653,659
386653,4982
386653,6367
386653,29949
386653,4283
386653,2690
386653,282616
386653,10913
386653,1442
93,163702
93,6373
93,7046
93,3563
93,3451
93,6361
93,652
93,2661
93,6846
93,8718
94,1438
94,23495
94,9573
94,939
94,58191
94,6357
94,338376
94,355
94,8741
8795,8797
8795,133396
8795,132014
8795,6376
8795,5473
8795,10913
8795,6360
2657,1440
2657,149233
2657,57007
2657,10563
2657,2660
2657,64109
2657,130399
2657,151449
2657,3603
282618,84639
282618,3451
282618,23529
282618,3467
282618,6369
282618,3449
282618,3563
282618,23765
10850,3467
10850,4804
10850,7043
10850,9180
10850,9573
10850,3552
10850,282617
10850,27177
10850,2920
2660,3458
2660,7066
2660,659
2660,3952
2660,151449
2660,8740
2660,3557
2660,3578
2660,27190
2661,7046
2661,7132
2661,163702
2661,6387
2661,3459
2661,85480
2661,282616
2661,3600
2662,3952
2662,84818
2662,10913
2662,3445
2662,60401
2662,388372
2662,3456
2662,51554
2662,3458
2662,6351
2658,643
2658,2833
2658,9560
2658,1524
2658,56477
2658,3552
2658,414062
2658,659
2658,392255
112744,84639
112744,654
112744,7040
112744,3625
112744,130399
112744,3459
112744,9560
112744,608
10344,3446
10344,7850
10344,130399
10344,50615
10344,84639
10344,6355
10344,163702
10344,23765
10344,1441
10344,1440
8807,3565
8807,6366
8807,3454
8807,51561
8807,149233
8807,8808
8807,5008
8808,8995
8808,943
8808,5473
8808,655
8808,6356
8808,64806
8809,3454
8809,1896
8809,8807
8809,6366
8809,356
8809,3565
8809,6372
58985,6354
58985,29949
58985,7293
58985,282617
58985,50616
58985,6359
58985,50604
58985,282616
64109,943
64109,6347
64109,3953
64109,133396
64109,4838
7292,50616
7292,3562
7292,2829
7292,90865
7292,10673
7292,2833
7292,944
7292,1437
7292,10803
7293,8995
7293,2833
7293,3448
7293,729230
7293,282617
7293,29949
2688,920
2688,4804
2688,6359
2688,958
2688,3557
2688,2690
2688,3627
2688,658
2688,149233
2689,5617
2689,5618
2689,7132
2689,6372
2689,64806
2689,7048
2689,6363
2689,356
2690,6367
2690,9966
2690,29949
2690,6359
2690,3976
2690,9518
2690,8743
643,84818
643,3578
643,6374
643,3448
643,353500
643,268
643,3558
643,6369
643,3556
51330,4838
51330,3581
51330,56832
51330,6359
51330,6347
51330,3572
51330,11009
51330,3976
650,657
650,6348
650,3467
650,1436
650,3460
650,3552
650,282617
650,10850
651,50604
651,6368
651,3441
651,3569
651,6349
651,23495
651,392255
651,4050
652,85480
652,6846
652,84639
652,9180
652,3595
652,3451
653,59067
653,3442
653,7043
653,5473
653,55801
653,4352
654,3560
654,1440
654,3459
654,1439
654,84639
654,3446
654,6368
654,55540
654,943
655,3574
655,1435
655,3572
655,29949
655,8600
655,27189
655,1489
656,6846
656,3595
656,115650
656,8600
656,50615
656,2921
656,7124
656,282616
656,3553
729230,7124
729230,6376
729230,55540
729230,282617
729230,3445
729230,3458
729230,6375
657,920
657,3460
657,3557
657,6361
657,1233
657,53832
657,2688
657,2833
657,3467
658,1443
658,4283
658,3976
658,3574
658,4804
658,246778
658,10913
658,50616
659,4982
659,59067
659,6351
659,55801
659,2833
659,3553
56477,3552
56477,3452
56477,6359
56477,3569
56477,51554
56477,6348
56477,3559
56477,3554
84639,3449
84639,3451
84639,3467
84639,7040
10913,9518
10913,1443
10913,959
10913,1489
10913,6376
10913,11009
27302,6355
27302,57007
27302,6387
27302,414062
27302,6368
27302,7132
27302,6349
27302,10563
27302,3451
27302,7046
7850,10563
7850,50615
7850,163702
7850,1440
7850,1436
7850,1230
7850,6366
7852,23529
7852,1270
7852,7124
7852,3578
7852,84639
7852,6387
7852,50615
7852,3449
7852,55540
55801,59067
55801,7066
55801,958
55801,6360
55801,133396
55801,6376
55801,56832
57007,1440
57007,85480
57007,3451
57007,6387
57007,23529
57007,84639
57007,6355
59067,3467
59067,920
59067,7066
59067,6351
59067,1437
4283,1443
4283,7042
4283,3976
4283,3574
4283,29949
4283,55801
4283,4982
4283,282616
6846,6361
6846,9180
6846,163702
6846,51561
6846,6366
6846,7132
4803,3442
4803,50604
4803,970
4803,3601
4803,56832
4803,3561
4803,3560
4804,149233
4804,3574
4804,1435
4804,3561
4804,3467
6346,8794
6346,50616
6346,10663
6346,3594
6346,3444
6346,5618
6347,26525
6347,3574
6347,3460
6347,3572
6347,27189
6347,6367
6347,151449
6348,3440
6348,3552
6348,1271
6348,6369
6348,2658
6348,3448
6349,3460
6349,3953
6349,6372
6349,130399
6349,23495
6349,6370
6349,50604
1230,6352
1230,6358
1230,4982
1230,3440
1230,9466
1230,3627
1230,1232
1230,3552
1230,3554
6351,3553
6351,85480
6351,7066
6351,1436
6351,50615
6351,6361
6352,4982
6352,3554
6352,3552
6352,6358
6352,1232
6352,8764
6352,6359
6352,59067
1232,3560
1232,1524
1232,2826
1232,6373
1232,3563
1232,6358
1232,8793
6354,50616
6354,3977
6354,3569
6354,6364
6354,3447
6354,3556
6355,3451
6355,3446
6355,3568
6355,23765
6355,1441
6355,3567
6356,3627
6356,9180
6356,64806
6356,1437
6356,3560
6356,3565
6357,5618
6357,9573
6357,27177
6357,3441
6357,10663
6357,2829
6357,5617
6358,353500
6358,3563
6358,3562
6358,8995
6358,3554
6358,3560
6358,3459
6359,1435
6359,3440
6359,246778
6359,26525
6359,958
6360,7066
6360,6367
6360,958
6360,29949
6360,268
6360,133396
6361,1489
6361,7046
6361,6373
6361,3952
6361,3552
8794,3976
8794,50616
8794,5008
8794,11009
6363,51554
6363,655
6363,3452
6363,3600
6363,1270
6363,64806
6363,5008
6363,246778
6363,56832
6364,3977
6364,9210
6364,11009
353500,130399
353500,1440
353500,6370
353500,3569
353500,10344
353500,50615
353500,4050
6366,163702
6366,355
6366,1436
6366,84639
6366,55540
6367,9966
6367,8797
6367,3574
6367,3577
6367,59067
6368,1440
6368,3952
6368,130399
6368,1441
6368,353500
6369,6374
6369,282617
6369,3569
6369,1441
6369,3448
6370,6387
6370,55540
6370,3569
6370,3581
6370,8995
6370,29949
6372,356
6372,9180
6372,7132
6372,3459
6372,5617
6372,939
6373,2826
6373,3563
6373,920
6373,59067
6373,6846
6374,56300
6374,3439
6374,3569
6374,7124
6374,3578
6374,130399
6375,7066
6375,6376
6375,64806
6375,7124
6375,2833
6375,6361
6375,3460
6375,6351
6375,8995
6376,7066
6376,958
6376,6360
6376,658
4838,3439
4838,3581
4838,3442
4838,8740
4838,3556
8797,1442
8797,3442
8797,3556
8797,3455
9966,29949
9966,5008
9966,10913
9966,959
9966,9518
9966,1443
9966,50616
90865,959
90865,269
90865,50616
90865,8741
90865,3594
90865,268
90865,2829
90865,3443
149233,58191
149233,1435
149233,3557
149233,958
6387,1440
6387,1441
6387,1436
55540,7124
55540,1441
55540,1440
55540,282617
1270,3460
1270,2833
1270,3952
1270,6361
1270,5473
1270,57007
1270,1489
1270,7133
1271,3458
1271,7040
1271,269
1271,9573
1271,51554
9466,3554
9466,8995
9466,3601
9466,3953
9466,4055
9466,3552
9466,6358
29949,4982
29949,282616
29949,3976
29949,282617
29949,3448
4352,3559
4352,64806
4352,56300
4352,3439
4352,3456
4352,4838
11009,9518
11009,50616
11009,3447
11009,133396
11009,3439
9210,1896
9210,50604
9210,58985
9210,2829
9210,355
9210,6366
2826,3448
2826,7066
2826,3563
2826,6369
2826,10344
2826,3569
2826,6352
2826,59067
268,2829
268,3558
268,9560
268,55801
268,3448
269,3458
269,3445
269,132014
269,51554
269,10663
2829,146433
2829,50616
2829,8741
2829,3562
23765,3451
23765,3446
23765,1439
23765,84639
23765,654
23765,6387
2833,9560
2833,282616
2833,10673
388372,64806
388372,282617
388372,3456
388372,3455
388372,51554
388372,64109
388372,653
388372,84818
133396,3439
133396,1235
133396,27189
60401,2919
60401,3567
60401,5473
60401,3449
60401,3456
8995,10803
8995,246778
8995,729230
64806,1437
64806,7040
64806,7043
64806,653
9518,50616
9518,8742
9518,133396
9518,959
10563,3569
10563,1440
10563,3581
10563,3460
10563,26525
10563,6349
10563,151449
58191,9573
58191,115650
58191,608
58191,7048
58191,53833
58191,7132
84818,9560
84818,3445
84818,3952
84818,269
84818,3578
84818,414062
84818,282618
9560,1437
9560,50615
9560,51554
9560,85480
9560,3445
9560,7040
130399,1440
130399,3559
130399,3561
130399,3560
5473,2919
5473,7133
5473,8793
51554,7040
51554,3445
51554,3456
51554,3552
51554,7043
355,1438
355,23495
355,7132
355,7046
355,608
355,4050
356,9173
356,1896
356,970
356,3459
356,2921
356,51561
356,944
356,3566
9573,1438
9573,4050
9573,163702
9573,7132
2919,3455
2919,3456
2919,8797
2919,3454
1896,944
1896,50604
1896,9173
51561,3565
51561,9180
51561,3560
51561,6366
51561,149233
51561,5008
2920,7043
2920,3467
2920,1435
2920,53833
2920,958
2920,4804
2921,115650
2921,7048
2921,3594
2921,1896
2921,10673
2921,3444
2921,7133
2921,1489
414062,7040
414062,3451
414062,3567
414062,3445
414062,1441
414062,6372
3439,3556
3439,3559
3439,3442
3440,7066
3440,392255
3440,59067
3440,653
3440,133396
3441,3444
3441,3443
3441,10663
3441,3557
3441,1235
3442,3559
3442,3455
3443,729230
3443,269
3443,1235
3443,3606
3443,1237
3443,50616
3443,2829
3443,3595
3444,5618
3444,132014
3444,1235
3444,3594
3444,10663
3445,7124
3445,3458
3445,3578
3446,3565
3446,3563
3446,3454
3446,3625
3446,8807
3447,3953
3447,3569
3447,3556
3447,50616
3448,282617
3448,3578
3448,6373
3449,3567
3449,3563
3449,6387
3449,3605
3953,3562
3953,3554
3953,3565
3953,7043
3953,943
3953,959
3451,23529
3451,1441
3452,132014
3452,5617
3452,7043
3452,3455
3452,10663
3452,6360
3452,6359
163702,1439
163702,1438
163702,6361
4982,282616
4982,655
4982,6359
3454,3565
3454,3553
3454,3568
7040,85480
7040,3467
3456,3455
3456,3566
7042,1442
7042,338376
7042,3976
7042,1443
7042,246778
7042,5008
7042,8600
7043,3467
7043,59067
3458,7124
3458,3578
3458,3952
3458,3595
3455,1442
3459,1438
3459,1439
3459,1896
3459,6387
3460,282617
3976,1442
7046,7048
7046,4050
7046,7132
7046,9573
7046,94
7048,115650
7048,94
7048,27178
7048,282616
7048,10663
7048,53832
3467,10344
3977,3581
3977,51330
3977,3598
3581,3561
3581,151449
3581,3556
3581,3569
5008,1442
5008,3455
5008,29949
5008,246778
5008,3598
8600,958
8600,1435
8600,282617
8600,8771
8600,3447
8600,3579
151449,3572
151449,1441
151449,7066
151449,26525
151449,6370
1435,3574
1435,958
1435,1489
920,3595
920,10220
920,1437
920,6361
1437,3566
1437,3560
1437,3627
1437,90
26525,3574
26525,3460
26525,3557
26525,1443
26525,3572
26525,4804
1436,50615
1436,55540
1438,23495
1438,608
1438,4050
1443,282617
1443,3976
1443,6376
1439,3560
1439,1438
1439,3562
1439,6366
1439,3568
1439,10803
1441,3625
10663,53833
10663,2921
10663,939
939,9180
939,9573
939,5618
939,3460
939,1443
939,7292
50604,1235
3952,3557
3952,3595
132014,959
132014,1442
132014,651
943,9173
943,1440
943,944
944,9173
944,10673
944,8808
944,3562
10673,1440
10673,6368
10673,3952
50615,282616
50615,7133
50615,3553
50615,1440
958,3460
958,282617
959,3594
959,268
959,1237
115650,3568
115650,7132
115650,1489
115650,651
115650,3446
23495,608
23495,4050
23495,3600
23495,50604
338376,9173
338376,9573
338376,355
338376,1438
338376,4049
338376,50604
970,3566
970,3565
970,9180
970,7043
4049,3574
4049,3601
4049,246778
4049,9173
4049,1896
4049,1237
4049,9518
4049,7042
4050,282616
4050,7132
4050,3460
4050,3569
1489,3574
1489,29949
1489,8740
1489,6846
7124,1441
7124,3594
7124,3578
9173,3560
9173,1438
4055,4838
4055,6359
4055,3976
4055,3554
4055,10220
4055,10850
4055,6348
4055,51330
9180,3627
7133,2057
7133,353500
7133,6360
3552,3563
3552,1524
3553,85480
3553,3627
3553,4982
3553,1232
3554,282617
3554,3559
3556,3578
3556,3569
3556,3561
3556,8795
3557,3561
3557,3458
3557,6373
3557,6347
3557,3460
3558,3559
3558,56300
3558,3562
3558,3447
3558,90
85480,23529
85480,3568
85480,3451
23529,3578
23529,84639
3562,3566
3562,8807
3560,3568
3560,6846
56300,3567
3565,3627
10220,2688
10220,53833
10220,8764
10220,92
10220,10913
10220,59067
10220,3593
10220,8740
3567,5617
3567,3451
3567,23765
3561,11009
3561,6373
3561,8995
5617,5618
5617,3600
5617,7132
608,7132
608,3568
608,654
608,943
608,94
608,9173
3566,3565
3566,6358
3566,1439
3566,6356
3574,3572
3568,3595
3568,3451
3568,7132
3568,3567
282616,6361
3578,84639
5618,4352
5618,8794
5618,246778
3572,8795
3572,7066
3572,4804
1524,8793
1524,729230
1524,392255
1524,3590
1524,6361
1524,3952
