262,4128
262,6611
262,112849
262,112817
262,224
262,8974
262,4953
262,283208
262,4942
262,1158
8974,4942
8974,1159
8974,102724788
8974,1152
8974,4128
8974,383
8974,26
8974,65263
8974,5625
26,102724788
26,217
26,383
26,112483
26,65263
26,58510
26,4942
26,219
26,112849
4128,383
4128,4953
4128,1152
4128,55748
4128,102724788
4128,8659
4128,1159
4128,5033
4129,79814
4129,1610
4129,5033
4129,6611
4129,4953
4129,1152
4129,5832
4129,501
4129,283208
4129,6723
2593,1159
2593,1158
2593,1152
2593,5033
2593,548596
2593,79814
2593,6611
2593,112483
2593,102724788
2593,224
113451,384
113451,1160
113451,84735
113451,5033
113451,4953
113451,4942
113451,219
113451,383
113451,5625
113451,1152
6723,1610
6723,5831
6723,51056
6723,2628
6723,501
6723,223
6723,224
6723,217
6723,79814
6723,4846
2628,384
2628,223
2628,4953
2628,57571
2628,4846
2628,5033
2628,51056
2628,501
2628,5831
283208,548596
283208,1610
283208,79814
283208,58510
283208,224
283208,102724788
283208,112483
283208,8974
1610,501
1610,51056
1610,54498
1610,112849
1610,1152
1610,223
1610,79814
4942,5625
4942,383
4942,384
4942,102724788
4942,29920
4942,4953
4942,112849
4953,84735
4953,384
4953,5033
4953,1152
4953,4842
112483,6611
112483,58510
112483,102724788
112483,65263
112483,6303
112483,5832
112483,1159
112483,1158
51056,223
51056,5831
51056,217
51056,501
51056,54498
51056,2806
51056,57571
383,1152
383,102724788
383,2806
383,6303
383,4953
384,84735
384,57571
384,219
384,5033
384,1160
384,1152
1152,79814
1152,5033
1152,1159
1152,4842
1152,1158
1158,548596
1158,1159
1158,4843
1158,6303
1158,6611
1158,65263
1158,8974
1159,6303
1159,8659
1159,4843
1159,548596
1159,55748
1159,65263
1160,219
1160,84735
1160,4953
1160,112817
1160,5033
1160,224
1160,8974
1160,262
58510,65263
58510,102724788
58510,4843
58510,6611
58510,55748
58510,8974
58510,29920
6303,112817
6303,6611
6303,548596
6303,1152
6303,8974
6303,102724788
6303,2593
5033,112817
5033,4842
5033,5832
5033,84735
112817,219
112817,5832
112817,84735
112817,6611
112817,4953
112817,112483
102724788,6611
102724788,55748
55748,8659
55748,4843
55748,2806
55748,4846
55748,5832
55748,5831
79814,548596
79814,2628
79814,4953
79814,383
5831,29920
5831,57571
5831,217
5831,2805
5831,112849
5831,2806
5831,223
5832,65263
5832,219
5832,112849
5832,8974
5832,58510
112849,29920
112849,2805
112849,54498
112849,2806
112849,8659
112849,8974
6611,548596
8659,2805
8659,2806
8659,4846
8659,4843
8659,65263
8659,262
8659,5831
217,501
217,224
217,223
217,102724788
217,2806
217,219
219,84735
219,224
219,4953
219,112483
223,2805
223,501
223,2806
223,5832
224,5831
224,8974
224,84735
224,102724788
29920,5625
29920,65263
29920,4846
29920,2805
29920,4843
29920,54498
54498,2806
54498,4846
54498,548596
54498,223
54498,55748
54498,283208
57571,4842
57571,2805
57571,84735
57571,4846
57571,5625
57571,4953
4842,5625
4842,4846
4842,4843
4842,1158
4842,2805
4842,548596
4843,65263
4843,5625
4843,2806
4846,2806
4846,2805
4846,5831
548596,262
548596,5625
501,5832
501,283208
501,4846
2805,2806
2805,51056
5625,5033
5625,112849
5625,1152
84735,2628
