114112,10587
114112,22928
114112,1491
114112,51540
114112,4141
114112,7296
114112,22929
114112,51091
114112,883
114112,4548
7296,51091
7296,51540
7296,92935
7296,56267
7296,22929
7296,22928
7296,4548
7296,118672
7296,10587
4548,1491
4548,4141
4548,22929
4548,92935
4548,883
4548,51540
4548,10587
4548,22928
92935,56267
92935,118672
92935,51091
92935,883
92935,1491
92935,10587
92935,51540
92935,4141
56267,118672
56267,51091
56267,22928
56267,51540
56267,114112
56267,10587
56267,883
56267,4548
22928,10587
22928,22929
22928,51091
22928,883
22928,51540
22928,1491
22928,4141
22929,51540
22929,883
22929,10587
22929,1491
22929,4141
22929,51091
118672,51091
118672,883
118672,22928
118672,10587
118672,51540
118672,4141
118672,114112
51091,51540
51091,883
51091,10587
1491,10587
1491,4141
1491,51540
1491,883
1491,7296
51540,10587
51540,883
51540,4141
10587,4141
10587,883
4141,883
4141,7296
