7298,1719
7298,6472
7298,123263
7298,4522
7298,471
7298,4524
7298,100528021
7298,2618
7298,441024
7298,10797
275,25902
275,4522
275,471
275,200895
275,123263
275,2618
275,6472
275,160428
275,7298
275,1719
100528021,441024
100528021,4522
100528021,10797
100528021,1719
100528021,6470
100528021,10840
100528021,471
100528021,10588
100528021,123263
4522,471
4522,25902
4522,10588
4522,10797
4522,1719
4522,2618
4522,6470
4524,123263
4524,6472
4524,1719
4524,2618
4524,160428
4524,100528021
4524,471
4524,4548
4524,4522
10797,6470
10797,200895
10797,10588
10797,25902
10797,10840
10797,471
10797,2618
160428,10840
160428,123263
160428,10841
160428,25902
160428,6472
160428,200895
160428,6470
160428,4548
25902,200895
25902,10840
25902,471
25902,6470
25902,10588
25902,10841
25902,7298
1719,123263
1719,6472
1719,10840
1719,2618
1719,441024
1719,471
2618,471
2618,123263
2618,6472
2618,6470
2618,441024
200895,6470
200895,10588
200895,10840
200895,10841
200895,471
200895,2618
441024,10840
441024,6472
441024,471
441024,123263
441024,10841
441024,4548
4548,275
4548,10588
4548,6472
4548,2618
4548,123263
4548,100528021
4548,7298
6470,471
6470,10841
6470,275
6472,123263
6472,471
471,123263
471,10840
10840,10841
10840,123263
10840,10588
10841,10797
10841,100528021
10841,7298
10841,123263
10588,275
10588,2618
10588,6470
