134,5568
134,4852
134,207
134,2773
134,154
134,5291
134,2771
134,208
134,5592
134,51099
11145,115
11145,112
11145,7253
11145,2770
11145,111
11145,57104
11145,5567
11145,113
11145,2771
11145,109
57104,155
57104,115
57104,3667
57104,207
57104,5593
57104,10000
57104,154
57104,111
57104,8471
10000,114
10000,5593
10000,154
10000,3667
10000,8660
10000,5567
10000,207
10000,155
10000,3630
196883,5346
196883,2770
196883,2771
196883,109
196883,5293
196883,112
196883,5568
196883,113
196883,108
196883,3991
5140,4886
5140,8503
5140,5291
5140,2773
5140,5290
5140,5733
5140,7252
5140,5293
5140,5566
5140,114
4886,2773
4886,5296
4886,5290
4886,5291
4886,111
4886,7252
4886,108
4886,8503
4886,4852
8471,5296
8471,8503
8471,207
8471,114
8471,5291
8471,5567
8471,4852
8471,5566
8471,2773
8471,155
3991,51099
3991,107
3991,5568
3991,108
3991,5592
3991,3643
3991,5346
3991,5293
3991,1081
3991,109
153,2773
153,5567
153,5296
153,114
153,5566
153,5568
153,154
153,5592
153,3667
153,8471
154,114
154,4852
154,207
154,115
154,155
154,112
155,115
155,5566
155,111
155,8660
155,207
155,7252
155,3667
155,114
51099,1081
51099,5291
51099,111
51099,5568
51099,108
51099,8471
51099,5296
51099,113
5290,1081
5290,8503
5290,113
5290,4852
5290,5295
5290,108
5290,7252
5290,111
5291,207
5291,4852
5291,5296
5291,114
5291,5568
5293,5592
5293,2778
5293,5296
5293,5346
5293,5568
5293,153
5293,2771
3630,208
3630,113
3630,207
3630,7252
3630,8503
3630,4852
3630,115
3630,5593
3630,2771
5295,3643
5295,8503
5295,4886
5295,5592
5295,51099
5295,8471
5295,2773
5295,1081
5295,153
5296,8503
5296,5567
5296,2773
5296,114
5296,111
8503,207
8503,5567
8503,5593
8503,2773
8503,208
1081,108
1081,4852
1081,113
1081,3643
1081,111
1081,115
1081,109
3643,8660
3643,5593
3643,5733
3643,3667
3643,5567
3643,107
3643,108
5566,8660
5566,3667
5566,114
5566,7252
5566,2773
5566,207
5567,3667
5567,2773
5567,5593
5567,5568
5567,207
5568,5346
5568,207
5568,5592
5568,4852
207,114
207,4852
207,115
208,5733
208,8660
208,107
208,7252
208,5593
208,2771
208,5592
2770,2771
2770,5346
2770,112
2770,109
2770,5568
2770,3991
2770,113
2770,111
2771,113
2771,5346
2771,2778
2771,109
2771,107
2771,112
2771,5568
3667,5593
3667,8660
3667,8471
3667,114
3667,8503
2773,114
8660,5593
8660,2773
8660,5567
8660,7252
7253,2778
7253,113
7253,109
7253,5733
7253,107
7253,2771
7253,7252
7253,1081
7253,5290
5592,5346
5592,2778
5592,8503
5593,207
5593,155
2778,107
2778,109
2778,5733
2778,3991
2778,113
2778,208
7252,4852
7252,112
7252,207
7252,109
5346,134
5346,11145
5346,51099
5733,107
5733,109
5733,2773
5733,7252
5733,2771
107,109
107,108
107,113
107,4852
108,111
108,109
108,4852
108,113
108,115
108,112
109,111
109,112
109,115
109,113
111,115
111,112
111,114
112,115
112,113
112,4852
113,4852
