8704,79369
8704,8708
8704,6489
8704,2526
8704,10690
8704,84002
8704,28
8704,2527
8704,6484
8704,2525
8706,2683
8706,8707
8706,6487
8706,28
8706,6484
8706,10331
8706,8708
8706,2528
8706,2529
8706,8703
8707,10331
8707,2528
8707,6487
8707,8708
8707,10678
8707,8703
8707,28
8707,2529
8707,2683
8708,2526
8708,2525
8708,6487
8708,79369
8708,6484
8708,10678
8708,2528
79369,6487
79369,6484
79369,2528
79369,2525
79369,28
79369,2529
79369,2527
79369,84002
28,2683
28,6484
28,8703
28,2529
28,2528
28,10402
28,2525
28,2651
10402,10317
10402,6489
10402,8703
10402,10331
10402,10690
10402,2523
10402,2525
10402,53947
10402,10678
84002,2527
84002,2526
84002,10690
84002,2524
84002,8708
84002,6489
84002,2523
84002,53947
10678,53947
10678,2528
10678,2651
10678,6487
10678,2527
10678,2683
10678,2526
10678,2524
53947,2651
53947,2523
53947,2527
53947,8702
53947,2526
53947,10317
53947,2524
10690,6489
10690,10331
10690,10317
10690,2524
10690,2527
10690,2523
10690,2525
10317,10331
10317,2523
10317,2524
10317,2651
10317,2683
10317,2527
10317,8703
6484,2525
6484,8703
6484,2529
6484,6487
6484,8707
6487,2528
6487,2529
6487,2526
6487,2683
6489,2525
6489,10331
6489,2529
6489,2524
6489,2526
6489,28
10331,2524
10331,2683
10331,2523
10331,8703
2524,2683
2524,2523
2524,2526
2524,2651
2651,2523
2651,2527
2651,2528
2651,8703
2651,2526
2523,8703
2523,2529
2523,8706
2525,2529
2525,8702
2525,8703
2525,8707
2525,2526
2528,2529
2528,2683
2529,8703
2529,8702
2526,2527
2526,8707
2526,8702
2527,10331
2683,8708
8702,8703
8702,10678
8702,8708
8702,2651
8702,2523
8702,10402
