7108,8435
7108,10682
7108,6309
7108,6646
7108,3988
7108,120227
7108,6307
7108,50814
7108,51478
7108,1717
1591,50814
1591,6307
1591,2222
1591,1594
1591,6713
1591,120227
1591,4047
1591,3988
1591,1056
1591,1717
4047,6713
4047,51478
4047,1595
4047,2222
4047,1718
4047,1717
4047,50814
4047,3988
4047,6307
3988,6309
3988,10682
3988,1595
3988,51478
3988,6307
3988,1717
3988,6646
3988,120227
3988,8435
51478,1718
51478,1595
51478,6307
51478,6713
51478,50814
51478,1717
51478,10682
51478,2222
1056,6646
1056,50814
1056,8435
1056,2222
1056,3988
1056,1718
1056,120227
1056,6307
1056,6713
120227,1717
120227,1594
120227,10682
120227,6309
120227,6646
120227,1718
120227,51478
6307,1595
6307,50814
6307,10682
6307,2222
6307,6713
6307,6646
6307,1718
6309,10682
6309,8435
6309,1717
6309,6646
6309,1594
6309,1591
6309,6307
2222,6713
2222,1595
2222,50814
2222,8435
2222,1718
10682,8435
10682,6646
10682,1717
10682,1718
8435,6646
8435,50814
8435,1594
8435,6307
1717,1594
1717,1718
1717,8435
1718,1595
1718,3988
1718,6713
1718,6646
6646,50814
6646,1591
6713,50814
6713,1595
6713,3988
1594,3988
1594,1056
1594,2222
1594,4047
1594,7108
1595,50814
1595,1591
1595,8435
