4609,7474
4609,8313
4609,1019
4609,4041
4609,369
4609,4853
4609,8323
4609,7483
4609,10000
4609,8321
1026,8322
1026,2324
1026,6654
1026,53358
1026,7483
1026,4040
1026,7481
1026,89780
1026,7479
1026,7855
4616,7157
4616,8324
4616,1647
4616,1643
4616,581
4616,2247
4616,89780
4616,2535
4616,2250
4616,6932
2064,1956
2064,2255
2064,2250
2064,5894
2064,8324
2064,7478
2064,4854
2064,2885
2064,10023
2064,3815
2099,2251
2099,8323
2099,5595
2099,23401
2099,4791
2099,3845
2099,1871
2099,1021
2099,5925
2099,10912
2100,4855
2100,26281
2100,673
2100,7478
2100,7475
2100,26291
2100,6654
2100,7480
2100,3280
2100,2248
6198,1856
6198,51384
6198,8321
6198,7476
6198,388585
6198,7475
6198,23462
6198,54567
6198,207
6198,25759
6199,3845
6199,6934
6199,7476
6199,5295
6199,5894
6199,4791
6199,51176
6199,51384
6199,25759
6199,5925
10297,3265
10297,8312
10297,51384
10297,2249
10297,10000
10297,4041
10297,7483
10297,23493
10297,388585
10297,3480
578,6932
578,7157
578,2932
578,2253
578,1647
578,27006
578,8074
578,8823
578,2475
578,7471
581,8323
581,7157
581,89780
581,4791
581,2475
581,1647
581,10000
581,5894
581,4853
595,8312
595,83439
595,26281
595,26291
595,1870
595,2253
595,4791
595,3265
595,369
595,8321
54361,3815
54361,2255
54361,9965
54361,2260
54361,1950
54361,5296
54361,7482
54361,8503
54361,5290
54361,5925
1643,23462
1643,2247
1643,8324
1643,1647
1643,7157
1643,54567
1643,1870
1643,399694
1643,10912
53358,8322
53358,2535
53358,122011
53358,3480
53358,2250
53358,89780
53358,7481
53358,2246
53358,6654
1647,7157
1647,4893
1647,2247
1647,2475
1647,4853
1647,6932
1647,7484
8817,182
8817,25759
8817,1452
8817,28514
8817,5241
8817,7471
8817,7474
8817,81029
8817,1019
8817,51384
8822,3280
8822,182
8822,369
8822,6654
8822,10023
8822,1499
8822,7483
8822,1855
8822,9965
8822,5293
8823,673
8823,51176
8823,1499
8823,1021
8823,1870
8823,27006
8823,4893
8823,2253
8823,1871
8312,83439
8312,8313
8312,1855
8312,3714
8312,8823
8312,8323
8312,7483
8312,369
8313,1857
8313,1019
8313,7855
8313,7483
8313,369
8313,7471
8313,7474
8313,8321
5241,122011
5241,51176
5241,7471
5241,6934
5241,2246
5241,8503
5241,2324
5241,182
5241,11211
8321,7855
8321,26281
8321,4853
8321,4855
8321,4854
8321,2247
8321,369
8321,8326
8321,8323
3714,4851
3714,2254
3714,7472
3714,26281
3714,1452
3714,8323
3714,4041
3714,7483
3714,26508
8322,7481
8322,26281
8322,89780
8322,7855
8322,2535
8322,83439
8322,6654
8322,8074
8323,4851
8323,10000
8323,4853
8323,1869
8323,11211
8323,4791
8323,4041
8324,2247
8324,8326
8324,7474
8324,54567
8324,2475
8324,1647
8324,7478
8325,7976
8325,4040
8325,6464
8325,10683
8325,89780
8325,4851
8325,5605
8325,26508
8325,28514
8325,25759
8326,2247
8326,25759
8326,4853
8326,7472
8326,7474
8326,1452
8326,2252
8326,11211
81029,1856
81029,208
81029,8600
81029,182
81029,122011
81029,28514
81029,6655
81029,10297
81029,2535
122011,5894
122011,2324
122011,28514
122011,2260
122011,2064
122011,2255
122011,2252
25759,388585
25759,7476
25759,2247
25759,5295
25759,207
25759,3845
25759,1452
10912,23401
10912,1499
10912,4893
10912,7157
10912,8074
10912,26291
10912,1647
10912,4791
10912,2253
673,27006
673,4855
673,8074
673,51176
673,324
673,6934
673,7478
673,4893
26281,83439
26281,369
26281,4854
26281,7478
26281,6654
26281,7855
5290,5296
5290,1956
5290,5595
5290,2260
5290,2885
5290,2247
5290,6932
5290,3479
5290,2064
5291,2249
5291,23493
5291,208
5291,10683
5291,388585
5291,9965
5291,182
5291,7473
5291,207
5291,2324
5293,2260
5293,1956
5293,10023
5293,28514
5293,208
5293,8817
5293,23462
5293,2247
5293,7483
7855,7478
7855,4854
7855,83439
7855,369
7855,26508
7855,7483
5295,3845
5295,5595
5295,51384
5295,1956
5295,5290
5295,1856
5295,3479
5295,2247
5296,3815
5296,2885
5296,1956
5296,2255
5296,7482
5296,5595
5296,2260
5296,5894
26291,3280
26291,6654
26291,2252
26291,4791
26291,83439
26291,1871
26291,1855
89780,51426
89780,5605
89780,2535
89780,7157
89780,8600
89780,2253
89780,1869
182,1452
182,7471
182,26508
182,9965
182,2254
182,208
182,7473
4791,5605
4791,2253
4791,5894
4791,3845
51384,2252
51384,388585
51384,2260
51384,2100
51384,8321
3265,1870
3265,10000
3265,23462
3265,8074
3265,1856
3265,6198
3265,4791
3265,8823
2246,6655
2246,2250
2246,6464
2246,182
2246,28514
2246,7476
2246,7481
2246,7475
2247,23462
2247,1870
2247,4893
2247,1021
2248,7473
2248,3280
2248,207
2248,23493
2248,26281
2248,6654
2248,83439
2248,7475
2248,7479
2249,23493
2249,26508
2249,182
2249,7855
2249,7481
2249,2324
2249,7483
2249,10683
2250,6464
2250,5894
2250,51426
2250,8324
2250,2255
2250,89780
2251,23401
2251,1871
2251,1021
2251,5925
2251,3815
2251,5604
2251,2252
2251,1499
2251,9965
2252,3280
2252,7976
2252,9965
2252,7480
2252,1871
2252,2100
2253,5605
2253,6932
2253,324
2253,3479
2253,3845
2253,7157
2253,2099
2254,1452
2254,4851
2254,7480
2254,7472
2254,26508
2254,1857
2254,51176
2254,4855
2254,2932
207,388585
207,5925
207,7976
207,5595
207,8326
207,2535
207,7476
208,10683
208,7473
208,5594
208,6464
208,8321
208,7483
2255,3815
2255,9965
2255,5894
2255,1956
2255,8503
2255,7157
3280,6654
3280,1499
3280,1950
3280,23401
3280,1855
2260,3479
2260,23401
2260,1956
2260,1950
2260,80326
51426,5894
51426,2885
51426,1869
51426,1956
51426,7157
51426,578
51426,581
51426,6934
3815,5925
3815,80326
3815,1950
3815,11211
3815,7482
3815,1021
9965,7484
9965,10683
9965,3480
9965,80326
9965,7976
9965,3815
4851,10683
4851,4855
4851,1869
4851,11211
4851,2324
4851,8503
4851,1452
4853,5605
4853,2475
4853,8324
4853,5894
4853,2064
4854,7480
4854,7478
4854,6654
4854,2254
4854,2100
4854,83439
4855,7472
4855,51176
4855,8503
4855,26281
4855,7478
3845,5595
3845,1856
3845,5894
3845,4893
5894,2885
5894,1856
5894,5605
10000,2475
10000,4041
10000,3480
10000,7484
10000,26291
10000,4791
6932,5605
6932,7482
6932,1950
6932,1871
6932,399694
6932,5925
6932,2535
2324,6464
2324,7481
2324,5594
2324,7479
2324,1019
2324,2064
6934,1869
6934,578
6934,7483
6934,5604
6934,7482
6934,4040
4893,5595
4893,7157
4893,1870
4893,8074
4893,27006
5925,1871
5925,1950
5925,1021
5925,7482
54567,2932
54567,399694
54567,23462
54567,1647
54567,4853
54567,9965
54567,2247
10023,1956
10023,2885
10023,80326
10023,23462
10023,399694
10023,1499
10023,6654
7976,2535
7976,7473
7976,10683
7976,4040
7976,7483
7976,182
7471,26508
7471,1452
7471,27006
7471,4040
7471,7477
7472,8503
7472,5594
7472,1021
7472,26281
7472,8324
7472,673
7473,7483
7473,26281
7473,1857
7473,1855
7473,2535
7474,8503
7474,11211
7474,7483
7474,2247
7474,7472
7475,399694
7475,8321
7475,1950
7475,369
7475,3479
7475,2475
7475,3280
7475,7478
7476,1019
7476,388585
7476,5925
7476,182
7476,5594
7476,51384
7477,7479
7477,8074
7477,26508
7477,2254
7477,1857
7477,324
7477,673
7477,4851
7477,578
7478,8074
7478,6654
7478,369
7478,1857
7478,6464
7479,1857
7479,83439
7479,23493
7479,7484
7479,6654
7479,26508
7479,27006
7480,2932
7480,23493
7480,7482
7480,1950
7480,6654
7480,7478
7481,8600
7481,6655
7481,5604
7481,5241
7482,1950
7482,1871
7482,5595
7482,5594
7483,4040
7483,8074
7483,4041
7483,6655
7483,7478
7484,2475
7484,7157
7484,6932
7484,80326
7484,2252
7484,2255
7484,8323
8503,5594
8503,11211
8503,5604
1855,399694
1855,51176
1855,23462
1855,83439
1855,6654
1855,8823
6464,5594
6464,28514
6464,6655
6464,8503
1856,1870
1856,8321
1856,2064
1856,4853
1857,26508
1857,8324
1857,369
1857,7471
1857,4854
324,5604
324,8074
324,1871
324,6932
324,8823
324,2100
324,2252
2885,1956
2885,1499
2885,28514
2885,6932
1869,5604
1869,11211
1869,8503
1869,7471
1869,4040
399694,1950
399694,23462
399694,1499
399694,80326
1870,23462
1870,8074
1870,8321
1871,2932
1871,5595
1871,1021
1871,1950
28514,6655
28514,1956
28514,11211
23401,1499
23401,3479
23401,1950
23401,5604
23401,5595
369,2932
369,83439
369,27006
369,26508
2932,27006
2932,6932
2932,2252
2932,1452
27006,1950
27006,26508
27006,7478
27006,7482
8074,6654
26508,1452
26508,4040
3479,1956
3479,7157
3479,10912
3479,4616
3480,2250
3480,182
3480,80326
3480,1855
3480,2249
3480,5291
8600,6655
8600,3845
8600,6464
8600,2535
8600,5604
8600,388585
8600,8817
23462,1021
23462,8324
2475,11211
2475,8321
2475,2247
1452,5594
1452,10683
1452,2100
1452,23493
10683,5594
10683,182
10683,3714
23493,6654
23493,3280
23493,182
80326,3479
80326,182
80326,1956
80326,2255
4040,4041
4040,182
4040,8817
4040,2249
4041,7473
4041,2249
4041,3480
5594,182
1499,51176
1499,1956
5595,1021
5595,2247
5604,11211
5604,8817
5604,7471
5604,5241
5605,2535
5605,6199
5605,7976
2535,2252
51176,8313
51176,7480
388585,2100
388585,2252
388585,1021
388585,8817
83439,6654
83439,2100
1019,6199
1019,6655
1019,8503
1019,122011
1019,28514
6655,8817
6655,7478
