3845,3350
3845,1843
3845,3265
3845,123745
3845,2790
3845,778
3845,23236
3845,3760
3845,2770
3845,3358
5894,10681
5894,2782
5894,3265
5894,2787
5894,54331
5894,673
5894,3350
5894,2793
5894,2790
5894,2788
773,776
773,3351
773,1843
773,5594
773,3357
773,3352
773,836
773,5578
773,5330
773,51764
774,3762
774,3351
774,3363
774,111
774,8681
774,5332
774,775
774,3760
774,94235
774,5330
775,3357
775,8681
775,3763
775,5330
775,3362
775,94235
775,3351
775,5743
775,3765
776,3760
776,2776
776,3351
776,5742
776,778
776,4893
776,5330
776,111
776,3763
778,3760
778,3358
778,4893
778,5604
778,5579
778,3352
778,1843
778,2793
779,5332
779,5742
779,8681
779,2778
779,3760
779,3356
779,5594
779,775
779,3765
779,776
3350,3265
3350,2790
3350,123745
3350,23236
3350,2788
3350,2782
3350,2785
3350,2787
3350,10681
3351,3357
3351,5594
3351,3355
3351,3362
3351,51764
3351,3760
3352,5579
3352,51764
3352,3355
3352,5743
3352,111
3352,2771
3352,94235
3352,2786
3354,54331
3354,51764
3354,55970
3354,3355
3354,2782
3354,5604
3354,2790
3354,3352
3354,283748
3354,2784
3355,836
3355,5604
3355,5743
3355,5579
3355,3357
3355,5742
3355,775
3356,100137049
3356,23236
3356,2778
3356,255189
3356,123745
3356,5582
3356,3360
3356,3265
3356,5331
3357,3362
3357,5594
3357,8681
3357,5743
3357,3763
3357,94235
3358,3762
3358,3760
3358,5604
3358,55970
3358,2793
3358,2770
3358,2775
3358,2788
94235,8681
94235,2782
94235,10681
94235,51764
94235,2793
94235,2775
94235,2787
94235,5743
3360,369
3360,4893
3360,5582
3360,59345
3360,3361
3360,2792
3360,255189
3360,283748
3360,2776
3360,5578
3361,4893
3361,2785
3361,2771
3361,2791
3361,3363
3361,5330
3361,2792
3361,2784
3361,5595
3362,111
3362,3763
3362,5743
3362,3765
3362,776
3362,773
3362,5578
3363,3762
3363,5330
3363,8605
3363,2776
3363,111
3363,3760
3363,5331
3363,5582
4893,369
4893,5579
4893,3760
4893,2792
4893,5604
4893,2771
4893,673
1843,5594
1843,3763
1843,2776
1843,369
1843,3351
1843,3760
1843,4893
51764,10681
51764,2771
51764,2790
51764,5579
51764,2784
51764,2782
54331,2792
54331,2782
54331,2791
54331,283748
54331,2783
54331,59345
54331,3265
54331,2787
836,2786
836,5604
836,2784
836,2771
836,2792
836,5579
836,3352
836,4893
100137049,5321
100137049,5331
100137049,8605
100137049,2778
100137049,123745
100137049,3762
100137049,5582
100137049,23236
100137049,3358
123745,23236
123745,3265
123745,2788
123745,2778
123745,2775
123745,59345
283748,59345
283748,5604
283748,8605
283748,2792
283748,5595
283748,2784
283748,255189
5742,5743
5742,5594
5742,5331
5742,3762
5742,54331
5742,94235
5742,2793
5743,111
5743,5594
5743,5330
111,5578
111,5330
111,3765
111,3763
111,3357
369,673
369,5578
369,2792
369,5582
369,3265
369,59345
369,3361
8605,5321
8605,255189
8605,3360
8605,3361
8605,5578
8605,2793
8605,5331
673,2791
673,2786
673,2785
673,2775
673,54331
673,3360
673,2792
55970,2773
55970,2770
55970,2783
55970,2790
55970,2782
55970,2786
55970,2775
55970,10681
55970,2787
3760,3762
3760,3763
3760,5604
3762,5330
3762,8681
3762,2793
3762,5594
3762,5331
3763,2776
3763,5743
3763,5330
3765,8681
3765,2778
3765,5578
3765,5332
3765,94235
3765,255189
3765,3357
10681,2790
10681,2787
10681,2782
10681,2770
10681,2783
3265,2788
3265,2770
3265,2792
3265,23236
3265,59345
23236,2778
23236,2788
23236,5332
23236,283748
5321,2775
5321,2793
5321,5578
5321,673
5321,5330
5321,5331
5321,2778
5321,2791
5578,2776
5578,5330
5578,5579
5578,5582
5578,3352
5579,2771
5579,2792
5579,2786
5582,5595
5582,2792
5582,2776
5582,4893
5582,673
59345,2783
59345,2792
59345,2784
59345,2791
59345,2786
59345,2790
59345,2773
2770,2788
2770,2787
2770,2773
2770,2790
2770,2782
2770,2775
2770,2783
2771,2786
2771,2792
2771,2784
2771,59345
5330,2776
2773,2787
2773,2788
2773,2783
2773,2782
2773,2790
2773,2784
2773,2786
2773,10681
5331,2775
5331,5582
5331,2793
5331,23236
2775,2783
2775,2793
2775,2788
2775,2787
2775,2791
2776,5595
2776,255189
2776,778
5332,8681
5332,2770
5332,775
5332,5742
5332,3355
5332,2778
2778,8681
2778,255189
2778,5331
5594,8681
5594,776
5595,255189
5595,3360
5595,3363
5595,8605
5595,2785
5595,5331
255189,2785
255189,4893
255189,5582
255189,673
255189,3361
2782,2790
2782,2787
2782,2783
2783,2784
2783,2787
2783,2791
2783,2793
2783,2786
2784,2786
2784,2792
2784,2791
2784,2782
2785,2791
2785,2787
2785,2786
2785,2788
2785,2773
2785,2775
2786,2791
2787,2788
2787,2790
2788,2793
2788,2790
5604,55970
5604,2784
2791,2792
2791,2793
2793,2787
2793,3265
8681,111
