23553,411
23553,6448
23553,3425
23553,2799
23553,10855
23553,3373
23553,60495
23553,3423
23553,8372
23553,2588
138050,6448
138050,8692
138050,3423
138050,411
138050,10855
138050,23553
138050,2990
138050,4669
138050,8372
138050,3425
3073,2990
3073,3074
3073,4669
3073,6677
3073,2799
3073,8692
3073,2720
3073,3423
3073,2588
3073,3373
3074,2799
3074,2990
3074,4669
3074,6677
3074,3373
3074,2588
3074,2720
3074,3425
3074,8692
60495,8372
60495,3423
60495,411
60495,2799
60495,8692
60495,3373
60495,3425
60495,3074
60495,10855
6677,2990
6677,2720
6677,8692
6677,4669
6677,411
6677,10855
6677,2799
6677,2588
411,2799
411,6448
411,10855
411,8692
411,2990
411,3425
2588,2720
2588,4669
2588,3425
2588,3373
2588,2799
2588,2990
2588,411
3423,8372
3423,10855
3423,8692
3423,2799
3423,3074
3423,3425
3423,6448
2720,4669
2720,2990
2720,3373
2720,411
2720,10855
2720,3425
3425,2799
3425,4669
3425,10855
3425,6448
3425,3373
10855,2799
10855,6448
10855,3074
3373,4669
3373,8372
3373,411
3373,2990
3373,2799
2990,8692
2990,4669
2990,2799
2799,6448
2799,4669
6448,6677
6448,8692
6448,2990
8372,2799
8372,8692
8372,411
8372,3425
8372,3074
4669,3423
