51719,23216
51719,3952
51719,148327
51719,9370
51719,5170
51719,200186
51719,10645
51719,3953
51719,2998
51719,1080
9230,3156
9230,7248
9230,29904
9230,79966
9230,5291
9230,6198
9230,1938
9230,3630
9230,948
9230,1994
31,5210
31,32
31,1994
31,9586
31,5208
31,5291
31,6720
31,5563
31,57521
31,8900
32,2997
32,3991
32,5563
32,5295
32,5210
32,64764
32,8900
32,90993
32,81617
3630,5468
3630,3156
3630,29904
3630,3667
3630,5170
3630,10891
3630,5295
3630,1938
3630,8503
5170,79966
5170,1385
5170,148327
5170,207
5170,5468
5170,208
5170,84335
5170,8660
6198,948
6198,7248
6198,29904
6198,6009
6198,4218
6198,5207
6198,5296
6198,1938
6198,5563
6199,23216
6199,5105
6199,208
6199,5571
6199,10891
6199,3667
6199,10890
6199,53632
6199,6198
6199,5295
1080,200186
1080,1938
1080,84335
1080,23216
1080,57521
1080,5296
1080,6720
1080,5210
1080,6198
3643,7249
3643,6517
3643,57818
3643,10488
3643,92335
3643,84699
3643,6319
3643,890
3643,8900
3643,55437
6720,57521
6720,5210
6720,9586
6720,5209
6720,2997
6720,5208
6720,5563
6720,5296
6720,948
7248,5291
7248,2997
7248,1994
7248,3156
7248,57521
7248,948
7248,5296
7248,5210
7249,8900
7249,84699
7249,6517
7249,92335
7249,2308
7249,6319
7249,5210
7249,208
7249,5105
3667,2309
3667,10890
3667,5295
3667,6794
3667,10488
3667,5564
3667,10891
3667,5571
3156,79966
3156,29904
3156,1938
3156,8503
3156,200186
3156,5207
3156,5468
595,5290
595,51422
595,10890
595,6885
595,148327
595,2998
595,8900
595,2194
595,5564
595,5562
5207,4218
5207,5208
5207,79966
5207,5291
5207,948
5207,90993
5207,5209
5207,8471
5208,90993
5208,5291
5208,5210
5208,81617
5208,3480
5208,7248
5208,7249
5209,2194
5209,5291
5209,5468
5209,84335
5209,1938
5209,5563
5209,57521
5209,23417
5210,2997
5210,57521
5210,92335
5210,9586
5210,81617
79966,4218
79966,8503
79966,1938
79966,207
79966,148
79966,6009
3172,5106
3172,57818
3172,5105
3172,92579
3172,5564
3172,8471
3172,5295
3172,5862
3172,64764
3172,3479
4218,1938
4218,6009
4218,29904
4218,3156
4218,8503
4218,9230
4218,1978
6794,84699
6794,10488
6794,890
6794,8660
6794,10890
6794,51552
6794,79602
6794,3643
6794,148
10891,5290
10891,8408
10891,84335
10891,10645
10891,1978
10891,2309
10891,5468
10891,5571
10890,148
10890,6009
10890,23216
10890,51094
10890,2309
10890,10488
10890,2194
10890,79602
55437,57818
55437,8660
55437,3953
55437,92335
55437,3480
55437,51552
55437,3479
55437,6319
55437,81617
2194,5565
2194,148327
2194,5571
2194,79602
2194,207
2194,5295
2194,5468
148,5571
148,10488
148,79602
148,84335
148,5564
148,10000
148,2309
148,51094
9370,51094
9370,79602
9370,3952
9370,3953
9370,10890
9370,51552
9370,148327
9370,23417
9370,1385
5290,5571
5290,5295
5290,84335
5290,5564
5290,6885
5290,8408
5290,5106
5290,8471
5291,1938
5291,90993
5291,948
5291,3991
5291,1994
5293,6009
5293,5562
5293,8408
5293,10890
5293,8660
5293,64764
5293,3630
5293,5468
5293,51094
5293,23417
92335,3480
92335,6517
92335,6319
92335,81617
92335,92579
92335,84699
23216,3952
23216,6885
23216,5564
23216,10645
23216,148327
23216,6009
57521,2997
57521,2475
57521,948
57521,1994
5295,5571
5295,8471
5295,207
5295,5106
5296,2475
5296,200186
5296,948
5296,3156
5296,8503
5296,1994
6319,890
6319,57818
6319,90993
6319,84335
6319,84699
6319,9586
8900,3479
8900,6517
8900,2308
8900,64764
8900,92579
8900,92335
207,2309
207,5106
207,1978
207,5862
207,84335
207,148
208,1385
208,2308
208,5105
208,3479
208,9370
208,5571
208,200186
29904,5468
29904,1938
29904,948
29904,23417
29904,6009
81617,3480
81617,200186
81617,2475
81617,3479
81617,2998
81617,8900
8408,51094
8408,2998
8408,53632
8408,92579
8408,5862
8408,595
8408,3630
84699,890
84699,10488
84699,2308
84699,148327
84699,6517
51422,53632
51422,5565
51422,64764
51422,5571
51422,5562
51422,2538
51422,2194
51422,92579
51422,6517
6885,6009
6885,10890
6885,8471
6885,2309
6885,5562
6885,890
6885,5563
5862,3991
5862,5564
5862,2998
5862,5106
5862,64764
5862,32
5862,8471
5862,92579
79602,10488
79602,51094
79602,890
79602,1385
79602,10000
10488,890
10488,10000
10488,2308
10488,3952
64764,8471
64764,5565
64764,5562
64764,90993
64764,10645
64764,57818
64764,5564
64764,53632
2308,2538
2308,3479
2308,5105
2308,148327
2308,6517
2309,10645
2309,6199
2309,5295
2309,5105
10000,51094
10000,1385
10000,3479
10000,8660
10000,2308
10000,51552
10000,6199
8471,5571
8471,1978
8471,5106
8471,10891
8471,10645
8471,90993
8503,3643
8503,90993
8503,2475
8503,9230
8503,92335
5468,5563
5468,84335
5468,148327
51552,3953
51552,8660
51552,10890
51552,57818
51552,2538
51552,6517
51552,3643
148327,5562
148327,10890
148327,2538
148327,92335
1385,200186
1385,3953
1385,3479
1385,8660
1385,5296
84335,5571
84335,6517
84335,1978
84335,23417
3952,3953
3952,5562
3952,10890
3952,53632
3952,51094
3952,148327
90993,1938
90993,2998
9586,1994
9586,5291
9586,32
9586,90993
9586,2997
9586,948
3953,8660
3953,200186
3953,64764
3953,3479
3953,148327
6517,92579
6517,5105
6517,5565
6009,23417
6009,1938
6009,5562
6009,10645
23417,948
23417,1080
23417,1938
23417,10891
890,57818
890,148
890,8503
53632,5565
53632,5562
53632,5571
53632,3479
53632,6517
1938,200186
10645,5562
10645,5564
10645,5571
51094,2538
51094,595
51094,5290
3479,5105
3479,57818
3479,92579
3479,6517
3480,57818
3480,31
3480,5105
3480,3643
3480,32
3480,5291
3991,2998
3991,5563
3991,1994
3991,2997
3991,31
3991,5468
3991,9230
92579,2998
92579,5106
92579,2538
92579,64764
92579,5105
2475,1994
2475,200186
2475,5106
2475,2997
2475,7248
2475,92335
948,1994
948,1978
2997,31
2997,5563
2997,5468
2998,5564
2998,5571
2998,200186
2998,92335
5562,5564
5562,5565
5563,1994
5563,5565
5563,57521
5564,10890
5564,5571
5565,5571
5565,90993
5565,3953
1978,5207
1978,5106
1978,3479
1978,5293
1994,6720
8660,57818
8660,148327
8660,3643
57818,5105
2538,6517
2538,3479
2538,53632
2538,64764
5105,64764
5105,5571
5105,5106
5105,92335
5106,2998
200186,92335
