4627,56924
4627,10627
4627,55740
4627,369
4627,3684
4627,8503
4627,29895
4627,6655
4627,4659
4627,4478
4628,79837
4628,1131
4628,5156
4628,8515
4628,55970
4628,624
4628,1132
4628,5962
4628,10672
4628,10152
4633,4342
4633,3071
4633,5605
4633,4478
4633,8503
4633,26999
4633,6655
4633,5217
4633,9459
4633,54776
4636,29895
4636,5305
4636,10627
4636,1956
4636,5062
4636,4660
4636,2149
4636,55845
4636,221178
4636,71
4638,6237
4638,10672
4638,3691
4638,1730
4638,929
4638,54434
4638,10552
4638,5829
4638,3985
4638,5894
10787,3674
10787,7409
10787,55970
10787,55740
10787,5595
10787,5894
10787,10672
10787,9459
10787,79837
10787,8395
5156,81873
5156,1131
5156,5291
5156,85477
5156,85464
5156,1132
5156,10152
5156,10451
5156,10458
55845,5062
55845,6093
55845,3688
55845,5305
55845,10627
55845,4659
55845,29895
55845,3684
55845,23191
10788,387
10788,5605
10788,85366
10788,375189
10788,10458
10788,26999
10788,324
10788,7114
10788,3673
10788,5595
5159,7430
5159,22808
5159,2264
5159,8396
5159,8394
5159,81
5159,5747
5159,929
5159,8395
5159,4660
1072,2263
1072,623
1072,60
1072,3678
1072,998
1072,3680
1072,2245
1072,22801
1072,10163
1072,85464
1073,2909
1073,22800
1073,2934
1073,3645
1073,3691
1073,57144
1073,85464
1073,79837
1073,93408
1073,673
4659,324
4659,29895
4659,10627
4659,6237
4659,1128
4659,369
4659,5296
4659,10297
4660,5305
4660,1956
4660,50649
4660,22808
4660,3672
4660,3689
4660,2264
4660,1128
4660,3693
10297,3688
10297,1132
10297,71
10297,7410
10297,9475
10297,10094
10297,3655
10297,4478
10297,5605
10298,5291
10298,58498
10298,9564
10298,8395
10298,87
10298,1133
10298,8396
10298,3845
10298,5747
10298,7414
6714,5879
6714,5501
6714,23191
6714,23365
6714,3682
6714,3685
6714,5881
6714,54961
6714,10109
6714,2261
60,2245
60,22801
60,3694
60,5595
60,10787
60,1132
60,6714
60,3984
60,10672
3645,3691
3645,5962
3645,22800
3645,5295
3645,93408
3645,2934
3645,10398
3645,8976
3645,2909
2149,1956
2149,221178
2149,50649
2149,3685
2149,2768
2149,6093
2149,103910
2149,10109
2149,5499
2149,23365
3655,345456
3655,3679
3655,3845
3655,1132
3655,81873
3655,10152
3655,9138
3655,3688
3655,200576
71,4478
71,324
71,3688
71,2261
71,9475
71,5499
71,5062
71,387
81,3676
81,8395
81,7414
81,89846
81,58498
81,2264
81,7430
81,79837
81,1398
87,8396
87,1399
87,6548
87,3693
87,5594
87,10672
87,5747
87,7114
87,8936
3672,6655
3672,3693
3672,3071
3672,4478
3672,3687
3672,2264
3672,3689
3672,23191
3672,55845
3673,4893
3673,3694
3673,8826
3673,3688
3673,7114
3673,4478
3673,5605
3673,85477
3673,340156
3673,85366
3674,9459
3674,673
3674,55970
3674,1133
3674,23396
3674,26999
3674,5894
3674,624
3674,2261
3675,8394
3675,5296
3675,57144
3675,3689
3675,1399
3675,929
3675,103910
3675,1730
3675,5063
3675,7430
56924,10627
56924,28964
56924,23396
56924,4342
56924,55970
56924,4478
56924,91807
56924,128239
56924,55845
3676,1730
3676,8515
3676,79784
3676,3696
3676,93408
3676,5063
3676,3682
3676,5829
3676,58498
3678,26999
3678,54776
3678,340156
3678,8503
3678,5291
3678,9138
3678,4342
3678,3683
3678,3655
3679,5880
3679,10094
3679,5500
3679,10152
3679,8515
3679,623
3679,22808
3679,3845
3679,81873
3680,2245
3680,22801
3680,623
3680,7074
3680,3684
3680,10095
3680,8874
3680,5747
3680,7409
3681,5063
3681,10458
3681,3845
3681,1133
3681,10451
3681,2261
3681,57144
3681,106821730
3681,1132
3681,5291
106821730,3695
106821730,8394
106821730,5291
106821730,1133
106821730,10163
106821730,8516
106821730,200576
106821730,3687
106821730,22808
106821730,1399
3682,5063
3682,2264
3682,28964
3682,5879
3682,79784
3682,5501
3682,10451
3682,5881
3682,54961
3683,91807
3683,5747
3683,6548
3683,9138
3683,4342
3683,23396
3683,8396
3683,3688
3683,54776
3684,5894
3684,3985
3684,54961
3684,5604
3684,5501
3684,3691
3684,9475
3684,5879
3684,7074
3685,10109
3685,103910
3685,28964
3685,1956
3685,23365
3685,5216
3685,7454
3685,23191
3687,28964
3687,3695
3687,10163
3687,5216
3687,22801
3687,10451
3687,79784
3687,6714
1128,5305
1128,5499
1128,50649
1128,1956
1128,5879
1128,5063
1128,29895
1128,6654
1129,1399
1129,5293
1129,79784
1129,10152
1129,87
1129,10458
1129,10672
1129,5156
1129,9138
1129,6548
3688,4478
3688,8503
3688,54776
3688,5217
3688,340156
1131,79837
1131,10458
1131,85477
1131,55740
1131,5500
1131,1729
1131,85464
1131,5291
1132,55740
1132,3845
1132,85477
1132,3688
1132,340156
1133,8394
1133,5747
1133,673
1133,10093
1133,2264
1133,8395
3689,103910
3689,89846
3689,5879
3689,28964
3689,5881
3689,3685
3689,2768
3689,29895
623,3845
623,5500
623,22801
623,7074
623,10094
623,10093
623,5880
624,8395
624,55970
624,3845
624,369
624,79837
624,58498
624,9459
624,5295
3690,3694
3690,7114
3690,85366
3690,375189
3690,2261
3690,5594
3690,673
3690,60
3690,2245
3690,9459
3691,93408
3691,22800
3691,929
3691,54434
3691,2260
3691,6237
5747,8396
5747,7430
5747,8395
5747,2264
5747,58498
3693,2261
3693,6654
3693,89846
3693,54961
3693,1398
3693,3685
3693,7114
3694,3695
3694,375189
3694,9459
3694,5595
3694,6655
3694,5605
3694,7114
3695,7410
3695,2768
3695,5217
3695,10163
3695,3675
3695,10552
3695,79784
3696,998
3696,8516
3696,57144
3696,8515
3696,200576
3696,2934
3696,5500
3696,79837
3696,8874
8826,10398
8826,340156
8826,5499
8826,2909
8826,3645
8826,4342
8826,200576
8826,3265
8826,85477
58498,23396
58498,8395
58498,5058
58498,55970
58498,8874
58498,10095
58498,9564
58498,128239
5216,23365
5216,2768
5216,10109
5216,7454
5216,2149
5216,387
5216,7410
5216,3695
5217,3071
5217,5962
5217,5595
5217,4478
5217,4893
5217,10398
5217,9475
6237,929
6237,128239
6237,10552
6237,29895
6237,7410
6237,6093
6237,10627
6237,5293
23191,5879
23191,387
23191,10109
23191,23365
23191,5881
23191,3071
23191,7114
23191,3984
10398,5962
10398,2909
10398,10152
10398,5295
10398,5058
10398,54776
10398,29895
10398,3265
10398,4342
91807,54776
91807,8874
91807,2909
91807,3071
91807,22808
91807,2245
91807,54961
91807,4633
673,5604
673,1398
673,79837
673,998
673,26999
673,2909
54434,221178
54434,81873
54434,5305
54434,8936
54434,324
54434,1073
54434,5880
54434,3845
55970,9459
55970,23396
55970,6548
55970,7409
8874,22808
8874,23396
8874,10095
8874,340156
8874,22801
8874,3683
8874,3845
5290,387
5290,6654
5290,2261
5290,221178
5290,5499
5290,2260
5290,5879
5290,23191
5290,2149
5290,6714
5291,8976
5291,2263
5291,81873
5291,10451
5291,58498
5291,9564
5293,50649
5293,10458
5293,7410
5293,5499
5293,324
5293,2260
5293,10152
5293,4893
5295,93408
5295,5499
5295,5962
5295,10152
5295,369
5295,5058
5295,5217
5296,5305
5296,8936
5296,6548
5296,5062
5296,28964
5296,1399
5296,3689
5296,103910
54961,22800
54961,5879
54961,5605
54961,2264
54961,3071
5305,8936
5305,5062
5305,221178
5305,1956
5305,50649
340156,54776
340156,8503
340156,200576
340156,3265
340156,8976
1729,57144
1729,93408
1729,85464
1729,9087
1729,7410
1729,10458
1729,7454
1729,5295
1729,345456
1730,28964
1730,5829
1730,10552
1730,1399
1730,4660
1730,7414
1730,5062
3265,8976
3265,26999
3265,8503
3265,4342
3265,5962
3265,22808
3265,54776
3265,4478
3265,4633
2245,5894
2245,3985
2245,10787
2245,623
2245,3682
2245,5879
2245,54961
5829,28964
5829,5062
5829,89846
5829,79784
5829,10672
5829,1399
5829,8936
29895,10627
29895,5499
29895,10094
29895,5305
29895,929
8394,8516
8394,23396
8394,58498
8394,3684
8394,3265
8394,5747
8395,7430
8395,7414
8395,8396
8396,7430
8396,2264
8396,7414
8396,929
6655,2264
6655,1793
6655,1398
6655,4478
6655,8503
6655,3687
2768,23365
2768,5894
2768,5501
2768,10109
2768,5881
2768,7074
10451,81873
10451,8503
10451,3845
10451,85477
10451,23191
10451,28964
2260,324
2260,10109
2260,9475
2260,23365
2260,221178
2260,7410
2260,93408
2261,5063
2261,9459
2261,5594
2261,387
2261,89846
2263,85464
2263,9087
2263,4638
2263,3845
2263,5595
2263,4628
2263,10298
2263,10672
81624,5499
81624,6654
81624,221178
81624,1793
81624,7114
81624,50649
81624,1398
81624,1956
81624,22800
81624,2149
2264,7430
2264,7414
10458,4893
10458,387
10458,85366
10458,85477
10458,57144
10458,3984
93408,2934
93408,50649
93408,57144
93408,22800
93408,6654
93408,8516
8936,5062
8936,5880
8936,28964
8936,103910
8936,79784
8936,5063
8936,4660
128239,3845
128239,7414
128239,369
128239,5063
128239,7430
128239,4638
128239,4627
7409,9459
7409,22801
7409,4633
7409,3071
7409,54776
7409,2245
7409,54961
7409,4638
7410,7454
7410,4478
7410,106821730
7410,9475
9459,4478
9459,91807
89846,103910
89846,6093
89846,1956
89846,3685
89846,2149
5879,10109
5879,5881
5879,23365
5880,8515
5880,81873
5880,3845
5880,5500
5880,5058
5880,10094
5881,5501
5881,10093
5881,22801
5881,10109
7414,7430
7414,5063
7414,28964
4342,26999
4342,9138
4342,55740
1793,1398
1793,7114
1793,5499
1793,929
1793,1956
1793,3071
1793,1128
1793,22800
9475,4478
9475,998
9475,57144
9475,3691
9475,3688
3845,81873
3845,28964
3845,369
5894,23365
5894,3985
5894,3689
5894,10095
5894,6714
7430,23396
7430,10672
7430,5063
8976,4893
8976,9138
8976,929
8976,345456
8976,26999
8976,5962
22801,7074
22801,91807
22801,5879
22801,28964
22800,1398
22800,7114
22800,5604
22800,79837
22808,29895
22808,929
22808,2909
4893,9138
4893,5595
4893,85366
4893,7114
4893,85477
7454,387
7454,5605
7454,23365
7454,79784
7454,6654
7454,10163
7454,6714
28964,1399
28964,5062
8503,54776
8503,369
8503,5962
57144,200576
57144,4893
10552,5501
10552,10093
10552,6714
10552,3682
10552,10092
10552,623
8515,5604
8515,79837
8515,5500
8515,623
8515,22800
324,221178
324,5499
324,4478
324,387
324,7114
324,10297
23365,10109
23365,5501
8516,10163
8516,5500
8516,3265
8516,10152
8516,3645
8516,345456
5962,54776
5962,9564
5962,369
5962,3071
9564,9138
9564,55740
9564,8395
9564,8396
9564,624
9564,1793
2909,5058
2909,54776
2909,3071
2909,7114
23396,10787
23396,91807
10092,10109
10092,5501
10092,10094
10092,10093
10092,387
10092,6714
10092,9087
10092,79784
10092,2260
10093,6714
10093,7074
10093,5604
10093,5501
10093,5500
10094,5500
10094,3845
10094,998
10094,3689
10094,10451
10095,3985
10095,10787
10095,8395
10095,8394
10095,3684
10095,7409
345456,200576
345456,3845
345456,5291
345456,81873
345456,340156
345456,3678
345456,1131
369,5058
369,3688
369,3645
85366,5605
85366,3984
85366,7114
85366,5594
85366,3071
85366,6654
26999,3071
26999,5595
26999,10163
1398,79837
1398,6654
1398,5594
1398,7114
1399,79784
1399,929
1399,5062
2934,85477
2934,10398
2934,5500
2934,200576
2934,57144
2934,3679
5499,387
5499,103910
5499,5305
5500,85464
5500,85477
5500,998
5501,10109
5501,3985
4478,5605
4478,3071
4478,54776
200576,85477
200576,1073
9087,4638
9087,7410
9087,4659
9087,3845
9087,6237
9087,10095
9087,55740
387,7114
387,221178
10627,54776
10627,4478
10627,28964
3984,5595
3984,5217
3984,5605
3984,87
3984,4893
3984,9475
3985,3689
3985,5879
3985,3682
3985,3675
6548,10672
6548,8936
6548,23396
6548,3984
6548,2263
6548,58498
375189,10163
375189,7074
375189,23191
375189,7114
375189,26999
375189,3071
375189,85366
929,9138
7074,10163
7074,54961
7074,2909
1956,50649
1956,221178
10152,81873
10152,5058
79784,5063
79784,1128
79784,89846
10672,6093
10672,58498
10672,8395
9138,55740
9138,26999
10163,5595
10163,23365
10163,7410
55740,79837
55740,5604
55740,1793
5058,5062
5058,3845
5058,7414
5058,8936
5062,103910
5063,5499
5063,81624
7114,5594
7114,3071
6093,103910
6093,3689
6093,5290
6093,23365
6093,5062
81873,3688
85464,85477
85464,5291
85464,200576
50649,6654
50649,221178
50649,5594
5594,26999
5594,4633
5594,3693
5594,81624
5595,4633
5595,4478
79837,5604
5604,3845
5604,54961
5604,2261
5605,3071
5605,387
998,3265
998,8516
998,623
998,1132
85477,8503
54776,3071
221178,5499
221178,6654
6654,22800
