23236,5332
23236,113
23236,2776
23236,109
23236,5330
23236,112
23236,1131
23236,114
23236,111
23236,196883
6344,5331
6344,5330
6344,196883
6344,2778
6344,115
6344,108
6344,112
6344,886
6344,111
6344,683
5330,196883
5330,5331
5330,108
5330,683
5330,109
5330,5332
5330,113
5330,111
5331,115
5331,111
5331,196883
5331,108
5331,5332
5331,114
5331,683
5331,886
5332,113
5332,2776
5332,1131
5332,109
5332,683
5332,111
5332,196883
5332,114
196883,109
196883,683
196883,108
196883,115
196883,2778
196883,111
196883,113
196883,107
196883,112
2776,113
2776,683
2776,114
2776,112
2776,107
2776,886
2776,1131
2776,952
2778,107
2778,952
2778,108
2778,886
2778,109
2778,111
2778,114
2778,683
1131,112
1131,683
1131,5330
1131,196883
1131,952
1131,108
1131,113
683,886
683,108
683,107
683,113
683,952
683,115
683,109
107,886
107,952
107,108
107,109
107,112
107,114
108,886
108,112
108,952
108,111
108,109
109,111
109,886
109,113
109,114
109,115
111,115
111,114
111,886
111,107
112,114
112,952
112,113
112,683
113,114
113,115
113,111
114,115
114,952
114,886
115,886
115,108
886,952
952,109
952,113
