2064,1956
2064,9630
2064,93129
2064,2066
2064,108
2064,1128
2064,2776
2064,815
2064,102723407
2064,5261
2065,5336
2065,808
2065,3356
2065,148
2065,84876
2065,5335
2065,3973
2065,6870
2065,5731
2065,84812
2066,5579
2066,623
2066,2776
2066,6263
2066,1131
2066,108
2066,5335
2066,109
2066,91807
5136,163688
5136,3360
5136,340156
5136,113026
5136,3362
5136,1812
5136,84876
5136,5533
5136,5568
5136,810
5137,146
5137,5260
5137,5153
5137,85366
5137,107
5137,114
5137,2065
5137,2915
5137,84876
5137,340156
4638,6261
4638,109
4638,10800
4638,1131
4638,623
4638,5579
4638,488
4638,57105
4638,196883
4638,57620
7201,10800
7201,1128
7201,93129
7201,6870
7201,135
7201,6261
7201,5153
7201,6263
7201,102723407
7201,57105
5153,84876
5153,3356
5153,5255
5153,113
5153,887
5153,3973
5153,1909
5153,1812
5153,196883
5156,5335
5156,5332
5156,6870
5156,115
5156,887
5156,5159
5156,3358
5156,1129
5156,5731
5156,5733
5159,5335
5159,340156
5159,5568
5159,5534
5159,3973
5159,623
5159,2149
5159,84876
5159,952
552,488
552,624
552,2911
552,3358
552,5578
552,553
552,3709
552,3361
552,84876
552,5566
553,136
553,2911
553,817
553,2925
553,154
553,84876
553,5582
553,3709
553,3356
10800,1128
10800,6261
10800,5257
10800,2915
10800,136
10800,6870
10800,113026
10800,93129
5724,6915
5724,2778
5724,814
5724,5582
5724,886
5724,154
5724,5567
5724,5333
5724,2149
5724,1133
56413,5332
56413,6870
56413,5335
56413,2925
56413,805
56413,84812
56413,623
56413,5737
56413,2776
56413,1909
51806,115
51806,818
51806,84812
51806,5532
51806,5021
51806,3356
51806,810
51806,2778
51806,5737
51806,9630
5731,5332
5731,4843
5731,5336
5731,80228
5731,93129
5731,1131
5731,51196
5731,6870
5731,84876
2149,2767
2149,163688
2149,109
2149,5333
2149,147
2149,5534
2149,91807
2149,136
2149,340156
5733,6262
5733,814
5733,5255
5733,3357
5733,952
5733,4846
5733,80228
5733,489
5733,1812
1128,6261
1128,93129
1128,5335
1128,6870
1128,57105
1128,135
1128,6263
1129,1131
1129,5332
1129,3356
1129,23236
1129,108
1129,9630
1129,623
1129,6263
1129,107
1129,887
5737,91807
5737,84812
5737,5579
5737,109
5737,805
5737,2776
5737,2767
5737,1910
107,487
107,1956
107,623
107,5333
107,2776
107,2767
107,114
107,5578
107,5256
107,3360
1131,23236
1131,9630
1131,5332
1131,3357
1131,51196
1131,6261
1131,80228
109,6263
109,91807
109,623
109,5579
109,147
109,135
109,340156
108,5566
108,5331
108,6263
108,5256
108,155
108,5568
108,114
623,5336
623,91807
623,5021
623,340156
623,148
624,5578
624,3361
624,2769
624,3709
624,1133
624,2774
624,2911
624,3708
624,154
113,4843
113,4846
113,3274
113,5257
113,153
113,115
113,114
113,3269
113,3358
114,5530
114,5331
114,3708
114,1956
114,3357
114,1812
114,85366
114,3363
114,3360
114,5255
115,818
115,3358
115,1909
115,57105
115,9630
115,5335
115,91807
1133,2778
1133,6786
1133,3269
1133,3363
1133,89869
1133,5532
1133,5331
1133,3361
1133,3709
6261,23236
6261,489
6261,5332
6261,952
6261,6263
6261,805
6262,5331
6262,5255
6262,952
6262,814
6262,5330
6262,487
6262,114
6262,3357
6262,108
6263,5332
6263,147
6263,135
6263,93129
3708,5535
3708,2911
3708,4846
3708,5532
3708,5330
3708,3363
3708,5578
3708,3269
3708,154
3709,155
3709,2911
3709,3363
3709,3269
3709,5578
3709,3361
3709,2769
3710,2915
3710,93129
3710,5579
3710,107
3710,2066
3710,2064
3710,6869
3710,5533
3710,2767
3710,5737
6786,2778
6786,818
6786,5532
6786,91807
6786,814
6786,153
6786,51806
6786,5535
6786,57620
5255,5331
5255,80228
5255,196883
5255,3357
5255,1812
5255,5256
5256,3357
5256,1956
5256,3363
5256,85366
5256,196883
5256,5331
5256,1812
5257,163688
5257,4843
5257,808
5257,3973
5257,4846
5257,1812
5257,102723407
5257,3357
135,93129
135,57620
135,489
135,6261
135,5731
135,5350
136,5534
136,817
136,84876
136,2767
136,6870
136,5335
136,163688
5260,817
5260,147
5260,5566
5260,1812
5260,6869
5260,5136
5260,84876
5260,5153
5260,6263
5261,89869
5261,57105
5261,114
5261,815
5261,1133
5261,5331
5261,3708
5261,2066
5261,1812
5261,102723407
146,2774
146,84812
146,5567
146,2065
146,340156
146,6915
146,817
146,1910
146,3356
147,57105
147,108
147,2066
147,2767
147,136
147,91807
148,808
148,5021
148,1910
148,6915
148,2915
148,805
148,489
148,2066
153,3361
153,5535
153,3356
153,5567
153,5566
153,6915
153,4843
153,624
154,5578
154,5582
154,817
154,886
154,5333
154,3360
154,107
154,340156
155,5336
155,488
155,5568
155,93129
155,57620
155,552
155,5256
155,109
91807,84812
91807,5579
91807,1910
91807,5333
91807,818
91807,51806
185,5533
185,5530
185,4923
185,5136
185,113026
185,3274
185,3356
185,5535
185,51196
185,5350
340156,84876
340156,817
340156,3360
340156,5534
340156,163688
23236,4846
23236,489
23236,5350
23236,80228
23236,887
23236,1909
23236,102723407
3269,4846
3269,89869
3269,57105
3269,3363
3269,818
3269,816
3274,6869
3274,113026
3274,3356
3274,1816
3274,5153
3274,51196
3274,5257
3274,57105
3274,102723407
2767,2776
2767,2769
2767,5333
2767,5332
2767,4842
2767,154
2769,3361
2769,801
2769,816
2769,2776
2769,5578
2769,5532
2769,6865
2769,51196
5330,2911
5330,886
5330,3363
5330,57620
5330,5331
5330,1812
5330,114
5330,3269
5331,488
5331,3363
5331,952
5332,5335
5332,1909
5332,6870
5333,3363
5333,886
5333,5532
5333,2778
5333,1133
6865,805
6865,801
6865,1816
6865,51196
6865,3360
6865,3361
6865,5533
6865,114
6865,816
5335,2925
5335,6870
5335,5336
2776,9630
2776,805
2776,5332
5336,488
5336,3358
5336,552
5336,91807
5336,109
6869,817
6869,5566
6869,2915
6869,6915
6869,1816
6869,148
6869,553
6870,102723407
6870,93129
6870,1910
91860,2774
91860,3362
91860,1816
91860,808
91860,5533
91860,3358
91860,2065
91860,801
91860,810
91860,84812
2774,84812
2774,2778
2774,801
2774,2065
2774,3361
2774,85366
2774,6915
2778,5532
2778,5567
2778,85366
2778,814
5350,5535
5350,887
5350,5530
5350,3356
5350,5532
5350,155
5350,1129
4842,2925
4842,887
4842,51196
4842,5532
4842,154
4842,3360
4842,817
4842,5332
4842,6915
4843,4846
4843,4923
4843,5568
4843,3708
4843,3356
4843,51196
4846,3357
4846,114
4846,5535
6915,5567
6915,1910
6915,1816
6915,3361
89869,57620
89869,5579
89869,886
89869,488
89869,2911
89869,3709
89869,5330
57105,196883
57105,102723407
57105,815
57105,9630
57105,6261
196883,489
196883,1909
196883,5533
196883,1956
196883,5336
196883,113026
1812,163688
1812,5530
57620,5579
57620,1133
57620,2911
57620,815
57620,3269
57620,5331
1816,805
1816,801
1816,3362
1816,102723407
1816,818
1816,816
1816,3709
3356,887
3356,5534
3356,5568
3356,5535
3356,163688
3357,163688
3357,952
3357,85366
3357,3363
3358,808
3358,818
3358,810
3358,488
3358,3709
3360,5535
3360,84876
3360,85366
3360,5530
801,85366
801,3361
801,84812
801,805
801,808
3361,51196
3361,816
3362,5533
3362,3709
3362,2774
3362,154
3362,4923
3362,1812
3362,5582
3363,886
3363,952
3363,2911
3363,85366
805,1910
805,102723407
805,84812
805,489
808,3973
808,818
808,810
808,1816
810,3973
810,163688
810,5530
810,84812
810,114
814,487
814,1133
814,114
814,3357
814,108
815,9630
815,1956
815,487
815,5579
815,1131
815,5331
815,5530
816,818
816,51196
816,5532
816,3709
816,4923
817,84876
817,5534
817,5566
818,2769
818,1956
4923,5566
4923,1133
4923,624
4923,114
4923,5568
4923,51196
84812,5021
84812,1910
102723407,51196
102723407,1910
102723407,1909
102723407,2915
2911,886
2911,5582
2911,5578
2915,5021
2915,1956
2915,489
2915,107
2915,5256
80228,1909
80228,489
80228,9630
80228,3357
80228,51806
163688,3973
163688,952
163688,3360
2925,887
2925,5534
2925,3356
2925,84876
2925,5731
2925,5153
1909,489
1909,6870
1909,93129
1909,887
1910,801
1910,1816
886,5582
886,952
886,3708
887,5534
887,5535
85366,5567
113026,489
113026,5533
113026,113
113026,5257
113026,2915
3973,3356
3973,5136
3973,5731
84876,3356
5530,5532
5530,5535
5530,3708
5530,6865
5532,5535
5533,1816
5533,5256
5533,623
5534,3360
5534,553
5535,1129
9630,1956
9630,487
5021,1956
5021,107
5021,5737
5021,91807
5021,805
1956,487
1956,489
952,5568
952,5566
952,114
5566,5568
5566,5567
5567,5568
5567,952
5567,3363
5568,488
93129,489
5578,3363
5578,85366
5579,107
5579,1133
5582,5566
5582,552
5582,817
5582,3709
487,5256
487,1133
487,5737
487,5579
488,952
488,2911
488,623
51196,3709
51196,2065
