3845,6655
3845,56034
3845,6009
3845,80736
3845,5295
3845,5338
3845,6582
3845,23396
3845,7249
3845,5894
5894,6009
5894,3265
5894,10000
5894,6654
5894,126969
5894,5604
5894,60482
5894,23446
5894,5130
5894,5337
5130,60482
5130,126969
5130,9468
5130,100137049
5130,2885
5130,8681
5130,8605
5130,123745
5130,5159
5130,1119
6667,2353
6667,6583
6667,10000
6667,1978
6667,3725
6667,23446
6667,60482
6667,5337
6667,1119
6667,9468
5900,5594
5900,5335
5900,6584
5900,56034
5900,5604
5900,23396
5900,5337
5900,6582
5900,5338
5900,5321
10000,204962
10000,6583
10000,57153
10000,208
10000,100137049
10000,2475
10000,6655
10000,6582
8976,5159
8976,10810
8976,207
8976,2885
8976,1120
8976,5154
8976,2475
8976,1956
8976,5295
8976,80310
3091,255189
3091,8681
3091,5291
3091,5881
3091,5602
3091,5290
3091,5337
3091,8503
3091,5293
3091,5601
4893,2475
4893,5605
4893,7249
4893,8503
4893,7454
4893,5290
4893,7248
4893,5295
4893,6009
4893,8395
7454,7249
7454,5601
7454,8395
7454,8503
7454,1956
7454,5290
7454,56034
7454,5605
7454,1120
5154,5291
5154,10810
5154,1120
5154,6581
5154,5595
5154,80310
5154,5159
5154,204962
5154,5594
5155,6199
5155,2885
5155,2353
5155,1978
5155,10163
5155,5881
5155,1950
5155,10810
5155,80310
5155,57153
5156,5296
5156,5599
5156,5338
5156,60482
5156,1119
5156,5337
5156,1956
5156,5335
5156,207
5156,5290
5159,2885
5159,1956
5159,1950
5159,9468
5159,8394
5159,1120
5159,5335
5159,80310
5159,6580
2353,1978
2353,3725
2353,57153
2353,80310
2353,5337
2353,6198
2353,5335
2353,9468
5170,5321
5170,3725
5170,5880
5170,5338
5170,3265
5170,208
5170,6582
5170,204962
5170,8394
5170,283748
6198,1119
6198,5879
6198,126969
6198,57153
6198,6667
6198,23446
6198,5296
6198,123745
6198,60482
8503,5290
8503,2475
8503,5599
8503,5295
8503,5602
8503,7249
8503,5604
6199,8681
6199,5602
6199,5601
6199,255189
6199,5337
6199,5881
6199,5594
6199,3091
6199,100137049
10810,5291
10810,8681
10810,10163
10810,1120
10810,5881
10810,6581
10810,2475
10810,8936
57153,80310
57153,6581
57153,9468
57153,5338
57153,6655
57153,1119
57153,5296
60482,126969
60482,123745
60482,6584
60482,1119
60482,5337
60482,5604
60482,100137049
2885,9468
2885,23396
2885,1950
2885,6580
2885,8394
2885,100137049
7248,7249
7248,8395
7248,1120
7248,204962
7248,5296
7248,5605
7248,5290
7248,6580
7248,5595
7249,8395
7249,6009
7249,5290
7249,1120
7249,56034
7249,6580
100137049,5321
100137049,6584
100137049,9468
100137049,5335
100137049,283748
100137049,8681
100137049,204962
100137049,6667
126969,6583
126969,1119
126969,123745
126969,23446
126969,6654
126969,8605
1119,5296
1119,123745
1119,6583
80736,56034
80736,6581
80736,5296
80736,5605
80736,6655
80736,23446
80736,5879
80736,8503
80736,7249
1120,1956
1120,208
1120,6580
1120,8394
1120,8936
123745,255189
123745,8605
123745,5594
123745,5595
123745,5879
123745,6581
23396,9468
23396,1950
23396,8936
23396,8394
23396,5335
23396,1956
23396,80310
23396,57153
283748,5601
283748,5321
283748,5293
283748,6580
283748,5604
283748,8681
283748,204962
283748,7454
6009,8395
6009,56034
6009,5880
6009,7248
6009,80736
6009,3265
3725,6583
3725,5338
3725,1978
3725,5321
3725,5900
3725,5293
3725,6582
23446,5879
23446,2475
23446,60482
23446,10163
23446,6584
23446,5130
8605,255189
8605,10163
8605,5293
8605,60482
8605,100137049
8605,8681
8605,5337
1950,1956
1950,9468
1950,6580
1950,8394
1950,80310
1950,208
1950,1120
204962,208
204962,5291
204962,6580
204962,1950
204962,6582
204962,5290
1956,5338
1956,8394
1956,208
1956,5335
5290,5602
5290,5295
5290,6584
5290,5337
5290,5599
5291,6581
5291,8681
5291,8503
5291,8976
5291,5293
5291,5595
2475,207
2475,5295
2475,5296
2475,6584
2475,57153
2475,5594
5293,6580
5293,5604
5293,5602
5293,5321
5293,1978
5293,204962
5293,5601
5295,6655
5295,5599
5295,5337
5295,6584
5295,207
5295,5602
5296,5599
5296,6655
5296,8395
5296,5338
5296,6582
10163,5881
10163,8681
10163,5879
10163,5602
10163,5130
10163,255189
6580,208
6580,9468
6580,5601
6581,9468
6581,5595
6581,80310
6581,8681
6581,255189
80310,5335
80310,9468
80310,8394
80310,5338
6582,5338
6582,207
6582,208
6582,6655
6582,5594
6582,6583
6583,5338
6583,5880
6583,3265
6583,6654
6584,5335
6584,6581
6584,8936
1978,5337
1978,5335
1978,23396
1978,2885
1978,100137049
3265,5880
3265,6654
3265,5604
3265,208
3265,5337
3265,5601
3265,204962
5321,5335
5321,9468
5321,5338
5321,208
5321,6582
5321,204962
8394,9468
8394,5338
8394,208
8395,5595
8395,5605
8395,5156
8395,5894
207,5599
207,1120
207,5594
207,5296
207,5604
208,5338
208,5880
255189,8681
255189,5602
255189,5601
255189,100137049
5335,5338
5335,9468
5335,5599
5337,5602
5337,5604
5337,6654
5337,5338
5594,60482
5594,5595
5594,57153
5594,5130
5595,5880
5595,8936
5595,1120
5595,283748
5338,5599
5599,6655
5599,5604
5601,5602
5601,8681
5602,8681
56034,6655
56034,5296
56034,5880
56034,5605
5604,6654
5605,5296
5605,8503
5605,7249
5605,2475
8936,9468
8936,6580
8936,5338
8936,57153
8936,5900
8681,5881
5879,6581
5879,6654
5879,255189
5879,5881
5879,8605
5880,6580
5880,204962
5880,283748
5881,1119
5881,6581
5881,8976
6654,5602
6654,23446
6654,8605
6655,5335
6655,5338
6655,5604
