23305,2180
23305,4199
23305,5106
23305,1375
23305,126129
23305,1593
23305,8310
23305,6258
23305,23205
23305,2170
729359,3611
729359,4973
729359,116519
729359,30
729359,2167
729359,51129
729359,33
729359,6258
729359,4199
729359,6319
3611,4199
3611,116519
3611,4973
3611,33
3611,2170
3611,51129
3611,5106
3611,1622
3611,1962
30,4973
30,1962
30,116519
30,6319
30,5360
30,9370
30,3611
30,2180
30,33
33,8310
33,2170
33,6256
33,10999
33,51129
33,5106
33,6258
34,116519
34,345
34,2167
34,2710
34,23205
34,9370
34,3158
34,2712
34,6319
34,4312
116519,2167
116519,1962
116519,9415
116519,1374
116519,345
116519,9370
10999,6256
10999,440503
10999,81616
10999,948
10999,1622
10999,1375
10999,729359
10999,6342
10999,30
1581,2182
1581,1582
1581,51
1581,79966
1581,5105
1581,7316
1581,8309
1581,2710
1581,5170
1581,376497
1582,5360
1582,2181
1582,376497
1582,2712
1582,9370
1582,6342
1582,10062
1582,1374
1582,1593
5170,10062
5170,51
5170,440503
5170,5346
5170,2712
5170,6258
5170,79966
5170,5105
5170,8309
51,2182
51,79966
51,10062
51,5105
51,2712
51,376497
51,2710
51,81616
1593,2181
1593,2180
1593,9370
1593,4023
1593,51703
1593,3158
1593,126129
1593,2712
10062,2712
10062,6258
10062,5465
10062,5346
10062,8309
10062,10580
10062,364
335,123
335,364
335,345
335,2182
335,6319
335,10580
335,34
335,1581
335,5467
335,1376
336,6319
336,4023
336,4973
336,4199
336,5468
336,8310
336,23305
336,1593
336,126129
336,30
10580,123
10580,364
10580,1962
10580,5346
10580,5106
10580,440503
10580,6258
10580,30
10580,729359
10580,9415
3158,7350
3158,23205
3158,1376
3158,6319
3158,4023
3158,4312
3158,126129
3158,30
1622,6256
1622,51129
1622,1374
1622,1962
1622,7316
1622,2167
1622,5467
1622,6342
5465,5346
5465,51129
5465,364
5465,6342
5465,123
5465,5467
5465,10580
5465,9415
5465,5106
345,2167
345,9370
345,2710
345,123
345,364
345,6319
345,729359
5467,6342
5467,1375
5467,7316
5467,126129
5467,4023
5467,1374
5467,1376
5467,7350
5468,4023
5468,6319
5468,1593
5468,4312
5468,51703
5468,1376
5468,34
5468,335
5468,3158
79966,5346
79966,948
79966,376497
79966,2712
79966,51129
79966,10062
79966,10999
1374,1375
1374,7350
1374,1376
1374,9415
1374,6342
1374,51129
1375,126129
1375,440503
1375,6342
1375,5106
1375,7316
1375,9415
1375,2170
1376,5105
1376,6319
1376,7316
1376,1622
1376,1593
1376,116519
1376,9415
4199,2180
4199,5106
4199,23205
4199,4973
4199,1962
4199,6319
364,8309
364,123
364,9415
364,5467
364,5346
364,4312
4973,5360
4973,2170
4973,1962
4973,2181
4973,6319
6256,1962
6256,6342
6256,1375
6256,51129
6256,30
6256,948
6256,9415
6257,2168
6257,335
6257,81616
6257,51
6257,7316
6257,6342
6257,6256
6257,8309
6257,5465
6257,364
6258,5106
6258,4312
6258,2180
6258,126129
6258,440503
6258,8310
6258,8309
8309,6342
8309,5346
8309,5465
8309,5467
8309,4312
8310,81616
8310,948
8310,440503
8310,2170
8310,10999
8310,7316
2167,51129
2167,1962
2167,123
2167,948
2167,9415
2168,7316
2168,440503
2168,8310
2168,51703
2168,81616
2168,23305
2168,23205
2168,4199
2168,5106
2168,948
2170,5360
2170,5106
2170,2181
2170,30
123,5346
123,948
123,51129
123,2710
123,2182
2180,5106
2180,23205
2180,126129
2180,4312
2180,4973
2181,5360
2181,126129
2181,23305
2181,9370
2181,3158
2181,1375
2182,5105
2182,2710
2182,6319
2182,5170
2182,81616
2182,79966
7316,6342
7316,23305
7316,1374
7316,3158
2710,2712
2710,4312
2710,23205
2710,1582
2710,2167
2712,9370
2712,23205
2712,376497
9370,6319
9370,4973
9370,51129
23205,5106
23205,3611
23205,51129
1962,9415
6319,7350
376497,51703
376497,5360
376497,5105
376497,2170
376497,10062
126129,7350
126129,5106
126129,4023
126129,51129
126129,4312
948,51129
948,5346
948,81616
948,440503
948,23305
948,3611
7350,9415
7350,4023
7350,1375
7350,116519
7350,4312
4023,4312
4023,23305
4023,4199
440503,81616
440503,23305
440503,51129
51129,5346
6342,126129
9415,126129
9415,6258
81616,33
81616,5360
81616,7316
4312,23305
4312,6342
4312,1593
5346,5106
5360,3611
5360,440503
5360,6342
5105,8310
5105,1582
5105,2710
5105,51703
51703,2712
51703,2181
51703,9370
51703,2180
51703,6319
